 
within Inffeldgasse.Inffeldgasse25F_12.Inffeldgasse25F_12_DataBase;
record Inffeldgasse25F_12_ICT "Inffeldgasse25F_12_ICT"
  extends AixLib.DataBase.ThermalZones.ZoneBaseRecord(
    T_start = 293.15,
    withAirCap = true,
    VAir = 8.558885626369717,
    AZone = 1.6925724609375001,
    alphaRad = 5.0,
    lat = 0.88645272708792,
    nOrientations = 8,
    AWin = {0.20015558478693535, 0.0, 0.0, 0.17909947571211407, 0.02068629711192401, 0.011616498242810363, 0.03365321368768237, 0.0451176284908081},
    ATransparent = {0.20015558478693535, 0.0, 0.0, 0.17909947571211407, 0.02068629711192401, 0.011616498242810363, 0.03365321368768237, 0.0451176284908081},
    alphaWin = 2.7,
    RWin = 0.3329711411500997,
    gWin = 0.78,
    UWin= 3.001782134105591,
    ratioWinConRad = 0.030000000000000002,
    AExt = {2.504649615036516, 1.6925724609375001, 1.6925724609375001, 2.241163709586725, 0.2588582584546167, 0.1453632077411135, 0.4211199442539713, 0.5645800538174095},
    alphaExt = 2.344450405349899,
    nExt = 1,
    RExt = {0.0030655469825917265},
    RExtRem = 0.08459088893964303 ,
    CExt = {3348003.327209473},
    AInt = 8.558885626369717,
    alphaInt = 2.7000000000000006,
    nInt = 1,
    RInt = {0.002411443551806819},
    CInt = {952977.1291609122},
    AFloor = 0.0,
    alphaFloor = 0.0,
    nFloor = 1,
    RFloor = {0.00001},
    RFloorRem =  0.00001,
    CFloor = {0.00001},
    ARoof = 0.0,
    alphaRoof = 0.0,
    nRoof = 1,
    RRoof = {0.00001},
    RRoofRem = 0.00001,
    CRoof = {0.00001},
    nOrientationsRoof = 1,
    tiltRoof = {0.0},
    aziRoof = {0.0},
    wfRoof = {0.0},
    aRoof = 0.0,
    aExt = 0.5,
    TSoil = 286.15,
    alphaWallOut = 20.000000000000004,
    alphaRadWall = 5.000000000000001,
    alphaWinOut = 19.999999999999996,
    alphaRoofOut = 0.0,
    alphaRadRoof = 0.0,
    tiltExtWalls = {1.5707963267948966, 0.0, 0.0, 1.5707963267948966, 1.5707963267948966, 1.5707963267948966, 1.5707963267948966, 1.5707963267948966},
    aziExtWalls = {2.614113398931055, 0.0, 0.0, -0.5224034317144202, -0.5786104768608938, 1.0164888306657855, 1.047337224225411, -2.0933366446280344},
    wfWall = {0.2510835239834254, 0.14640379844204557, 0.0, 0.22466986146427392, 0.025949754949675823, 0.01457222049665474, 0.04221599659617428, 0.056597437275137746},
    wfWin = {0.40820695502868726, 0.0, 0.0, 0.365264110444389, 0.042188632227605015, 0.023691246890969752, 0.06863398741035397, 0.09201506799799507},
    wfGro = 0.23850740679261256,
    nrPeople = 0.05077717382812501,
    ratioConvectiveHeatPeople = 0.5,
    nrPeopleMachines = 2.5388586914062503,
    ratioConvectiveHeatMachines = 0.75,
    lightingPower = 7.1,
    ratioConvectiveHeatLighting = 0.9,
    useConstantACHrate = false,
    baseACH = 0.2,
    maxUserACH = 1.0,
    maxOverheatingACH = {3.0, 2.0},
    maxSummerACH = {1.0, 283.15, 290.15},
    winterReduction = {0.2, 273.15, 283.15},
    withAHU = false,
    minAHU = 0.0,
    maxAHU = 130.0,
    hHeat = 312.7684367240559,
    lHeat = 0,
    KRHeat = 10000,
    TNHeat = 1,
    HeaterOn = true,
    hCool = 0,
    lCool = 0.0,
    KRCool = 10000,
    TNCool = 1,
    CoolerOn = false);
end Inffeldgasse25F_12_ICT;
