 
within Inffeldgasse.Inffeldgasse25F_12.Inffeldgasse25F_12_DataBase;
record Inffeldgasse25F_12_Meeting "Inffeldgasse25F_12_Meeting"
  extends AixLib.DataBase.ThermalZones.ZoneBaseRecord(
    T_start = 293.15,
    withAirCap = true,
    VAir = 4.664242848157883,
    AZone = 0.9223828125,
    alphaRad = 4.999999999999999,
    lat = 0.88645272708792,
    nOrientations = 8,
    AWin = {0.10907661296290756, 0.0, 0.0, 0.0976018941210431, 0.01127318643701581, 0.006330516753575131, 0.018339625987837806, 0.02458726348272921},
    ATransparent = {0.10907661296290756, 0.0, 0.0, 0.0976018941210431, 0.01127318643701581, 0.006330516753575131, 0.018339625987837806, 0.02458726348272921},
    alphaWin = 2.6999999999999997,
    RWin = 0.6110020440104329,
    gWin = 0.7799999999999999,
    UWin= 3.001782134105591,
    ratioWinConRad = 0.029999999999999995,
    AExt = {1.3649316703196275, 0.9223828125000002, 0.9223828125000002, 1.2213426210281881, 0.1410671708199546, 0.07921700694338611, 0.229493157631592, 0.30767305385144933},
    alphaExt = 2.344450405349898,
    nExt = 1,
    RExt = {0.005625278713055823},
    RExtRem = 0.15522428120424497 ,
    CExt = {1824524.9739561148},
    AInt = 6.996364272236827,
    alphaInt = 2.6999999999999997,
    nInt = 1,
    RInt = {0.002949999278377008},
    CInt = {779000.3780606913},
    AFloor = 0.0,
    alphaFloor = 0.0,
    nFloor = 1,
    RFloor = {0.00001},
    RFloorRem =  0.00001,
    CFloor = {0.00001},
    ARoof = 0.0,
    alphaRoof = 0.0,
    nRoof = 1,
    RRoof = {0.00001},
    RRoofRem = 0.00001,
    CRoof = {0.00001},
    nOrientationsRoof = 1,
    tiltRoof = {0.0},
    aziRoof = {0.0},
    wfRoof = {0.0},
    aRoof = 0.0,
    aExt = 0.5,
    TSoil = 286.15,
    alphaWallOut = 19.999999999999996,
    alphaRadWall = 4.999999999999999,
    alphaWinOut = 19.999999999999996,
    alphaRoofOut = 0.0,
    alphaRadRoof = 0.0,
    tiltExtWalls = {1.5707963267948966, 0.0, 0.0, 1.5707963267948966, 1.5707963267948966, 1.5707963267948966, 1.5707963267948966, 1.5707963267948966},
    aziExtWalls = {2.614113398931055, 0.0, 0.0, -0.5224034317144202, -0.5786104768608938, 1.0164888306657855, 1.047337224225411, -2.0933366446280344},
    wfWall = {0.25108352398342537, 0.1464037984420456, 0.0, 0.22466986146427395, 0.02594975494967582, 0.01457222049665474, 0.042215996596174275, 0.056597437275137746},
    wfWin = {0.4082069550286872, 0.0, 0.0, 0.36526411044438895, 0.04218863222760501, 0.02369124689096975, 0.068633987410354, 0.09201506799799504},
    wfGro = 0.2385074067926125,
    nrPeople = 0.221371875,
    ratioConvectiveHeatPeople = 0.5,
    nrPeopleMachines = 0.01844765625,
    ratioConvectiveHeatMachines = 0.75,
    lightingPower = 15.9,
    ratioConvectiveHeatLighting = 0.9,
    useConstantACHrate = false,
    baseACH = 0.2,
    maxUserACH = 1.0,
    maxOverheatingACH = {3.0, 2.0},
    maxSummerACH = {1.0, 283.15, 290.15},
    winterReduction = {0.2, 273.15, 283.15},
    withAHU = false,
    minAHU = 0.0,
    maxAHU = 12.0,
    hHeat = 170.4460145635182,
    lHeat = 0,
    KRHeat = 10000,
    TNHeat = 1,
    HeaterOn = true,
    hCool = 0,
    lCool = 0.0,
    KRCool = 10000,
    TNCool = 1,
    CoolerOn = false);
end Inffeldgasse25F_12_Meeting;
