 
within Inffeldgasse.Inffeldgasse25F_12.Inffeldgasse25F_12_DataBase;
record Inffeldgasse25F_12_Laboratory "Inffeldgasse25F_12_Laboratory"
  extends AixLib.DataBase.ThermalZones.ZoneBaseRecord(
    T_start = 293.15,
    withAirCap = true,
    VAir = 60.09876909851433,
    AZone = 11.8849025390625,
    alphaRad = 5.0,
    lat = 0.88645272708792,
    nOrientations = 8,
    AWin = {1.4054521580270636, 0.0, 0.0, 1.2576004057496402, 0.1452550072409487, 0.08156870836981554, 0.23630608085329008, 0.3168068899749658},
    ATransparent = {1.4054521580270636, 0.0, 0.0, 1.2576004057496402, 0.1452550072409487, 0.08156870836981554, 0.23630608085329008, 0.3168068899749658},
    alphaWin = 2.7000000000000006,
    RWin = 0.04741963865040224,
    gWin = 0.7800000000000001,
    UWin= 3.0017821341055915,
    ratioWinConRad = 0.03,
    AExt = {17.587144572068397, 11.8849025390625, 11.8849025390625, 15.736999671948201, 1.8176504960151147, 1.0207111344655297, 2.9570193360830626, 3.964367298875924},
    alphaExt = 2.3444504053498982,
    nExt = 1,
    RExt = {0.00043657576352780866},
    RExtRem = 0.012046898036805977 ,
    CExt = {23509004.289424554},
    AInt = 30.049384549257166,
    alphaInt = 2.7000000000000006,
    nInt = 1,
    RInt = {0.000686845000786265},
    CInt = {4462226.460072368},
    AFloor = 0.0,
    alphaFloor = 0.0,
    nFloor = 1,
    RFloor = {0.00001},
    RFloorRem =  0.00001,
    CFloor = {0.00001},
    ARoof = 0.0,
    alphaRoof = 0.0,
    nRoof = 1,
    RRoof = {0.00001},
    RRoofRem = 0.00001,
    CRoof = {0.00001},
    nOrientationsRoof = 1,
    tiltRoof = {0.0},
    aziRoof = {0.0},
    wfRoof = {0.0},
    aRoof = 0.0,
    aExt = 0.5,
    TSoil = 286.15,
    alphaWallOut = 19.999999999999996,
    alphaRadWall = 5.0,
    alphaWinOut = 20.0,
    alphaRoofOut = 0.0,
    alphaRadRoof = 0.0,
    tiltExtWalls = {1.5707963267948966, 0.0, 0.0, 1.5707963267948966, 1.5707963267948966, 1.5707963267948966, 1.5707963267948966, 1.5707963267948966},
    aziExtWalls = {2.614113398931055, 0.0, 0.0, -0.5224034317144202, -0.5786104768608938, 1.0164888306657855, 1.047337224225411, -2.0933366446280344},
    wfWall = {0.2510835239834253, 0.14640379844204557, 0.0, 0.22466986146427384, 0.025949754949675816, 0.014572220496654733, 0.04221599659617426, 0.056597437275137746},
    wfWin = {0.4082069550286873, 0.0, 0.0, 0.365264110444389, 0.04218863222760501, 0.023691246890969752, 0.06863398741035397, 0.09201506799799504},
    wfGro = 0.23850740679261254,
    nrPeople = 0.71309415234375,
    ratioConvectiveHeatPeople = 0.5,
    nrPeopleMachines = 2.13928245703125,
    ratioConvectiveHeatMachines = 0.75,
    lightingPower = 14.0,
    ratioConvectiveHeatLighting = 0.9,
    useConstantACHrate = false,
    baseACH = 0.2,
    maxUserACH = 1.0,
    maxOverheatingACH = {3.0, 2.0},
    maxSummerACH = {1.0, 283.15, 290.15},
    winterReduction = {0.2, 273.15, 283.15},
    withAHU = false,
    minAHU = 24.0,
    maxAHU = 48.0,
    hHeat = 2196.1968976509315,
    lHeat = 0,
    KRHeat = 10000,
    TNHeat = 1,
    HeaterOn = true,
    hCool = 0,
    lCool = 0.0,
    KRCool = 10000,
    TNCool = 1,
    CoolerOn = false);
end Inffeldgasse25F_12_Laboratory;
