 
within Inffeldgasse.Inffeldgasse25F_12.Inffeldgasse25F_12_DataBase;
record Inffeldgasse25F_12_Storage "Inffeldgasse25F_12_Storage"
  extends AixLib.DataBase.ThermalZones.ZoneBaseRecord(
    T_start = 293.15,
    withAirCap = true,
    VAir = 5.317236846899987,
    AZone = 1.05151640625,
    alphaRad = 5.0,
    lat = 0.88645272708792,
    nOrientations = 8,
    AWin = {0.1243473387777146, 0.0, 0.0, 0.11126615929798911, 0.01285143253819802, 0.007216789099075647, 0.020907173626135093, 0.028029480370311294},
    ATransparent = {0.1243473387777146, 0.0, 0.0, 0.11126615929798911, 0.01285143253819802, 0.007216789099075647, 0.020907173626135093, 0.028029480370311294},
    alphaWin = 2.7,
    RWin = 0.5359667052723096,
    gWin = 0.78,
    UWin= 3.001782134105591,
    ratioWinConRad = 0.029999999999999992,
    AExt = {1.556022104164375, 1.05151640625, 1.05151640625, 1.3923305879721342, 0.16081657473474822, 0.09030738791546014, 0.2616221997000149, 0.3507472813906522},
    alphaExt = 2.3444504053498982,
    nExt = 1,
    RExt = {0.004934455011452469},
    RExtRem = 0.1361616501791623 ,
    CExt = {2079958.4703099728},
    AInt = 13.29309211724997,
    alphaInt = 2.7,
    nInt = 1,
    RInt = {0.0015526311991457935},
    CInt = {1480100.718315313},
    AFloor = 0.0,
    alphaFloor = 0.0,
    nFloor = 1,
    RFloor = {0.00001},
    RFloorRem =  0.00001,
    CFloor = {0.00001},
    ARoof = 0.0,
    alphaRoof = 0.0,
    nRoof = 1,
    RRoof = {0.00001},
    RRoofRem = 0.00001,
    CRoof = {0.00001},
    nOrientationsRoof = 1,
    tiltRoof = {0.0},
    aziRoof = {0.0},
    wfRoof = {0.0},
    aRoof = 0.0,
    aExt = 0.5,
    TSoil = 286.15,
    alphaWallOut = 20.000000000000004,
    alphaRadWall = 5.0,
    alphaWinOut = 19.999999999999996,
    alphaRoofOut = 0.0,
    alphaRadRoof = 0.0,
    tiltExtWalls = {1.5707963267948966, 0.0, 0.0, 1.5707963267948966, 1.5707963267948966, 1.5707963267948966, 1.5707963267948966, 1.5707963267948966},
    aziExtWalls = {2.614113398931055, 0.0, 0.0, -0.5224034317144202, -0.5786104768608938, 1.0164888306657855, 1.047337224225411, -2.0933366446280344},
    wfWall = {0.25108352398342537, 0.1464037984420456, 0.0, 0.2246698614642739, 0.025949754949675816, 0.014572220496654735, 0.042215996596174275, 0.056597437275137746},
    wfWin = {0.40820695502868726, 0.0, 0.0, 0.36526411044438883, 0.042188632227605, 0.02369124689096975, 0.06863398741035398, 0.09201506799799505},
    wfGro = 0.2385074067926125,
    nrPeople = 0.0,
    ratioConvectiveHeatPeople = 0.5,
    nrPeopleMachines = 0.0,
    ratioConvectiveHeatMachines = 0.75,
    lightingPower = 11.3,
    ratioConvectiveHeatLighting = 0.9,
    useConstantACHrate = false,
    baseACH = 0.2,
    maxUserACH = 1.0,
    maxOverheatingACH = {3.0, 2.0},
    maxSummerACH = {1.0, 283.15, 290.15},
    winterReduction = {0.2, 273.15, 283.15},
    withAHU = false,
    minAHU = 0.0,
    maxAHU = 0.5,
    hHeat = 194.30845660241073,
    lHeat = 0,
    KRHeat = 10000,
    TNHeat = 1,
    HeaterOn = true,
    hCool = 0,
    lCool = 0.0,
    KRCool = 10000,
    TNCool = 1,
    CoolerOn = false);
end Inffeldgasse25F_12_Storage;
