 
within Inffeldgasse.Inffeldgasse25F_12.Inffeldgasse25F_12_DataBase;
record Inffeldgasse25F_12_Restroom "Inffeldgasse25F_12_Restroom"
  extends AixLib.DataBase.ThermalZones.ZoneBaseRecord(
    T_start = 293.15,
    withAirCap = true,
    VAir = 6.8564369867920885,
    AZone = 1.3559027343749999,
    alphaRad = 4.999999999999999,
    lat = 0.88645272708792,
    nOrientations = 8,
    AWin = {0.16034262105547406, 0.0, 0.0, 0.14347478435793332, 0.016571584062413235, 0.00930585962775544, 0.026959250202121567, 0.03614327731961193},
    ATransparent = {0.16034262105547406, 0.0, 0.0, 0.14347478435793332, 0.016571584062413235, 0.00930585962775544, 0.026959250202121567, 0.03614327731961193},
    alphaWin = 2.7,
    RWin = 0.4156476489866891,
    gWin = 0.78,
    UWin= 3.0017821341055915,
    ratioWinConRad = 0.03,
    AExt = {2.006449555369852, 1.3559027343749999, 1.3559027343749999, 1.7953736529114361, 0.2073687411053332, 0.11644900020677755, 0.33735494171844016, 0.4522793891616304},
    alphaExt = 2.3444504053498982,
    nExt = 1,
    RExt = {0.0038267202129631367},
    RExtRem = 0.10559474911853402 ,
    CExt = {2682051.7117154934},
    AInt = 17.14109246698022,
    alphaInt = 2.6999999999999997,
    nInt = 1,
    RInt = {0.0012040813381130652},
    CInt = {1908550.926248693},
    AFloor = 0.0,
    alphaFloor = 0.0,
    nFloor = 1,
    RFloor = {0.00001},
    RFloorRem =  0.00001,
    CFloor = {0.00001},
    ARoof = 0.0,
    alphaRoof = 0.0,
    nRoof = 1,
    RRoof = {0.00001},
    RRoofRem = 0.00001,
    CRoof = {0.00001},
    nOrientationsRoof = 1,
    tiltRoof = {0.0},
    aziRoof = {0.0},
    wfRoof = {0.0},
    aRoof = 0.0,
    aExt = 0.5,
    TSoil = 286.15,
    alphaWallOut = 20.0,
    alphaRadWall = 4.999999999999998,
    alphaWinOut = 20.0,
    alphaRoofOut = 0.0,
    alphaRadRoof = 0.0,
    tiltExtWalls = {1.5707963267948966, 0.0, 0.0, 1.5707963267948966, 1.5707963267948966, 1.5707963267948966, 1.5707963267948966, 1.5707963267948966},
    aziExtWalls = {2.614113398931055, 0.0, 0.0, -0.5224034317144202, -0.5786104768608938, 1.0164888306657855, 1.047337224225411, -2.0933366446280344},
    wfWall = {0.2510835239834253, 0.14640379844204557, 0.0, 0.2246698614642739, 0.025949754949675816, 0.014572220496654735, 0.04221599659617426, 0.05659743727513773},
    wfWin = {0.40820695502868726, 0.0, 0.0, 0.365264110444389, 0.042188632227604994, 0.023691246890969752, 0.06863398741035398, 0.09201506799799503},
    wfGro = 0.23850740679261256,
    nrPeople = 0.0,
    ratioConvectiveHeatPeople = 0.5,
    nrPeopleMachines = 0.0,
    ratioConvectiveHeatMachines = 0.75,
    lightingPower = 11.1,
    ratioConvectiveHeatLighting = 0.9,
    useConstantACHrate = false,
    baseACH = 0.2,
    maxUserACH = 1.0,
    maxOverheatingACH = {3.0, 2.0},
    maxSummerACH = {1.0, 283.15, 290.15},
    winterReduction = {0.2, 273.15, 283.15},
    withAHU = false,
    minAHU = 0.0,
    maxAHU = 8.0,
    hHeat = 250.55564140837168,
    lHeat = 0,
    KRHeat = 10000,
    TNHeat = 1,
    HeaterOn = true,
    hCool = 0,
    lCool = 0.0,
    KRCool = 10000,
    TNCool = 1,
    CoolerOn = false);
end Inffeldgasse25F_12_Restroom;
