 
within Inffeldgasse.Inffeldgasse25F_12.Inffeldgasse25F_12_DataBase;
record Inffeldgasse25F_12_Office "Inffeldgasse25F_12_Office"
  extends AixLib.DataBase.ThermalZones.ZoneBaseRecord(
    T_start = 293.15,
    withAirCap = true,
    VAir = 76.4935827097893,
    AZone = 15.127078125,
    alphaRad = 5.000000000000001,
    lat = 0.88645272708792,
    nOrientations = 8,
    AWin = {1.7888564525916837, 0.0, 0.0, 1.6006710635851067, 0.18488025756705925, 0.10382047475863213, 0.30076986620053997, 0.403231121116759},
    ATransparent = {1.7888564525916837, 0.0, 0.0, 1.6006710635851067, 0.18488025756705925, 0.10382047475863213, 0.30076986620053997, 0.403231121116759},
    alphaWin = 2.6999999999999997,
    RWin = 0.0372562221957581,
    gWin = 0.78,
    UWin= 3.0017821341055915,
    ratioWinConRad = 0.030000000000000002,
    AExt = {22.38487939324189, 15.127078125, 15.127078125, 20.030018984862284, 2.313501601447255, 1.299158913871532, 3.7636877851581088, 5.045838083163769},
    alphaExt = 2.3444504053498987,
    nExt = 1,
    RExt = {0.00034300479957657406},
    RExtRem = 0.00946489519538079 ,
    CExt = {29922209.57288031},
    AInt = 267.72753948426254,
    alphaInt = 2.7000000000000006,
    nInt = 1,
    RInt = {7.709057347675107e-05},
    CInt = {29809747.800455786},
    AFloor = 0.0,
    alphaFloor = 0.0,
    nFloor = 1,
    RFloor = {0.00001},
    RFloorRem =  0.00001,
    CFloor = {0.00001},
    ARoof = 0.0,
    alphaRoof = 0.0,
    nRoof = 1,
    RRoof = {0.00001},
    RRoofRem = 0.00001,
    CRoof = {0.00001},
    nOrientationsRoof = 1,
    tiltRoof = {0.0},
    aziRoof = {0.0},
    wfRoof = {0.0},
    aRoof = 0.0,
    aExt = 0.5,
    TSoil = 286.15,
    alphaWallOut = 20.0,
    alphaRadWall = 5.000000000000001,
    alphaWinOut = 20.0,
    alphaRoofOut = 0.0,
    alphaRadRoof = 0.0,
    tiltExtWalls = {1.5707963267948966, 0.0, 0.0, 1.5707963267948966, 1.5707963267948966, 1.5707963267948966, 1.5707963267948966, 1.5707963267948966},
    aziExtWalls = {2.614113398931055, 0.0, 0.0, -0.5224034317144202, -0.5786104768608938, 1.0164888306657855, 1.047337224225411, -2.0933366446280344},
    wfWall = {0.25108352398342537, 0.1464037984420456, 0.0, 0.22466986146427392, 0.025949754949675816, 0.014572220496654738, 0.04221599659617427, 0.056597437275137746},
    wfWin = {0.4082069550286872, 0.0, 0.0, 0.365264110444389, 0.042188632227605, 0.023691246890969755, 0.068633987410354, 0.09201506799799504},
    wfGro = 0.23850740679261262,
    nrPeople = 0.7563539062500001,
    ratioConvectiveHeatPeople = 0.5,
    nrPeopleMachines = 1.05889546875,
    ratioConvectiveHeatMachines = 0.75,
    lightingPower = 12.5,
    ratioConvectiveHeatLighting = 0.9,
    useConstantACHrate = false,
    baseACH = 0.2,
    maxUserACH = 1.0,
    maxOverheatingACH = {3.0, 2.0},
    maxSummerACH = {1.0, 283.15, 290.15},
    winterReduction = {0.2, 273.15, 283.15},
    withAHU = false,
    minAHU = 0.0,
    maxAHU = 2.6,
    hHeat = 2795.314638841698,
    lHeat = 0,
    KRHeat = 10000,
    TNHeat = 1,
    HeaterOn = true,
    hCool = 0,
    lCool = 0.0,
    KRCool = 10000,
    TNCool = 1,
    CoolerOn = false);
end Inffeldgasse25F_12_Office;
