 
within Inffeldgasse.Inffeldgasse25F_12.Inffeldgasse25F_12_DataBase;
record Inffeldgasse25F_12_Meeting "Inffeldgasse25F_12_Meeting"
  extends AixLib.DataBase.ThermalZones.ZoneBaseRecord(
    T_start = 293.15,
    withAirCap = true,
    VAir = 13.083201189082864,
    AZone = 2.5872837890625,
    alphaRad = 5.0,
    lat = 0.88645272708792,
    nOrientations = 8,
    AWin = {0.30595989936095563, 0.0, 0.0, 0.27377331300952584, 0.031621287955829344, 0.01775709949377824, 0.05144265089588504, 0.06896727406905542},
    ATransparent = {0.30595989936095563, 0.0, 0.0, 0.27377331300952584, 0.031621287955829344, 0.01775709949377824, 0.05144265089588504, 0.06896727406905542},
    alphaWin = 2.7,
    RWin = 0.21782604064543062,
    gWin = 0.78,
    UWin= 3.0017821341055906,
    ratioWinConRad = 0.03,
    AExt = {3.8286333352465545, 2.5872837890625, 2.5872837890625, 3.425866051984067, 0.3956934141499726, 0.222203704476198, 0.6437283071566156, 0.8630229160533153},
    alphaExt = 2.3444504053498982,
    nExt = 1,
    RExt = {0.0020054469565261375},
    RExtRem = 0.055338424671745094 ,
    CExt = {5117792.551946906},
    AInt = 26.16640237816573,
    alphaInt = 2.7,
    nInt = 1,
    RInt = {0.0007887698605286118},
    CInt = {2913461.413946986},
    AFloor = 0.0,
    alphaFloor = 0.0,
    nFloor = 1,
    RFloor = {0.00001},
    RFloorRem =  0.00001,
    CFloor = {0.00001},
    ARoof = 0.0,
    alphaRoof = 0.0,
    nRoof = 1,
    RRoof = {0.00001},
    RRoofRem = 0.00001,
    CRoof = {0.00001},
    nOrientationsRoof = 1,
    tiltRoof = {0.0},
    aziRoof = {0.0},
    wfRoof = {0.0},
    aRoof = 0.0,
    aExt = 0.5,
    TSoil = 286.15,
    alphaWallOut = 20.0,
    alphaRadWall = 4.999999999999999,
    alphaWinOut = 20.0,
    alphaRoofOut = 0.0,
    alphaRadRoof = 0.0,
    tiltExtWalls = {1.5707963267948966, 0.0, 0.0, 1.5707963267948966, 1.5707963267948966, 1.5707963267948966, 1.5707963267948966, 1.5707963267948966},
    aziExtWalls = {2.614113398931055, 0.0, 0.0, -0.5224034317144202, -0.5786104768608938, 1.0164888306657855, 1.047337224225411, -2.0933366446280344},
    wfWall = {0.25108352398342537, 0.1464037984420456, 0.0, 0.2246698614642739, 0.025949754949675823, 0.014572220496654738, 0.04221599659617428, 0.05659743727513775},
    wfWin = {0.4082069550286873, 0.0, 0.0, 0.365264110444389, 0.04218863222760502, 0.023691246890969752, 0.068633987410354, 0.09201506799799507},
    wfGro = 0.23850740679261256,
    nrPeople = 0.620948109375,
    ratioConvectiveHeatPeople = 0.5,
    nrPeopleMachines = 0.05174567578125,
    ratioConvectiveHeatMachines = 0.75,
    lightingPower = 15.9,
    ratioConvectiveHeatLighting = 0.9,
    useConstantACHrate = false,
    baseACH = 0.2,
    maxUserACH = 1.0,
    maxOverheatingACH = {3.0, 2.0},
    maxSummerACH = {1.0, 283.15, 290.15},
    winterReduction = {0.2, 273.15, 283.15},
    withAHU = false,
    minAHU = 0.0,
    maxAHU = 12.0,
    hHeat = 478.10107085066846,
    lHeat = 0,
    KRHeat = 10000,
    TNHeat = 1,
    HeaterOn = true,
    hCool = 0,
    lCool = 0.0,
    KRCool = 10000,
    TNCool = 1,
    CoolerOn = false);
end Inffeldgasse25F_12_Meeting;
