 
within Inffeldgasse.Inffeldgasse25F_12.Inffeldgasse25F_12_DataBase;
record Inffeldgasse25F_12_Storage "Inffeldgasse25F_12_Storage"
  extends AixLib.DataBase.ThermalZones.ZoneBaseRecord(
    T_start = 293.15,
    withAirCap = true,
    VAir = 209.89092816710476,
    AZone = 41.5072265625,
    alphaRad = 5.0,
    lat = 0.88645272708792,
    nOrientations = 8,
    AWin = {4.908447583330841, 0.0, 0.0, 4.392085235446939, 0.5072933896657115, 0.28487325391088086, 0.8252831694527013, 1.1064268567228146},
    ATransparent = {4.908447583330841, 0.0, 0.0, 4.392085235446939, 0.5072933896657115, 0.28487325391088086, 0.8252831694527013, 1.1064268567228146},
    alphaWin = 2.7000000000000006,
    RWin = 0.013577823200231837,
    gWin = 0.7800000000000001,
    UWin= 3.0017821341055915,
    ratioWinConRad = 0.030000000000000006,
    AExt = {61.42192516438323, 41.50722656250001, 41.50722656250001, 54.960417946268464, 6.3480226868979575, 3.564765312452375, 10.32719209342164, 13.845287423315222},
    alphaExt = 2.3444504053498982,
    nExt = 1,
    RExt = {0.00012500619362346266},
    RExtRem = 0.003449428471205444 ,
    CExt = {82103623.8280252},
    AInt = 419.7818563342096,
    alphaInt = 2.7,
    nInt = 1,
    RInt = {4.9166654639616803e-05},
    CInt = {46740022.68364148},
    AFloor = 0.0,
    alphaFloor = 0.0,
    nFloor = 1,
    RFloor = {0.00001},
    RFloorRem =  0.00001,
    CFloor = {0.00001},
    ARoof = 0.0,
    alphaRoof = 0.0,
    nRoof = 1,
    RRoof = {0.00001},
    RRoofRem = 0.00001,
    CRoof = {0.00001},
    nOrientationsRoof = 1,
    tiltRoof = {0.0},
    aziRoof = {0.0},
    wfRoof = {0.0},
    aRoof = 0.0,
    aExt = 0.5,
    TSoil = 286.15,
    alphaWallOut = 20.0,
    alphaRadWall = 4.999999999999999,
    alphaWinOut = 20.0,
    alphaRoofOut = 0.0,
    alphaRadRoof = 0.0,
    tiltExtWalls = {1.5707963267948966, 0.0, 0.0, 1.5707963267948966, 1.5707963267948966, 1.5707963267948966, 1.5707963267948966, 1.5707963267948966},
    aziExtWalls = {2.614113398931055, 0.0, 0.0, -0.5224034317144202, -0.5786104768608938, 1.0164888306657855, 1.047337224225411, -2.0933366446280344},
    wfWall = {0.25108352398342537, 0.14640379844204557, 0.0, 0.22466986146427395, 0.025949754949675823, 0.014572220496654737, 0.04221599659617428, 0.056597437275137746},
    wfWin = {0.4082069550286873, 0.0, 0.0, 0.3652641104443889, 0.042188632227605015, 0.023691246890969752, 0.068633987410354, 0.09201506799799508},
    wfGro = 0.23850740679261254,
    nrPeople = 0.0,
    ratioConvectiveHeatPeople = 0.5,
    nrPeopleMachines = 0.0,
    ratioConvectiveHeatMachines = 0.75,
    lightingPower = 11.3,
    ratioConvectiveHeatLighting = 0.9,
    useConstantACHrate = false,
    baseACH = 0.2,
    maxUserACH = 1.0,
    maxOverheatingACH = {3.0, 2.0},
    maxSummerACH = {1.0, 283.15, 290.15},
    winterReduction = {0.2, 273.15, 283.15},
    withAHU = false,
    minAHU = 0.0,
    maxAHU = 0.5,
    hHeat = 7670.070655358319,
    lHeat = 0,
    KRHeat = 10000,
    TNHeat = 1,
    HeaterOn = true,
    hCool = 0,
    lCool = 0.0,
    KRCool = 10000,
    TNCool = 1,
    CoolerOn = false);
end Inffeldgasse25F_12_Storage;
