 
within Inffeldgasse.Inffeldgasse25F_12.Inffeldgasse25F_12_DataBase;
record Inffeldgasse25F_12_Floor "Inffeldgasse25F_12_Floor"
  extends AixLib.DataBase.ThermalZones.ZoneBaseRecord(
    T_start = 293.15,
    withAirCap = true,
    VAir = 62.804029950445894,
    AZone = 12.4198845703125,
    alphaRad = 4.999999999999999,
    lat = 0.88645272708792,
    nOrientations = 8,
    AWin = {1.46871659354555, 0.0, 0.0, 1.314209504339845, 0.15179345537441785, 0.08524040808688911, 0.246943063926236, 0.33106750279494873},
    ATransparent = {1.46871659354555, 0.0, 0.0, 1.314209504339845, 0.15179345537441785, 0.08524040808688911, 0.246943063926236, 0.33106750279494873},
    alphaWin = 2.7000000000000006,
    RWin = 0.0453770548838049,
    gWin = 0.78,
    UWin= 3.0017821341055915,
    ratioWinConRad = 0.030000000000000006,
    AExt = {18.37880494085378, 12.4198845703125, 12.4198845703125, 16.445378392144548, 1.8994694550906883, 1.0666569984926937, 3.0901253675093856, 4.142817670109764},
    alphaExt = 2.3444504053498982,
    nExt = 1,
    RExt = {0.0004177704205759982},
    RExtRem = 0.011527982265447085 ,
    CExt = {24567228.774319097},
    AInt = 408.22619467789843,
    alphaInt = 2.6999999999999997,
    nInt = 1,
    RInt = {5.055841546534334e-05},
    CInt = {45453373.7258779},
    AFloor = 0.0,
    alphaFloor = 0.0,
    nFloor = 1,
    RFloor = {0.00001},
    RFloorRem =  0.00001,
    CFloor = {0.00001},
    ARoof = 0.0,
    alphaRoof = 0.0,
    nRoof = 1,
    RRoof = {0.00001},
    RRoofRem = 0.00001,
    CRoof = {0.00001},
    nOrientationsRoof = 1,
    tiltRoof = {0.0},
    aziRoof = {0.0},
    wfRoof = {0.0},
    aRoof = 0.0,
    aExt = 0.5,
    TSoil = 286.15,
    alphaWallOut = 20.0,
    alphaRadWall = 5.0,
    alphaWinOut = 20.0,
    alphaRoofOut = 0.0,
    alphaRadRoof = 0.0,
    tiltExtWalls = {1.5707963267948966, 0.0, 0.0, 1.5707963267948966, 1.5707963267948966, 1.5707963267948966, 1.5707963267948966, 1.5707963267948966},
    aziExtWalls = {2.614113398931055, 0.0, 0.0, -0.5224034317144202, -0.5786104768608938, 1.0164888306657855, 1.047337224225411, -2.0933366446280344},
    wfWall = {0.25108352398342537, 0.1464037984420456, 0.0, 0.2246698614642739, 0.025949754949675816, 0.014572220496654737, 0.042215996596174275, 0.05659743727513774},
    wfWin = {0.40820695502868726, 0.0, 0.0, 0.365264110444389, 0.04218863222760501, 0.02369124689096976, 0.06863398741035397, 0.09201506799799505},
    wfGro = 0.2385074067926126,
    nrPeople = 0.0,
    ratioConvectiveHeatPeople = 0.5,
    nrPeopleMachines = 0.0,
    ratioConvectiveHeatMachines = 0.75,
    lightingPower = 7.0,
    ratioConvectiveHeatLighting = 0.9,
    useConstantACHrate = false,
    baseACH = 0.2,
    maxUserACH = 1.0,
    maxOverheatingACH = {3.0, 2.0},
    maxSummerACH = {1.0, 283.15, 290.15},
    winterReduction = {0.2, 273.15, 283.15},
    withAHU = false,
    minAHU = 0.0,
    maxAHU = 2.0,
    hHeat = 2295.055586097772,
    lHeat = 0,
    KRHeat = 10000,
    TNHeat = 1,
    HeaterOn = true,
    hCool = 0,
    lCool = 0.0,
    KRCool = 10000,
    TNCool = 1,
    CoolerOn = false);
end Inffeldgasse25F_12_Floor;
