 
within Inffeldgasse.Inffeldgasse25F_9.Inffeldgasse25F_9_DataBase;
record Inffeldgasse25F_9_Office "Inffeldgasse25F_9_Office"
  extends AixLib.DataBase.ThermalZones.ZoneBaseRecord(
    T_start = 293.15,
    withAirCap = true,
    VAir = 136.95518353879453,
    AZone = 15.139890625000001,
    alphaRad = 4.999999999999999,
    lat = 0.88645272708792,
    nOrientations = 8,
    AWin = {0.5712820181164199, 5.797421614900077, 0.0, 0.0, 0.8028976259866554, 0.1902739723130325, 0.35077878721516703, 5.4233826473896745},
    ATransparent = {0.5712820181164199, 5.797421614900077, 0.0, 0.0, 0.8028976259866554, 0.1902739723130325, 0.35077878721516703, 5.4233826473896745},
    alphaWin = 2.7000000000000006,
    RWin = 0.012428810171184287,
    gWin = 0.78,
    UWin= 3.001782134105591,
    ratioWinConRad = 0.03,
    AExt = {7.148745253727093, 72.54611372158745, 7.569945312500001, 7.569945312500001, 10.047070292751933, 2.3809959238090284, 4.389475094070875, 67.8655720470654},
    alphaExt = 2.6156635981760705,
    nExt = 1,
    RExt = {0.00015207671811040674},
    RExtRem = 0.004701241154282943 ,
    CExt = {72344647.54931451},
    AInt = 585.3223767607808,
    alphaInt = 2.518938693303515,
    nInt = 1,
    RInt = {0.00011045899032654622},
    CInt = {98136766.98822333},
    AFloor = 0.0,
    alphaFloor = 0.0,
    nFloor = 1,
    RFloor = {0.00001},
    RFloorRem =  0.00001,
    CFloor = {0.00001},
    ARoof = 0.0,
    alphaRoof = 0.0,
    nRoof = 1,
    RRoof = {0.00001},
    RRoofRem = 0.00001,
    CRoof = {0.00001},
    nOrientationsRoof = 1,
    tiltRoof = {0.0},
    aziRoof = {0.0},
    wfRoof = {0.0},
    aRoof = 0.0,
    aExt = 0.5,
    TSoil = 286.15,
    alphaWallOut = 20.0,
    alphaRadWall = 5.0,
    alphaWinOut = 20.0,
    alphaRoofOut = 0.0,
    alphaRadRoof = 0.0,
    tiltExtWalls = {1.5707963267948966, 1.5707963267948966, 0.0, 0.0, 1.5707963267948966, 1.5707963267948966, 1.5707963267948966, 1.5707963267948966},
    aziExtWalls = {2.6149325141237405, -2.10705164322586, 0.0, 0.0, -0.5212093850913038, 2.516722002796227, 1.0303768262243893, 1.0425590350514264},
    wfWall = {0.03937606546978499, 0.39959187550995445, 0.035977342238356046, 0.0, 0.055340354647645806, 0.01311478421060192, 0.024177705673875127, 0.3738109434905978},
    wfWin = {0.04348967901395279, 0.4413371979952214, 0.0, 0.0, 0.06112175585423129, 0.014484884379674616, 0.026703548120050286, 0.41286293463686957},
    wfGro = 0.058610928759183736,
    nrPeople = 0.7569945312500002,
    ratioConvectiveHeatPeople = 0.5,
    nrPeopleMachines = 1.05979234375,
    ratioConvectiveHeatMachines = 0.75,
    lightingPower = 12.5,
    ratioConvectiveHeatLighting = 0.9,
    useConstantACHrate = false,
    baseACH = 0.2,
    maxUserACH = 1.0,
    maxOverheatingACH = {3.0, 2.0},
    maxSummerACH = {1.0, 283.15, 290.15},
    winterReduction = {0.2, 273.15, 283.15},
    withAHU = false,
    minAHU = 0.0,
    maxAHU = 2.6,
    hHeat = 6830.318366772157,
    lHeat = 0,
    KRHeat = 10000,
    TNHeat = 1,
    HeaterOn = true,
    hCool = 0,
    lCool = 0.0,
    KRCool = 10000,
    TNCool = 1,
    CoolerOn = false);
end Inffeldgasse25F_9_Office;
