 
within Inffeldgasse.Inffeldgasse25F_9.Inffeldgasse25F_9_DataBase;
record Inffeldgasse25F_9_Storage "Inffeldgasse25F_9_Storage"
  extends AixLib.DataBase.ThermalZones.ZoneBaseRecord(
    T_start = 293.15,
    withAirCap = true,
    VAir = 375.7916621491313,
    AZone = 41.5423828125,
    alphaRad = 4.999999999999999,
    lat = 0.88645272708792,
    nOrientations = 8,
    AWin = {1.5675421228804203, 15.907559309177037, 0.0, 0.0, 2.2030727542316764, 0.5220932167125891, 0.9625027697977143, 14.881232873935081},
    ATransparent = {1.5675421228804203, 15.907559309177037, 0.0, 0.0, 2.2030727542316764, 0.5220932167125891, 0.9625027697977143, 14.881232873935081},
    alphaWin = 2.7,
    RWin = 0.0045296108179427195,
    gWin = 0.78,
    UWin= 3.0017821341055915,
    ratioWinConRad = 0.030000000000000002,
    AExt = {19.615459537665803, 199.05945838240459, 20.77119140625, 20.77119140625, 27.568180681331523, 6.533220522646724, 12.044291416657886, 186.2165086657282},
    alphaExt = 2.6156635981760705,
    nExt = 1,
    RExt = {5.542351504468154e-05},
    RExtRem = 0.001713341220672006 ,
    CExt = {198506654.86092398},
    AInt = 917.7528555482628,
    alphaInt = 2.5189386933035136,
    nInt = 1,
    RInt = {7.044828938604174e-05},
    CInt = {153872979.5982596},
    AFloor = 0.0,
    alphaFloor = 0.0,
    nFloor = 1,
    RFloor = {0.00001},
    RFloorRem =  0.00001,
    CFloor = {0.00001},
    ARoof = 0.0,
    alphaRoof = 0.0,
    nRoof = 1,
    RRoof = {0.00001},
    RRoofRem = 0.00001,
    CRoof = {0.00001},
    nOrientationsRoof = 1,
    tiltRoof = {0.0},
    aziRoof = {0.0},
    wfRoof = {0.0},
    aRoof = 0.0,
    aExt = 0.5,
    TSoil = 286.15,
    alphaWallOut = 20.0,
    alphaRadWall = 5.000000000000001,
    alphaWinOut = 20.0,
    alphaRoofOut = 0.0,
    alphaRadRoof = 0.0,
    tiltExtWalls = {1.5707963267948966, 1.5707963267948966, 0.0, 0.0, 1.5707963267948966, 1.5707963267948966, 1.5707963267948966, 1.5707963267948966},
    aziExtWalls = {2.6149325141237405, -2.10705164322586, 0.0, 0.0, -0.5212093850913038, 2.516722002796227, 1.0303768262243893, 1.0425590350514264},
    wfWall = {0.039376065469785004, 0.3995918755099545, 0.035977342238356046, 0.0, 0.055340354647645806, 0.013114784210601924, 0.024177705673875127, 0.37381094349059774},
    wfWin = {0.04348967901395277, 0.44133719799522136, 0.0, 0.0, 0.0611217558542313, 0.014484884379674616, 0.026703548120050286, 0.41286293463686957},
    wfGro = 0.05861092875918373,
    nrPeople = 0.0,
    ratioConvectiveHeatPeople = 0.5,
    nrPeopleMachines = 0.0,
    ratioConvectiveHeatMachines = 0.75,
    lightingPower = 11.3,
    ratioConvectiveHeatLighting = 0.9,
    useConstantACHrate = false,
    baseACH = 0.2,
    maxUserACH = 1.0,
    maxOverheatingACH = {3.0, 2.0},
    maxSummerACH = {1.0, 283.15, 290.15},
    winterReduction = {0.2, 273.15, 283.15},
    withAHU = false,
    minAHU = 0.0,
    maxAHU = 0.5,
    hHeat = 18741.727225899212,
    lHeat = 0,
    KRHeat = 10000,
    TNHeat = 1,
    HeaterOn = true,
    hCool = 0,
    lCool = 0.0,
    KRCool = 10000,
    TNCool = 1,
    CoolerOn = false);
end Inffeldgasse25F_9_Storage;
