 
within Inffeldgasse.Inffeldgasse25F_9.Inffeldgasse25F_9_DataBase;
record Inffeldgasse25F_9_ICT "Inffeldgasse25F_9_ICT"
  extends AixLib.DataBase.ThermalZones.ZoneBaseRecord(
    T_start = 293.15,
    withAirCap = true,
    VAir = 15.323948889859022,
    AZone = 1.6940060546875002,
    alphaRad = 4.999999999999999,
    lat = 0.88645272708792,
    nOrientations = 8,
    AWin = {0.06392088434412381, 0.6486749184964414, 0.0, 0.0, 0.08983641120033614, 0.021289801170391136, 0.0392487240573068, 0.6068236071926861},
    ATransparent = {0.06392088434412381, 0.6486749184964414, 0.0, 0.0, 0.08983641120033614, 0.021289801170391136, 0.0392487240573068, 0.6068236071926861},
    alphaWin = 2.7,
    RWin = 0.11108037428197404,
    gWin = 0.78,
    UWin= 3.0017821341055915,
    ratioWinConRad = 0.029999999999999995,
    AExt = {0.7998748500359278, 8.117202358482498, 0.8470030273437501, 0.8470030273437501, 1.1241691455609633, 0.2664102146457053, 0.49113943887927164, 7.593495408924696},
    alphaExt = 2.615663598176071,
    nExt = 1,
    RExt = {0.0013591597694881032},
    RExtRem = 0.0420165421963162 ,
    CExt = {8094660.259328789},
    AInt = 18.711960999234023,
    alphaInt = 2.5189386933035145,
    nInt = 1,
    RInt = {0.0034552294521764363},
    CInt = {3137299.08403118},
    AFloor = 0.0,
    alphaFloor = 0.0,
    nFloor = 1,
    RFloor = {0.00001},
    RFloorRem =  0.00001,
    CFloor = {0.00001},
    ARoof = 0.0,
    alphaRoof = 0.0,
    nRoof = 1,
    RRoof = {0.00001},
    RRoofRem = 0.00001,
    CRoof = {0.00001},
    nOrientationsRoof = 1,
    tiltRoof = {0.0},
    aziRoof = {0.0},
    wfRoof = {0.0},
    aRoof = 0.0,
    aExt = 0.5,
    TSoil = 286.15,
    alphaWallOut = 20.0,
    alphaRadWall = 4.999999999999999,
    alphaWinOut = 20.0,
    alphaRoofOut = 0.0,
    alphaRadRoof = 0.0,
    tiltExtWalls = {1.5707963267948966, 1.5707963267948966, 0.0, 0.0, 1.5707963267948966, 1.5707963267948966, 1.5707963267948966, 1.5707963267948966},
    aziExtWalls = {2.6149325141237405, -2.10705164322586, 0.0, 0.0, -0.5212093850913038, 2.516722002796227, 1.0303768262243893, 1.0425590350514264},
    wfWall = {0.039376065469785, 0.39959187550995456, 0.03597734223835605, 0.0, 0.055340354647645806, 0.013114784210601919, 0.02417770567387513, 0.3738109434905978},
    wfWin = {0.04348967901395278, 0.4413371979952214, 0.0, 0.0, 0.06112175585423128, 0.014484884379674616, 0.02670354812005028, 0.4128629346368695},
    wfGro = 0.05861092875918373,
    nrPeople = 0.05082018164062501,
    ratioConvectiveHeatPeople = 0.5,
    nrPeopleMachines = 2.5410090820312505,
    ratioConvectiveHeatMachines = 0.75,
    lightingPower = 7.1,
    ratioConvectiveHeatLighting = 0.9,
    useConstantACHrate = false,
    baseACH = 0.2,
    maxUserACH = 1.0,
    maxOverheatingACH = {3.0, 2.0},
    maxSummerACH = {1.0, 283.15, 290.15},
    winterReduction = {0.2, 273.15, 283.15},
    withAHU = false,
    minAHU = 0.0,
    maxAHU = 130.0,
    hHeat = 764.2459879894457,
    lHeat = 0,
    KRHeat = 10000,
    TNHeat = 1,
    HeaterOn = true,
    hCool = 0,
    lCool = 0.0,
    KRCool = 10000,
    TNCool = 1,
    CoolerOn = false);
end Inffeldgasse25F_9_ICT;
