 
within Inffeldgasse.Inffeldgasse25F_9.Inffeldgasse25F_9_DataBase;
record Inffeldgasse25F_9_Laboratory "Inffeldgasse25F_9_Laboratory"
  extends AixLib.DataBase.ThermalZones.ZoneBaseRecord(
    T_start = 293.15,
    withAirCap = true,
    VAir = 107.60167926203458,
    AZone = 11.894968945312499,
    alphaRad = 5.0,
    lat = 0.88645272708792,
    nOrientations = 8,
    AWin = {0.44883956118476026, 4.554864482194358, 0.0, 0.0, 0.6308131652950032, 0.149492691052038, 0.2755966264187455, 4.260993012903411},
    ATransparent = {0.44883956118476026, 4.554864482194358, 0.0, 0.0, 0.6308131652950032, 0.149492691052038, 0.2755966264187455, 4.260993012903411},
    alphaWin = 2.6999999999999997,
    RWin = 0.015819362577215553,
    gWin = 0.78,
    UWin= 3.001782134105591,
    ratioWinConRad = 0.029999999999999992,
    AExt = {5.6165599142849745, 56.99735825016184, 5.9474844726562495, 5.9474844726562495, 7.893689068421258, 1.8706788096511784, 3.4486821089697077, 53.3199936479535},
    alphaExt = 2.6156635981760705,
    nExt = 1,
    RExt = {0.00019356291633765402},
    RExtRem = 0.005983729525047751 ,
    CExt = {56839072.175177895},
    AInt = 65.6958085763298,
    alphaInt = 2.5189386933035136,
    nInt = 1,
    RInt = {0.0009841437399679867},
    CInt = {11014740.789575415},
    AFloor = 0.0,
    alphaFloor = 0.0,
    nFloor = 1,
    RFloor = {0.00001},
    RFloorRem =  0.00001,
    CFloor = {0.00001},
    ARoof = 0.0,
    alphaRoof = 0.0,
    nRoof = 1,
    RRoof = {0.00001},
    RRoofRem = 0.00001,
    CRoof = {0.00001},
    nOrientationsRoof = 1,
    tiltRoof = {0.0},
    aziRoof = {0.0},
    wfRoof = {0.0},
    aRoof = 0.0,
    aExt = 0.5,
    TSoil = 286.15,
    alphaWallOut = 20.0,
    alphaRadWall = 5.0,
    alphaWinOut = 19.999999999999993,
    alphaRoofOut = 0.0,
    alphaRadRoof = 0.0,
    tiltExtWalls = {1.5707963267948966, 1.5707963267948966, 0.0, 0.0, 1.5707963267948966, 1.5707963267948966, 1.5707963267948966, 1.5707963267948966},
    aziExtWalls = {2.6149325141237405, -2.10705164322586, 0.0, 0.0, -0.5212093850913038, 2.516722002796227, 1.0303768262243893, 1.0425590350514264},
    wfWall = {0.039376065469785004, 0.3995918755099547, 0.03597734223835605, 0.0, 0.05534035464764582, 0.013114784210601924, 0.02417770567387513, 0.3738109434905978},
    wfWin = {0.04348967901395277, 0.4413371979952215, 0.0, 0.0, 0.061121755854231304, 0.014484884379674616, 0.026703548120050286, 0.41286293463686957},
    wfGro = 0.058610928759183736,
    nrPeople = 0.7136981367187499,
    ratioConvectiveHeatPeople = 0.5,
    nrPeopleMachines = 2.1410944101562497,
    ratioConvectiveHeatMachines = 0.75,
    lightingPower = 14.0,
    ratioConvectiveHeatLighting = 0.9,
    useConstantACHrate = false,
    baseACH = 0.2,
    maxUserACH = 1.0,
    maxOverheatingACH = {3.0, 2.0},
    maxSummerACH = {1.0, 283.15, 290.15},
    winterReduction = {0.2, 273.15, 283.15},
    withAHU = false,
    minAHU = 24.0,
    maxAHU = 48.0,
    hHeat = 5366.381229015806,
    lHeat = 0,
    KRHeat = 10000,
    TNHeat = 1,
    HeaterOn = true,
    hCool = 0,
    lCool = 0.0,
    KRCool = 10000,
    TNCool = 1,
    CoolerOn = false);
end Inffeldgasse25F_9_Laboratory;
