 
within Inffeldgasse.Inffeldgasse25F_9.Inffeldgasse25F_9_DataBase;
record Inffeldgasse25F_9_Storage "Inffeldgasse25F_9_Storage"
  extends AixLib.DataBase.ThermalZones.ZoneBaseRecord(
    T_start = 293.15,
    withAirCap = true,
    VAir = 9.520055441111326,
    AZone = 1.05240703125,
    alphaRad = 5.0,
    lat = 0.88645272708792,
    nOrientations = 8,
    AWin = {0.03971106711297064, 0.4029915024991516, 0.0, 0.0, 0.0558111764405358, 0.013226361490052258, 0.024383403501542097, 0.3769912328063554},
    ATransparent = {0.03971106711297064, 0.4029915024991516, 0.0, 0.0, 0.0558111764405358, 0.013226361490052258, 0.024383403501542097, 0.3769912328063554},
    alphaWin = 2.7,
    RWin = 0.1788004270240547,
    gWin = 0.78,
    UWin= 3.001782134105591,
    ratioWinConRad = 0.030000000000000002,
    AExt = {0.4969249749542003, 5.042839612354249, 0.526203515625, 0.526203515625, 0.6983939105937318, 0.16550825324038368, 0.3051220492219998, 4.717484886198448},
    alphaExt = 2.615663598176071,
    nExt = 1,
    RExt = {0.0021877703307111155},
    RExtRem = 0.06763189028968444 ,
    CExt = {5028835.2564767385},
    AInt = 29.062173759028315,
    alphaInt = 2.518938693303514,
    nInt = 1,
    RInt = {0.0022246828227171066},
    CInt = {4872644.3539448865},
    AFloor = 0.0,
    alphaFloor = 0.0,
    nFloor = 1,
    RFloor = {0.00001},
    RFloorRem =  0.00001,
    CFloor = {0.00001},
    ARoof = 0.0,
    alphaRoof = 0.0,
    nRoof = 1,
    RRoof = {0.00001},
    RRoofRem = 0.00001,
    CRoof = {0.00001},
    nOrientationsRoof = 1,
    tiltRoof = {0.0},
    aziRoof = {0.0},
    wfRoof = {0.0},
    aRoof = 0.0,
    aExt = 0.5,
    TSoil = 286.15,
    alphaWallOut = 20.0,
    alphaRadWall = 5.0,
    alphaWinOut = 19.999999999999996,
    alphaRoofOut = 0.0,
    alphaRadRoof = 0.0,
    tiltExtWalls = {1.5707963267948966, 1.5707963267948966, 0.0, 0.0, 1.5707963267948966, 1.5707963267948966, 1.5707963267948966, 1.5707963267948966},
    aziExtWalls = {2.6149325141237405, -2.10705164322586, 0.0, 0.0, -0.5212093850913038, 2.516722002796227, 1.0303768262243893, 1.0425590350514264},
    wfWall = {0.03937606546978499, 0.39959187550995456, 0.035977342238356046, 0.0, 0.0553403546476458, 0.013114784210601926, 0.024177705673875127, 0.3738109434905978},
    wfWin = {0.04348967901395278, 0.4413371979952215, 0.0, 0.0, 0.0611217558542313, 0.014484884379674618, 0.02670354812005029, 0.41286293463686957},
    wfGro = 0.05861092875918374,
    nrPeople = 0.0,
    ratioConvectiveHeatPeople = 0.5,
    nrPeopleMachines = 0.0,
    ratioConvectiveHeatMachines = 0.75,
    lightingPower = 11.3,
    ratioConvectiveHeatLighting = 0.9,
    useConstantACHrate = false,
    baseACH = 0.2,
    maxUserACH = 1.0,
    maxOverheatingACH = {3.0, 2.0},
    maxSummerACH = {1.0, 283.15, 290.15},
    winterReduction = {0.2, 273.15, 283.15},
    withAHU = false,
    minAHU = 0.0,
    maxAHU = 0.5,
    hHeat = 474.7904230561133,
    lHeat = 0,
    KRHeat = 10000,
    TNHeat = 1,
    HeaterOn = true,
    hCool = 0,
    lCool = 0.0,
    KRCool = 10000,
    TNCool = 1,
    CoolerOn = false);
end Inffeldgasse25F_9_Storage;
