 
within Inffeldgasse.Inffeldgasse25F_9.Inffeldgasse25F_9_DataBase;
record Inffeldgasse25F_9_ICT "Inffeldgasse25F_9_ICT"
  extends AixLib.DataBase.ThermalZones.ZoneBaseRecord(
    T_start = 293.15,
    withAirCap = true,
    VAir = 8.350925825536251,
    AZone = 0.9231640625,
    alphaRad = 5.0,
    lat = 0.88645272708792,
    nOrientations = 8,
    AWin = {0.034834269397342674, 0.35350131798171197, 0.0, 0.0, 0.04895717231625948, 0.011602071482501981, 0.02138895043994921, 0.33069406386522404},
    ATransparent = {0.034834269397342674, 0.35350131798171197, 0.0, 0.0, 0.04895717231625948, 0.011602071482501981, 0.02138895043994921, 0.33069406386522404},
    alphaWin = 2.6999999999999997,
    RWin = 0.20383248680742233,
    gWin = 0.78,
    UWin= 3.0017821341055915,
    ratioWinConRad = 0.03,
    AExt = {0.4358991008370178, 4.423543519608991, 0.46158203125, 0.46158203125, 0.6126262373629227, 0.1451826782810383, 0.2676509203701753, 4.1381446370161825},
    alphaExt = 2.615663598176071,
    nExt = 1,
    RExt = {0.002494058177010671},
    RExtRem = 0.07710035493024026 ,
    CExt = {4411258.996909422},
    AInt = 5.098626975268125,
    alphaInt = 2.5189386933035145,
    nInt = 1,
    RInt = {0.012680692089487513},
    CInt = {854849.8866569976},
    AFloor = 0.0,
    alphaFloor = 0.0,
    nFloor = 1,
    RFloor = {0.00001},
    RFloorRem =  0.00001,
    CFloor = {0.00001},
    ARoof = 0.0,
    alphaRoof = 0.0,
    nRoof = 1,
    RRoof = {0.00001},
    RRoofRem = 0.00001,
    CRoof = {0.00001},
    nOrientationsRoof = 1,
    tiltRoof = {0.0},
    aziRoof = {0.0},
    wfRoof = {0.0},
    aRoof = 0.0,
    aExt = 0.5,
    TSoil = 286.15,
    alphaWallOut = 20.0,
    alphaRadWall = 4.999999999999999,
    alphaWinOut = 19.999999999999996,
    alphaRoofOut = 0.0,
    alphaRadRoof = 0.0,
    tiltExtWalls = {1.5707963267948966, 1.5707963267948966, 0.0, 0.0, 1.5707963267948966, 1.5707963267948966, 1.5707963267948966, 1.5707963267948966},
    aziExtWalls = {2.6149325141237405, -2.10705164322586, 0.0, 0.0, -0.5212093850913038, 2.516722002796227, 1.0303768262243893, 1.0425590350514264},
    wfWall = {0.03937606546978499, 0.39959187550995456, 0.035977342238356046, 0.0, 0.0553403546476458, 0.013114784210601922, 0.024177705673875123, 0.3738109434905978},
    wfWin = {0.04348967901395278, 0.4413371979952215, 0.0, 0.0, 0.06112175585423129, 0.014484884379674615, 0.026703548120050286, 0.41286293463686957},
    wfGro = 0.05861092875918372,
    nrPeople = 0.027694921875,
    ratioConvectiveHeatPeople = 0.5,
    nrPeopleMachines = 1.38474609375,
    ratioConvectiveHeatMachines = 0.75,
    lightingPower = 7.1,
    ratioConvectiveHeatLighting = 0.9,
    useConstantACHrate = false,
    baseACH = 0.2,
    maxUserACH = 1.0,
    maxOverheatingACH = {3.0, 2.0},
    maxSummerACH = {1.0, 283.15, 290.15},
    winterReduction = {0.2, 273.15, 283.15},
    withAHU = false,
    minAHU = 0.0,
    maxAHU = 130.0,
    hHeat = 416.48282724220473,
    lHeat = 0,
    KRHeat = 10000,
    TNHeat = 1,
    HeaterOn = true,
    hCool = 0,
    lCool = 0.0,
    KRCool = 10000,
    TNCool = 1,
    CoolerOn = false);
end Inffeldgasse25F_9_ICT;
