 
within Inffeldgasse.Inffeldgasse25F_9.Inffeldgasse25F_9_DataBase;
record Inffeldgasse25F_9_Meeting "Inffeldgasse25F_9_Meeting"
  extends AixLib.DataBase.ThermalZones.ZoneBaseRecord(
    T_start = 293.15,
    withAirCap = true,
    VAir = 23.42434694062918,
    AZone = 2.5894751953124997,
    alphaRad = 5.0,
    lat = 0.88645272708792,
    nOrientations = 8,
    AWin = {0.09771012565954618, 0.9915711969387019, 0.0, 0.0, 0.1373248683471078, 0.03254381050841805, 0.05999600598405752, 0.9275968491419533},
    ATransparent = {0.09771012565954618, 0.9915711969387019, 0.0, 0.0, 0.1373248683471078, 0.03254381050841805, 0.05999600598405752, 0.9275968491419533},
    alphaWin = 2.7000000000000006,
    RWin = 0.07266755322902758,
    gWin = 0.7800000000000001,
    UWin= 3.001782134105592,
    ratioWinConRad = 0.03,
    AExt = {1.222696977847835, 12.408039572503217, 1.2947375976562499, 1.2947375976562499, 1.7184165958029978, 0.4072374125783124, 0.7507608316383415, 11.60749570683039},
    alphaExt = 2.61566359817607,
    nExt = 1,
    RExt = {0.0008891473001820576},
    RExtRem = 0.027486757550887794 ,
    CExt = {12373581.48633093},
    AInt = 57.206594662508365,
    alphaInt = 2.5189386933035145,
    nInt = 1,
    RInt = {0.0011301864607386365},
    CInt = {9591415.728291519},
    AFloor = 0.0,
    alphaFloor = 0.0,
    nFloor = 1,
    RFloor = {0.00001},
    RFloorRem =  0.00001,
    CFloor = {0.00001},
    ARoof = 0.0,
    alphaRoof = 0.0,
    nRoof = 1,
    RRoof = {0.00001},
    RRoofRem = 0.00001,
    CRoof = {0.00001},
    nOrientationsRoof = 1,
    tiltRoof = {0.0},
    aziRoof = {0.0},
    wfRoof = {0.0},
    aRoof = 0.0,
    aExt = 0.5,
    TSoil = 286.15,
    alphaWallOut = 19.999999999999996,
    alphaRadWall = 4.999999999999999,
    alphaWinOut = 20.0,
    alphaRoofOut = 0.0,
    alphaRadRoof = 0.0,
    tiltExtWalls = {1.5707963267948966, 1.5707963267948966, 0.0, 0.0, 1.5707963267948966, 1.5707963267948966, 1.5707963267948966, 1.5707963267948966},
    aziExtWalls = {2.6149325141237405, -2.10705164322586, 0.0, 0.0, -0.5212093850913038, 2.516722002796227, 1.0303768262243893, 1.0425590350514264},
    wfWall = {0.039376065469785, 0.39959187550995456, 0.035977342238356046, 0.0, 0.05534035464764579, 0.01311478421060192, 0.024177705673875123, 0.3738109434905978},
    wfWin = {0.04348967901395277, 0.4413371979952214, 0.0, 0.0, 0.06112175585423128, 0.014484884379674615, 0.026703548120050283, 0.41286293463686957},
    wfGro = 0.05861092875918373,
    nrPeople = 0.621474046875,
    ratioConvectiveHeatPeople = 0.5,
    nrPeopleMachines = 0.05178950390624999,
    ratioConvectiveHeatMachines = 0.75,
    lightingPower = 15.9,
    ratioConvectiveHeatLighting = 0.9,
    useConstantACHrate = false,
    baseACH = 0.2,
    maxUserACH = 1.0,
    maxOverheatingACH = {3.0, 2.0},
    maxSummerACH = {1.0, 283.15, 290.15},
    winterReduction = {0.2, 273.15, 283.15},
    withAHU = false,
    minAHU = 0.0,
    maxAHU = 12.0,
    hHeat = 1168.2343304143842,
    lHeat = 0,
    KRHeat = 10000,
    TNHeat = 1,
    HeaterOn = true,
    hCool = 0,
    lCool = 0.0,
    KRCool = 10000,
    TNCool = 1,
    CoolerOn = false);
end Inffeldgasse25F_9_Meeting;
