 
within Inffeldgasse.Inffeldgasse25F_9.Inffeldgasse25F_9_DataBase;
record Inffeldgasse25F_9_Floor "Inffeldgasse25F_9_Floor"
  extends AixLib.DataBase.ThermalZones.ZoneBaseRecord(
    T_start = 293.15,
    withAirCap = true,
    VAir = 112.44521624084562,
    AZone = 12.4304041015625,
    alphaRad = 5.0,
    lat = 0.88645272708792,
    nOrientations = 8,
    AWin = {0.4690434374352191, 4.759895246623751, 0.0, 0.0, 0.6592083252384338, 0.15622189251188917, 0.2880022176739161, 4.452795569945241},
    ATransparent = {0.4690434374352191, 4.759895246623751, 0.0, 0.0, 0.6592083252384338, 0.15622189251188917, 0.2880022176739161, 4.452795569945241},
    alphaWin = 2.7,
    RWin = 0.01513794926159839,
    gWin = 0.78,
    UWin= 3.001782134105591,
    ratioWinConRad = 0.029999999999999995,
    AExt = {5.869381392770445, 59.56301349153506, 6.21520205078125, 6.21520205078125, 8.249012286091753, 1.9548847630541808, 3.60391964278441, 55.720117537422894},
    alphaExt = 2.61566359817607,
    nExt = 1,
    RExt = {0.00018522526379581661},
    RExtRem = 0.00572598254216415 ,
    CExt = {59397602.39338536},
    AInt = 805.4763301748716,
    alphaInt = 2.607405814652328,
    nInt = 1,
    RInt = {6.647308329833565e-05},
    CInt = {112473932.07404128},
    AFloor = 0.0,
    alphaFloor = 0.0,
    nFloor = 1,
    RFloor = {0.00001},
    RFloorRem =  0.00001,
    CFloor = {0.00001},
    ARoof = 0.0,
    alphaRoof = 0.0,
    nRoof = 1,
    RRoof = {0.00001},
    RRoofRem = 0.00001,
    CRoof = {0.00001},
    nOrientationsRoof = 1,
    tiltRoof = {0.0},
    aziRoof = {0.0},
    wfRoof = {0.0},
    aRoof = 0.0,
    aExt = 0.5,
    TSoil = 286.15,
    alphaWallOut = 19.999999999999996,
    alphaRadWall = 4.999999999999999,
    alphaWinOut = 20.0,
    alphaRoofOut = 0.0,
    alphaRadRoof = 0.0,
    tiltExtWalls = {1.5707963267948966, 1.5707963267948966, 0.0, 0.0, 1.5707963267948966, 1.5707963267948966, 1.5707963267948966, 1.5707963267948966},
    aziExtWalls = {2.6149325141237405, -2.10705164322586, 0.0, 0.0, -0.5212093850913038, 2.516722002796227, 1.0303768262243893, 1.0425590350514264},
    wfWall = {0.03937606546978499, 0.3995918755099545, 0.035977342238356046, 0.0, 0.0553403546476458, 0.013114784210601924, 0.024177705673875123, 0.37381094349059774},
    wfWin = {0.04348967901395279, 0.4413371979952215, 0.0, 0.0, 0.06112175585423129, 0.014484884379674618, 0.02670354812005029, 0.41286293463686957},
    wfGro = 0.05861092875918372,
    nrPeople = 0.0,
    ratioConvectiveHeatPeople = 0.5,
    nrPeopleMachines = 0.0,
    ratioConvectiveHeatMachines = 0.75,
    lightingPower = 7.0,
    ratioConvectiveHeatLighting = 0.9,
    useConstantACHrate = false,
    baseACH = 0.2,
    maxUserACH = 1.0,
    maxOverheatingACH = {3.0, 2.0},
    maxSummerACH = {1.0, 283.15, 290.15},
    winterReduction = {0.2, 273.15, 283.15},
    withAHU = false,
    minAHU = 0.0,
    maxAHU = 2.0,
    hHeat = 5607.9412688162865,
    lHeat = 0,
    KRHeat = 10000,
    TNHeat = 1,
    HeaterOn = true,
    hCool = 0,
    lCool = 0.0,
    KRCool = 10000,
    TNCool = 1,
    CoolerOn = false);
end Inffeldgasse25F_9_Floor;
