 
within Inffeldgasse.Inffeldgasse18_4.Inffeldgasse18_4_DataBase;
record Inffeldgasse18_4_Office "Inffeldgasse18_4_Office"
  extends AixLib.DataBase.ThermalZones.ZoneBaseRecord(
    T_start = 293.15,
    withAirCap = true,
    VAir = 113.66301091325283,
    AZone = 23.290242187500002,
    alphaRad = 4.999999999999999,
    lat = 0.88645272708792,
    nOrientations = 8,
    AWin = {1.188834628954475, 1.2047713178969004, 0.21309480281170343, 0.0, 0.0, 2.26904404153405, 0.3234645787489959, 2.167291559089089},
    ATransparent = {1.188834628954475, 1.2047713178969004, 0.21309480281170343, 0.0, 0.0, 2.26904404153405, 0.3234645787489959, 2.167291559089089},
    alphaWin = 2.7,
    RWin = 0.04862674405048844,
    gWin = 0.67,
    UWin= 1.8936557576825381,
    ratioWinConRad = 0.03,
    AExt = {14.876498194754644, 15.07592216719635, 2.6665646946437485, 7.763414062500001, 7.763414062500001, 28.39371327649365, 4.047678377318516, 27.12043221238509},
    alphaExt = 2.5558428301782303,
    nExt = 1,
    RExt = {0.00026403423329431617},
    RExtRem = 0.01665919542874775 ,
    CExt = {42199178.53620254},
    AInt = 615.196131946385,
    alphaInt = 2.346656436115329,
    nInt = 1,
    RInt = {0.00010509438982677705},
    CInt = {73670581.20017542},
    AFloor = 0.0,
    alphaFloor = 0.0,
    nFloor = 1,
    RFloor = {0.00001},
    RFloorRem =  0.00001,
    CFloor = {0.00001},
    ARoof = 0.0,
    alphaRoof = 0.0,
    nRoof = 1,
    RRoof = {0.00001},
    RRoofRem = 0.00001,
    CRoof = {0.00001},
    nOrientationsRoof = 1,
    tiltRoof = {0.0},
    aziRoof = {0.0},
    wfRoof = {0.0},
    aRoof = 0.0,
    aExt = 0.5,
    TSoil = 286.15,
    alphaWallOut = 20.0,
    alphaRadWall = 5.000000000000001,
    alphaWinOut = 20.0,
    alphaRoofOut = 0.0,
    alphaRadRoof = 0.0,
    tiltExtWalls = {1.5707963267948966, 1.5707963267948966, 1.5707963267948966, 0.0, 0.0, 1.5707963267948966, 1.5707963267948966, 1.5707963267948966},
    aziExtWalls = {2.6035484457733253, -0.5452271554631543, -2.1045750431725097, 0.0, 0.0, -2.120549719000513, 1.0054156451610294, 1.0323312214326814},
    wfWall = {0.13736152522697506, 0.1392028981537754, 0.024621613821848038, 0.06698537308644835, 0.0, 0.2621721665581061, 0.03737406937156483, 0.2504153789916447},
    wfWin = {0.16138389724063687, 0.16354729735365534, 0.02892754713052243, 0.0, 0.0, 0.30802195823943584, 0.04391020674063227, 0.2942090932951173},
    wfGro = 0.08186697478963759,
    nrPeople = 1.1645121093750002,
    ratioConvectiveHeatPeople = 0.5,
    nrPeopleMachines = 1.6303169531250001,
    ratioConvectiveHeatMachines = 0.75,
    lightingPower = 12.5,
    ratioConvectiveHeatLighting = 0.9,
    useConstantACHrate = false,
    baseACH = 0.2,
    maxUserACH = 1.0,
    maxOverheatingACH = {3.0, 2.0},
    maxSummerACH = {1.0, 283.15, 290.15},
    winterReduction = {0.2, 273.15, 283.15},
    withAHU = false,
    minAHU = 0.0,
    maxAHU = 2.6,
    hHeat = 2318.8828223539726,
    lHeat = 0,
    KRHeat = 10000,
    TNHeat = 1,
    HeaterOn = true,
    hCool = 0,
    lCool = 0.0,
    KRCool = 10000,
    TNCool = 1,
    CoolerOn = false);
end Inffeldgasse18_4_Office;
