 
within Inffeldgasse.Inffeldgasse18_4.Inffeldgasse18_4_DataBase;
record Inffeldgasse18_4_Floor "Inffeldgasse18_4_Floor"
  extends AixLib.DataBase.ThermalZones.ZoneBaseRecord(
    T_start = 293.15,
    withAirCap = true,
    VAir = 6.930671397149562,
    AZone = 1.42013671875,
    alphaRad = 4.999999999999999,
    lat = 0.88645272708792,
    nOrientations = 8,
    AWin = {0.0724899163996631, 0.07346166572542075, 0.012993585537298988, 0.0, 0.0, 0.13835634399597863, 0.01972344992371926, 0.13215192433470052},
    ATransparent = {0.0724899163996631, 0.07346166572542075, 0.012993585537298988, 0.0, 0.0, 0.13835634399597863, 0.01972344992371926, 0.13215192433470052},
    alphaWin = 2.7000000000000006,
    RWin = 0.7974786024280103,
    gWin = 0.6700000000000002,
    UWin= 1.8936557576825381,
    ratioWinConRad = 0.03,
    AExt = {0.907103548460649, 0.9192635467802651, 0.16259540820998464, 0.47337890625, 0.47337890625, 1.7313239802740028, 0.24680965715356806, 1.6536848909990907},
    alphaExt = 2.5558428301782317,
    nExt = 1,
    RExt = {0.0043301614260267875},
    RExtRem = 0.2732108050314631 ,
    CExt = {2573120.6424513753},
    AInt = 47.008714859560136,
    alphaInt = 2.498599511744053,
    nInt = 1,
    RInt = {0.0017323449843147838},
    CInt = {4375950.537682155},
    AFloor = 0.0,
    alphaFloor = 0.0,
    nFloor = 1,
    RFloor = {0.00001},
    RFloorRem =  0.00001,
    CFloor = {0.00001},
    ARoof = 0.0,
    alphaRoof = 0.0,
    nRoof = 1,
    RRoof = {0.00001},
    RRoofRem = 0.00001,
    CRoof = {0.00001},
    nOrientationsRoof = 1,
    tiltRoof = {0.0},
    aziRoof = {0.0},
    wfRoof = {0.0},
    aRoof = 0.0,
    aExt = 0.5,
    TSoil = 286.15,
    alphaWallOut = 20.0,
    alphaRadWall = 5.000000000000001,
    alphaWinOut = 20.000000000000004,
    alphaRoofOut = 0.0,
    alphaRadRoof = 0.0,
    tiltExtWalls = {1.5707963267948966, 1.5707963267948966, 1.5707963267948966, 0.0, 0.0, 1.5707963267948966, 1.5707963267948966, 1.5707963267948966},
    aziExtWalls = {2.6035484457733253, -0.5452271554631543, -2.1045750431725097, 0.0, 0.0, -2.120549719000513, 1.0054156451610294, 1.0323312214326814},
    wfWall = {0.13736152522697506, 0.13920289815377537, 0.024621613821848038, 0.06698537308644835, 0.0, 0.2621721665581061, 0.037374069371564816, 0.2504153789916446},
    wfWin = {0.1613838972406369, 0.16354729735365536, 0.028927547130522445, 0.0, 0.0, 0.3080219582394359, 0.04391020674063228, 0.2942090932951173},
    wfGro = 0.08186697478963759,
    nrPeople = 0.0,
    ratioConvectiveHeatPeople = 0.5,
    nrPeopleMachines = 0.0,
    ratioConvectiveHeatMachines = 0.75,
    lightingPower = 7.0,
    ratioConvectiveHeatLighting = 0.9,
    useConstantACHrate = false,
    baseACH = 0.2,
    maxUserACH = 1.0,
    maxOverheatingACH = {3.0, 2.0},
    maxSummerACH = {1.0, 283.15, 290.15},
    winterReduction = {0.2, 273.15, 283.15},
    withAHU = false,
    minAHU = 0.0,
    maxAHU = 2.0,
    hHeat = 141.39529404597397,
    lHeat = 0,
    KRHeat = 10000,
    TNHeat = 1,
    HeaterOn = true,
    hCool = 0,
    lCool = 0.0,
    KRCool = 10000,
    TNCool = 1,
    CoolerOn = false);
end Inffeldgasse18_4_Floor;
