 
within Inffeldgasse.Inffeldgasse18_4.Inffeldgasse18_4_DataBase;
record Inffeldgasse18_4_Floor "Inffeldgasse18_4_Floor"
  extends AixLib.DataBase.ThermalZones.ZoneBaseRecord(
    T_start = 293.15,
    withAirCap = true,
    VAir = 93.32149036261886,
    AZone = 19.12214091796875,
    alphaRad = 4.999999999999999,
    lat = 0.88645272708792,
    nOrientations = 8,
    AWin = {0.9760767243214636, 0.9891613289927904, 0.17495862925973088, 0.0, 0.0, 1.8629681719058524, 0.26557625322287987, 1.7794256611667425},
    ATransparent = {0.9760767243214636, 0.9891613289927904, 0.17495862925973088, 0.0, 0.0, 1.8629681719058524, 0.26557625322287987, 1.7794256611667425},
    alphaWin = 2.7000000000000006,
    RWin = 0.05922603805629487,
    gWin = 0.6700000000000002,
    UWin= 1.8936557576825386,
    ratioWinConRad = 0.030000000000000006,
    AExt = {12.214149280022639, 12.37788365739627, 2.189347171547443, 6.37404697265625, 6.37404697265625, 23.312277394389447, 3.323292033572794, 22.266867057302754},
    alphaExt = 2.5558428301782317,
    nExt = 1,
    RExt = {0.00032158644084862893},
    RExtRem = 0.02029044226004182 ,
    CExt = {34647069.450607754},
    AInt = 759.5668147007726,
    alphaInt = 2.498599511744053,
    nInt = 1,
    RInt = {0.00010721283477625848},
    CInt = {70706608.78786823},
    AFloor = 0.0,
    alphaFloor = 0.0,
    nFloor = 1,
    RFloor = {0.00001},
    RFloorRem =  0.00001,
    CFloor = {0.00001},
    ARoof = 0.0,
    alphaRoof = 0.0,
    nRoof = 1,
    RRoof = {0.00001},
    RRoofRem = 0.00001,
    CRoof = {0.00001},
    nOrientationsRoof = 1,
    tiltRoof = {0.0},
    aziRoof = {0.0},
    wfRoof = {0.0},
    aRoof = 0.0,
    aExt = 0.5,
    TSoil = 286.15,
    alphaWallOut = 20.0,
    alphaRadWall = 5.0,
    alphaWinOut = 20.000000000000004,
    alphaRoofOut = 0.0,
    alphaRadRoof = 0.0,
    tiltExtWalls = {1.5707963267948966, 1.5707963267948966, 1.5707963267948966, 0.0, 0.0, 1.5707963267948966, 1.5707963267948966, 1.5707963267948966},
    aziExtWalls = {2.6035484457733253, -0.5452271554631543, -2.1045750431725097, 0.0, 0.0, -2.120549719000513, 1.0054156451610294, 1.0323312214326814},
    wfWall = {0.13736152522697506, 0.13920289815377537, 0.024621613821848038, 0.06698537308644834, 0.0, 0.26217216655810616, 0.03737406937156482, 0.2504153789916446},
    wfWin = {0.16138389724063687, 0.16354729735365534, 0.02892754713052243, 0.0, 0.0, 0.3080219582394359, 0.04391020674063228, 0.29420909329511713},
    wfGro = 0.08186697478963757,
    nrPeople = 0.0,
    ratioConvectiveHeatPeople = 0.5,
    nrPeopleMachines = 0.0,
    ratioConvectiveHeatMachines = 0.75,
    lightingPower = 7.0,
    ratioConvectiveHeatLighting = 0.9,
    useConstantACHrate = false,
    baseACH = 0.2,
    maxUserACH = 1.0,
    maxOverheatingACH = {3.0, 2.0},
    maxSummerACH = {1.0, 283.15, 290.15},
    winterReduction = {0.2, 273.15, 283.15},
    withAHU = false,
    minAHU = 0.0,
    maxAHU = 2.0,
    hHeat = 1903.8876343290392,
    lHeat = 0,
    KRHeat = 10000,
    TNHeat = 1,
    HeaterOn = true,
    hCool = 0,
    lCool = 0.0,
    KRCool = 10000,
    TNCool = 1,
    CoolerOn = false);
end Inffeldgasse18_4_Floor;
