 
within Inffeldgasse.Inffeldgasse18_4.Inffeldgasse18_4_DataBase;
record Inffeldgasse18_4_Restroom "Inffeldgasse18_4_Restroom"
  extends AixLib.DataBase.ThermalZones.ZoneBaseRecord(
    T_start = 293.15,
    withAirCap = true,
    VAir = 10.188086953809856,
    AZone = 2.0876009765625,
    alphaRad = 5.0,
    lat = 0.88645272708792,
    nOrientations = 8,
    AWin = {0.10656017710750475, 0.10798864861636849, 0.01910057073982951, 0.0, 0.0, 0.20338382567408858, 0.02899347138786731, 0.19426332877200975},
    ATransparent = {0.10656017710750475, 0.10798864861636849, 0.01910057073982951, 0.0, 0.0, 0.20338382567408858, 0.02899347138786731, 0.19426332877200975},
    alphaWin = 2.7,
    RWin = 0.5425024506312996,
    gWin = 0.6700000000000002,
    UWin= 1.8936557576825384,
    ratioWinConRad = 0.029999999999999995,
    AExt = {1.333442216237154, 1.3513174137669897, 0.2390152500686774, 0.6958669921874999, 0.6958669921874999, 2.545046251002784, 0.362810196015745, 2.430916789768663},
    alphaExt = 2.5558428301782308,
    nExt = 1,
    RExt = {0.002945688044916182},
    RExtRem = 0.18585769049759393 ,
    CExt = {3782487.34440352},
    AInt = 33.820621290774646,
    alphaInt = 2.4530972646996356,
    nInt = 1,
    RInt = {0.0022344189699001087},
    CInt = {3418344.1203195797},
    AFloor = 0.0,
    alphaFloor = 0.0,
    nFloor = 1,
    RFloor = {0.00001},
    RFloorRem =  0.00001,
    CFloor = {0.00001},
    ARoof = 0.0,
    alphaRoof = 0.0,
    nRoof = 1,
    RRoof = {0.00001},
    RRoofRem = 0.00001,
    CRoof = {0.00001},
    nOrientationsRoof = 1,
    tiltRoof = {0.0},
    aziRoof = {0.0},
    wfRoof = {0.0},
    aRoof = 0.0,
    aExt = 0.5,
    TSoil = 286.15,
    alphaWallOut = 20.0,
    alphaRadWall = 5.0,
    alphaWinOut = 19.999999999999996,
    alphaRoofOut = 0.0,
    alphaRadRoof = 0.0,
    tiltExtWalls = {1.5707963267948966, 1.5707963267948966, 1.5707963267948966, 0.0, 0.0, 1.5707963267948966, 1.5707963267948966, 1.5707963267948966},
    aziExtWalls = {2.6035484457733253, -0.5452271554631543, -2.1045750431725097, 0.0, 0.0, -2.120549719000513, 1.0054156451610294, 1.0323312214326814},
    wfWall = {0.13736152522697506, 0.13920289815377535, 0.02462161382184803, 0.06698537308644832, 0.0, 0.26217216655810605, 0.03737406937156481, 0.2504153789916446},
    wfWin = {0.16138389724063687, 0.16354729735365534, 0.02892754713052243, 0.0, 0.0, 0.3080219582394358, 0.04391020674063227, 0.29420909329511724},
    wfGro = 0.08186697478963756,
    nrPeople = 0.0,
    ratioConvectiveHeatPeople = 0.5,
    nrPeopleMachines = 0.0,
    ratioConvectiveHeatMachines = 0.75,
    lightingPower = 11.1,
    ratioConvectiveHeatLighting = 0.9,
    useConstantACHrate = false,
    baseACH = 0.2,
    maxUserACH = 1.0,
    maxOverheatingACH = {3.0, 2.0},
    maxSummerACH = {1.0, 283.15, 290.15},
    winterReduction = {0.2, 273.15, 283.15},
    withAHU = false,
    minAHU = 0.0,
    maxAHU = 8.0,
    hHeat = 207.85108224758176,
    lHeat = 0,
    KRHeat = 10000,
    TNHeat = 1,
    HeaterOn = true,
    hCool = 0,
    lCool = 0.0,
    KRCool = 10000,
    TNCool = 1,
    CoolerOn = false);
end Inffeldgasse18_4_Restroom;
