 
within Inffeldgasse.Inffeldgasse18_4.Inffeldgasse18_4_DataBase;
record Inffeldgasse18_4_Laboratory "Inffeldgasse18_4_Laboratory"
  extends AixLib.DataBase.ThermalZones.ZoneBaseRecord(
    T_start = 293.15,
    withAirCap = true,
    VAir = 89.30170095227211,
    AZone = 18.29846162109375,
    alphaRad = 4.999999999999999,
    lat = 0.88645272708792,
    nOrientations = 8,
    AWin = {0.934032572809659, 0.9465535628720464, 0.16742234964809746, 0.0, 0.0, 1.7827214923881847, 0.2541366522671227, 1.7027775450526164},
    ATransparent = {0.934032572809659, 0.9465535628720464, 0.16742234964809746, 0.0, 0.0, 1.7827214923881847, 0.2541366522671227, 1.7027775450526164},
    alphaWin = 2.6999999999999997,
    RWin = 0.06189201415816921,
    gWin = 0.67,
    UWin= 1.8936557576825384,
    ratioWinConRad = 0.030000000000000002,
    AExt = {11.688029221915462, 11.844710800263716, 2.095041834785652, 6.09948720703125, 6.09948720703125, 22.308109485830528, 3.1801424324237244, 21.30772982052328},
    alphaExt = 2.5558428301782317,
    nExt = 1,
    RExt = {0.0003360621983722769},
    RExtRem = 0.02120378774012131 ,
    CExt = {33154659.47798596},
    AInt = 69.04879930426107,
    alphaInt = 2.346656436115329,
    nInt = 1,
    RInt = {0.0009363473769587898},
    CInt = {8268688.490977875},
    AFloor = 0.0,
    alphaFloor = 0.0,
    nFloor = 1,
    RFloor = {0.00001},
    RFloorRem =  0.00001,
    CFloor = {0.00001},
    ARoof = 0.0,
    alphaRoof = 0.0,
    nRoof = 1,
    RRoof = {0.00001},
    RRoofRem = 0.00001,
    CRoof = {0.00001},
    nOrientationsRoof = 1,
    tiltRoof = {0.0},
    aziRoof = {0.0},
    wfRoof = {0.0},
    aRoof = 0.0,
    aExt = 0.5,
    TSoil = 286.15,
    alphaWallOut = 20.0,
    alphaRadWall = 4.999999999999999,
    alphaWinOut = 20.0,
    alphaRoofOut = 0.0,
    alphaRadRoof = 0.0,
    tiltExtWalls = {1.5707963267948966, 1.5707963267948966, 1.5707963267948966, 0.0, 0.0, 1.5707963267948966, 1.5707963267948966, 1.5707963267948966},
    aziExtWalls = {2.6035484457733253, -0.5452271554631543, -2.1045750431725097, 0.0, 0.0, -2.120549719000513, 1.0054156451610294, 1.0323312214326814},
    wfWall = {0.13736152522697506, 0.1392028981537754, 0.024621613821848038, 0.06698537308644835, 0.0, 0.26217216655810616, 0.03737406937156483, 0.2504153789916446},
    wfWin = {0.16138389724063687, 0.16354729735365534, 0.02892754713052243, 0.0, 0.0, 0.30802195823943584, 0.04391020674063227, 0.29420909329511724},
    wfGro = 0.08186697478963759,
    nrPeople = 1.097907697265625,
    ratioConvectiveHeatPeople = 0.5,
    nrPeopleMachines = 3.293723091796875,
    ratioConvectiveHeatMachines = 0.75,
    lightingPower = 14.0,
    ratioConvectiveHeatLighting = 0.9,
    useConstantACHrate = false,
    baseACH = 0.2,
    maxUserACH = 1.0,
    maxOverheatingACH = {3.0, 2.0},
    maxSummerACH = {1.0, 283.15, 290.15},
    winterReduction = {0.2, 273.15, 283.15},
    withAHU = false,
    minAHU = 24.0,
    maxAHU = 48.0,
    hHeat = 1821.8783637823747,
    lHeat = 0,
    KRHeat = 10000,
    TNHeat = 1,
    HeaterOn = true,
    hCool = 0,
    lCool = 0.0,
    KRCool = 10000,
    TNCool = 1,
    CoolerOn = false);
end Inffeldgasse18_4_Laboratory;
