 
within Inffeldgasse.Inffeldgasse18_4.Inffeldgasse18_4_DataBase;
record Inffeldgasse18_4_Storage "Inffeldgasse18_4_Storage"
  extends AixLib.DataBase.ThermalZones.ZoneBaseRecord(
    T_start = 293.15,
    withAirCap = true,
    VAir = 311.8802128717303,
    AZone = 63.90615234375,
    alphaRad = 5.0,
    lat = 0.88645272708792,
    nOrientations = 8,
    AWin = {3.2620462379848396, 3.305774957643934, 0.5847113491784545, 0.0, 0.0, 6.226035479819039, 0.8875552465673667, 5.946836595061524},
    ATransparent = {3.2620462379848396, 3.305774957643934, 0.5847113491784545, 0.0, 0.0, 6.226035479819039, 0.8875552465673667, 5.946836595061524},
    alphaWin = 2.6999999999999997,
    RWin = 0.01772174672062245,
    gWin = 0.67,
    UWin= 1.8936557576825384,
    ratioWinConRad = 0.03,
    AExt = {40.8196596807292, 41.36685960511193, 7.316793369449309, 21.30205078125, 21.30205078125, 77.90957911233014, 11.106434571910562, 74.41582009495907},
    alphaExt = 2.555842830178231,
    nExt = 1,
    RExt = {9.62258094672619e-05},
    RExtRem = 0.0060713512229214036 ,
    CExt = {115790428.91031186},
    AInt = 964.5932382434607,
    alphaInt = 2.3466564361153286,
    nInt = 1,
    RInt = {6.702686640063336e-05},
    CInt = {115511364.25114612},
    AFloor = 0.0,
    alphaFloor = 0.0,
    nFloor = 1,
    RFloor = {0.00001},
    RFloorRem =  0.00001,
    CFloor = {0.00001},
    ARoof = 0.0,
    alphaRoof = 0.0,
    nRoof = 1,
    RRoof = {0.00001},
    RRoofRem = 0.00001,
    CRoof = {0.00001},
    nOrientationsRoof = 1,
    tiltRoof = {0.0},
    aziRoof = {0.0},
    wfRoof = {0.0},
    aRoof = 0.0,
    aExt = 0.5,
    TSoil = 286.15,
    alphaWallOut = 19.999999999999996,
    alphaRadWall = 4.999999999999998,
    alphaWinOut = 20.0,
    alphaRoofOut = 0.0,
    alphaRadRoof = 0.0,
    tiltExtWalls = {1.5707963267948966, 1.5707963267948966, 1.5707963267948966, 0.0, 0.0, 1.5707963267948966, 1.5707963267948966, 1.5707963267948966},
    aziExtWalls = {2.6035484457733253, -0.5452271554631543, -2.1045750431725097, 0.0, 0.0, -2.120549719000513, 1.0054156451610294, 1.0323312214326814},
    wfWall = {0.13736152522697506, 0.13920289815377537, 0.024621613821848038, 0.06698537308644836, 0.0, 0.26217216655810616, 0.037374069371564816, 0.2504153789916446},
    wfWin = {0.16138389724063693, 0.1635472973536553, 0.028927547130522428, 0.0, 0.0, 0.30802195823943584, 0.043910206740632264, 0.29420909329511724},
    wfGro = 0.08186697478963759,
    nrPeople = 0.0,
    ratioConvectiveHeatPeople = 0.5,
    nrPeopleMachines = 0.0,
    ratioConvectiveHeatMachines = 0.75,
    lightingPower = 11.3,
    ratioConvectiveHeatLighting = 0.9,
    useConstantACHrate = false,
    baseACH = 0.2,
    maxUserACH = 1.0,
    maxOverheatingACH = {3.0, 2.0},
    maxSummerACH = {1.0, 283.15, 290.15},
    winterReduction = {0.2, 273.15, 283.15},
    withAHU = false,
    minAHU = 0.0,
    maxAHU = 0.5,
    hHeat = 6362.788232068829,
    lHeat = 0,
    KRHeat = 10000,
    TNHeat = 1,
    HeaterOn = true,
    hCool = 0,
    lCool = 0.0,
    KRCool = 10000,
    TNCool = 1,
    CoolerOn = false);
end Inffeldgasse18_4_Storage;
