 
within Inffeldgasse.Inffeldgasse18_4.Inffeldgasse18_4_DataBase;
record Inffeldgasse18_4_ICT "Inffeldgasse18_4_ICT"
  extends AixLib.DataBase.ThermalZones.ZoneBaseRecord(
    T_start = 293.15,
    withAirCap = true,
    VAir = 12.71778201376945,
    AZone = 2.6059508789062504,
    alphaRad = 4.999999999999999,
    lat = 0.88645272708792,
    nOrientations = 8,
    AWin = {0.13301899659338182, 0.1348021566061471, 0.02384322946094365, 0.0, 0.0, 0.25388389123262084, 0.03619253061002485, 0.2424987811541755},
    ATransparent = {0.13301899659338182, 0.1348021566061471, 0.02384322946094365, 0.0, 0.0, 0.25388389123262084, 0.03619253061002485, 0.2424987811541755},
    alphaWin = 2.7,
    RWin = 0.4345932438299783,
    gWin = 0.6699999999999999,
    UWin= 1.8936557576825381,
    ratioWinConRad = 0.029999999999999995,
    AExt = {1.664535011425291, 1.6868486083417866, 0.29836257406532185, 0.8686502929687501, 0.8686502929687501, 3.1769795038027957, 0.45289572087679747, 3.034511774983332},
    alphaExt = 2.555842830178231,
    nExt = 1,
    RExt = {0.002359760995109965},
    RExtRem = 0.14888872208799078 ,
    CExt = {4721676.37889827},
    AInt = 19.666984357519453,
    alphaInt = 2.3466564361153295,
    nInt = 1,
    RInt = {0.003287421240358041},
    CInt = {2355148.3711205893},
    AFloor = 0.0,
    alphaFloor = 0.0,
    nFloor = 1,
    RFloor = {0.00001},
    RFloorRem =  0.00001,
    CFloor = {0.00001},
    ARoof = 0.0,
    alphaRoof = 0.0,
    nRoof = 1,
    RRoof = {0.00001},
    RRoofRem = 0.00001,
    CRoof = {0.00001},
    nOrientationsRoof = 1,
    tiltRoof = {0.0},
    aziRoof = {0.0},
    wfRoof = {0.0},
    aRoof = 0.0,
    aExt = 0.5,
    TSoil = 286.15,
    alphaWallOut = 20.0,
    alphaRadWall = 5.0,
    alphaWinOut = 19.999999999999996,
    alphaRoofOut = 0.0,
    alphaRadRoof = 0.0,
    tiltExtWalls = {1.5707963267948966, 1.5707963267948966, 1.5707963267948966, 0.0, 0.0, 1.5707963267948966, 1.5707963267948966, 1.5707963267948966},
    aziExtWalls = {2.6035484457733253, -0.5452271554631543, -2.1045750431725097, 0.0, 0.0, -2.120549719000513, 1.0054156451610294, 1.0323312214326814},
    wfWall = {0.13736152522697506, 0.13920289815377535, 0.024621613821848038, 0.06698537308644834, 0.0, 0.2621721665581061, 0.03737406937156482, 0.2504153789916447},
    wfWin = {0.16138389724063687, 0.1635472973536554, 0.028927547130522435, 0.0, 0.0, 0.3080219582394359, 0.04391020674063228, 0.2942090932951172},
    wfGro = 0.08186697478963759,
    nrPeople = 0.07817852636718751,
    ratioConvectiveHeatPeople = 0.5,
    nrPeopleMachines = 3.908926318359376,
    ratioConvectiveHeatMachines = 0.75,
    lightingPower = 7.1,
    ratioConvectiveHeatLighting = 0.9,
    useConstantACHrate = false,
    baseACH = 0.2,
    maxUserACH = 1.0,
    maxOverheatingACH = {3.0, 2.0},
    maxSummerACH = {1.0, 283.15, 290.15},
    winterReduction = {0.2, 273.15, 283.15},
    withAHU = false,
    minAHU = 0.0,
    maxAHU = 130.0,
    hHeat = 259.46036457436225,
    lHeat = 0,
    KRHeat = 10000,
    TNHeat = 1,
    HeaterOn = true,
    hCool = 0,
    lCool = 0.0,
    KRCool = 10000,
    TNCool = 1,
    CoolerOn = false);
end Inffeldgasse18_4_ICT;
