 
within Inffeldgasse.Inffeldgasse18_4.Inffeldgasse18_4_DataBase;
record Inffeldgasse18_4_Meeting "Inffeldgasse18_4_Meeting"
  extends AixLib.DataBase.ThermalZones.ZoneBaseRecord(
    T_start = 293.15,
    withAirCap = true,
    VAir = 19.440533269004522,
    AZone = 3.9834834960937497,
    alphaRad = 5.0,
    lat = 0.88645272708792,
    nOrientations = 8,
    AWin = {0.203334215501055, 0.2060599723598052, 0.03644700743212366, 0.0, 0.0, 0.38808954490872005, 0.05532427703603252, 0.37068614775883496},
    ATransparent = {0.203334215501055, 0.2060599723598052, 0.03644700743212366, 0.0, 0.0, 0.38808954490872005, 0.05532427703603252, 0.37068614775883496},
    alphaWin = 2.7000000000000006,
    RWin = 0.2843060971222854,
    gWin = 0.67,
    UWin= 1.8936557576825388,
    ratioWinConRad = 0.029999999999999995,
    AExt = {2.5444254534321202, 2.5785342487186433, 0.4560801200290069, 1.3278278320312498, 1.3278278320312498, 4.856363764668577, 0.6923010883157583, 4.638586119252449},
    alphaExt = 2.555842830178231,
    nExt = 1,
    RExt = {0.001543729563645914},
    RExtRem = 0.09740135651745568 ,
    CExt = {7217603.402076104},
    AInt = 60.12631185050904,
    alphaInt = 2.346656436115329,
    nInt = 1,
    RInt = {0.0010752973219352957},
    CInt = {7200208.371654772},
    AFloor = 0.0,
    alphaFloor = 0.0,
    nFloor = 1,
    RFloor = {0.00001},
    RFloorRem =  0.00001,
    CFloor = {0.00001},
    ARoof = 0.0,
    alphaRoof = 0.0,
    nRoof = 1,
    RRoof = {0.00001},
    RRoofRem = 0.00001,
    CRoof = {0.00001},
    nOrientationsRoof = 1,
    tiltRoof = {0.0},
    aziRoof = {0.0},
    wfRoof = {0.0},
    aRoof = 0.0,
    aExt = 0.5,
    TSoil = 286.15,
    alphaWallOut = 20.0,
    alphaRadWall = 4.999999999999999,
    alphaWinOut = 20.0,
    alphaRoofOut = 0.0,
    alphaRadRoof = 0.0,
    tiltExtWalls = {1.5707963267948966, 1.5707963267948966, 1.5707963267948966, 0.0, 0.0, 1.5707963267948966, 1.5707963267948966, 1.5707963267948966},
    aziExtWalls = {2.6035484457733253, -0.5452271554631543, -2.1045750431725097, 0.0, 0.0, -2.120549719000513, 1.0054156451610294, 1.0323312214326814},
    wfWall = {0.1373615252269751, 0.1392028981537754, 0.024621613821848038, 0.06698537308644835, 0.0, 0.26217216655810605, 0.03737406937156482, 0.2504153789916447},
    wfWin = {0.1613838972406369, 0.16354729735365534, 0.028927547130522435, 0.0, 0.0, 0.3080219582394358, 0.043910206740632264, 0.29420909329511724},
    wfGro = 0.08186697478963759,
    nrPeople = 0.9560360390624999,
    ratioConvectiveHeatPeople = 0.5,
    nrPeopleMachines = 0.07966966992187499,
    ratioConvectiveHeatMachines = 0.75,
    lightingPower = 15.9,
    ratioConvectiveHeatLighting = 0.9,
    useConstantACHrate = false,
    baseACH = 0.2,
    maxUserACH = 1.0,
    maxOverheatingACH = {3.0, 2.0},
    maxSummerACH = {1.0, 283.15, 290.15},
    winterReduction = {0.2, 273.15, 283.15},
    withAHU = false,
    minAHU = 0.0,
    maxAHU = 12.0,
    hHeat = 396.6137997989569,
    lHeat = 0,
    KRHeat = 10000,
    TNHeat = 1,
    HeaterOn = true,
    hCool = 0,
    lCool = 0.0,
    KRCool = 10000,
    TNCool = 1,
    CoolerOn = false);
end Inffeldgasse18_4_Meeting;
