 
within Inffeldgasse.Inffeldgasse25F_1.Inffeldgasse25F_1_DataBase;
record Inffeldgasse25F_1_Storage "Inffeldgasse25F_1_Storage"
  extends AixLib.DataBase.ThermalZones.ZoneBaseRecord(
    T_start = 293.15,
    withAirCap = true,
    VAir = 49.8017578810841,
    AZone = 8.041887304687501,
    alphaRad = 5.0,
    lat = 0.88645272708792,
    nOrientations = 12,
    AWin = {0.21559930236550712, 0.11569875486937248, 0.1133625661940761, 0.04785966317959139, 0.1522836341529535, 0.04834759795122861, 0.14558612501394727, 0.0, 0.0, 0.014736988928366413, 0.04660931980566857, 0.11390516666262757},
    ATransparent = {0.21559930236550712, 0.11569875486937248, 0.1133625661940761, 0.04785966317959139, 0.1522836341529535, 0.04834759795122861, 0.14558612501394727, 0.0, 0.0, 0.014736988928366413, 0.04660931980566857, 0.11390516666262757},
    alphaWin = 2.7,
    RWin = 0.16101287779458884,
    gWin = 0.7800000000000001,
    UWin= 3.0017821341055915,
    ratioWinConRad = 0.030000000000000002,
    AExt = {2.6979047836548595, 1.44779793255458, 1.4185640039961416, 0.5988925419500221, 1.9056033138599324, 0.6049983203086177, 1.8217939427420973, 8.041887304687501, 8.041887304687501, 0.18441151010361218, 0.5832463532439066, 1.4253538422917993},
    alphaExt = 2.140998752126434,
    nExt = 1,
    RExt = {0.0010603229438419198},
    RExtRem = 0.027057272787802678 ,
    CExt = {9011440.664508227},
    AInt = 124.50439470271024,
    alphaInt = 2.7000000000000006,
    nInt = 1,
    RInt = {0.0001657714139620811},
    CInt = {13862767.398847891},
    AFloor = 0.0,
    alphaFloor = 0.0,
    nFloor = 1,
    RFloor = {0.00001},
    RFloorRem =  0.00001,
    CFloor = {0.00001},
    ARoof = 0.0,
    alphaRoof = 0.0,
    nRoof = 1,
    RRoof = {0.00001},
    RRoofRem = 0.00001,
    CRoof = {0.00001},
    nOrientationsRoof = 1,
    tiltRoof = {0.0},
    aziRoof = {0.0},
    wfRoof = {0.0},
    aRoof = 0.0,
    aExt = 0.5,
    TSoil = 286.15,
    alphaWallOut = 20.0,
    alphaRadWall = 5.000000000000001,
    alphaWinOut = 20.000000000000004,
    alphaRoofOut = 0.0,
    alphaRadRoof = 0.0,
    tiltExtWalls = {1.5707963267948966, 1.5707963267948966, 1.5707963267948966, 1.5707963267948966, 1.5707963267948966, 1.5707963267948966, 1.5707963267948966, 0.0, 0.0, 1.5707963267948966, 1.5707963267948966, 1.5707963267948966},
    aziExtWalls = {2.6088587406062795, 2.6150703051381345, -2.096598568259059, -2.0995690992935603, -0.5274792546587384, -0.5274792546219352, -0.5274792547236974, 0.0, 0.0, 2.634494149365809, 1.0659349548941346, 1.0368422536594968},
    wfWall = {0.08722128439391663, 0.04680624608597094, 0.04586113460086776, 0.019361756960174857, 0.061606758543569916, 0.019559152299657455, 0.05889726299820037, 0.22433016743202502, 0.0, 0.005961888968694039, 0.018855927146207797, 0.046080645096776375},
    wfWin = {0.21262486776180306, 0.11410256055745621, 0.11179860222966254, 0.047199385355307606, 0.15018271032791045, 0.0476805885185714, 0.14357760085218285, 0.0, 0.0, 0.014533675608972528, 0.04596629187299901, 0.1123337169151343},
    wfGro = 0.36545777547393876,
    nrPeople = 0.0,
    ratioConvectiveHeatPeople = 0.5,
    nrPeopleMachines = 0.0,
    ratioConvectiveHeatMachines = 0.75,
    lightingPower = 11.3,
    ratioConvectiveHeatLighting = 0.9,
    useConstantACHrate = false,
    baseACH = 0.2,
    maxUserACH = 1.0,
    maxOverheatingACH = {3.0, 2.0},
    maxSummerACH = {1.0, 283.15, 290.15},
    winterReduction = {0.2, 273.15, 283.15},
    withAHU = false,
    minAHU = 0.0,
    maxAHU = 0.5,
    hHeat = 879.7766393462325,
    lHeat = 0,
    KRHeat = 10000,
    TNHeat = 1,
    HeaterOn = true,
    hCool = 0,
    lCool = 0.0,
    KRCool = 10000,
    TNCool = 1,
    CoolerOn = false);
end Inffeldgasse25F_1_Storage;
