 
within Inffeldgasse.Inffeldgasse25F_1.Inffeldgasse25F_1_DataBase;
record Inffeldgasse25F_1_Laboratory "Inffeldgasse25F_1_Laboratory"
  extends AixLib.DataBase.ThermalZones.ZoneBaseRecord(
    T_start = 293.15,
    withAirCap = true,
    VAir = 562.890921313832,
    AZone = 90.89448940429686,
    alphaRad = 5.0,
    lat = 0.88645272708792,
    nOrientations = 12,
    AWin = {2.436839483315402, 1.3077004004314596, 1.2812953205356756, 0.5409401404114341, 1.72120581233404, 0.5464550873698074, 1.6455063340392195, 0.0, 0.0, 0.1665667564403519, 0.5268079699088064, 1.287428133726277},
    ATransparent = {2.436839483315402, 1.3077004004314596, 1.2812953205356756, 0.5409401404114341, 1.72120581233404, 0.5464550873698074, 1.6455063340392195, 0.0, 0.0, 0.1665667564403519, 0.5268079699088064, 1.287428133726277},
    alphaWin = 2.7,
    RWin = 0.01424560967682044,
    gWin = 0.78,
    UWin= 3.001782134105591,
    ratioWinConRad = 0.03,
    AExt = {30.493423804730575, 16.363926632426104, 16.033506308324807, 6.769061757040379, 21.53833219218002, 6.838073120330295, 20.591065747571857, 90.89448940429686, 90.89448940429686, 2.0843353576184582, 6.5922186504804685, 16.110249349061252},
    alphaExt = 2.140998752126434,
    nExt = 1,
    RExt = {9.381204159718964e-05},
    RExtRem = 0.0023938914224365592 ,
    CExt = {101852993.82648112},
    AInt = 281.44546065691605,
    alphaInt = 2.7,
    nInt = 1,
    RInt = {7.333310512874368e-05},
    CInt = {41793647.372441545},
    AFloor = 0.0,
    alphaFloor = 0.0,
    nFloor = 1,
    RFloor = {0.00001},
    RFloorRem =  0.00001,
    CFloor = {0.00001},
    ARoof = 0.0,
    alphaRoof = 0.0,
    nRoof = 1,
    RRoof = {0.00001},
    RRoofRem = 0.00001,
    CRoof = {0.00001},
    nOrientationsRoof = 1,
    tiltRoof = {0.0},
    aziRoof = {0.0},
    wfRoof = {0.0},
    aRoof = 0.0,
    aExt = 0.5,
    TSoil = 286.15,
    alphaWallOut = 20.0,
    alphaRadWall = 5.000000000000001,
    alphaWinOut = 20.0,
    alphaRoofOut = 0.0,
    alphaRadRoof = 0.0,
    tiltExtWalls = {1.5707963267948966, 1.5707963267948966, 1.5707963267948966, 1.5707963267948966, 1.5707963267948966, 1.5707963267948966, 1.5707963267948966, 0.0, 0.0, 1.5707963267948966, 1.5707963267948966, 1.5707963267948966},
    aziExtWalls = {2.6088587406062795, 2.6150703051381345, -2.096598568259059, -2.0995690992935603, -0.5274792546587384, -0.5274792546219352, -0.5274792547236974, 0.0, 0.0, 2.634494149365809, 1.0659349548941346, 1.0368422536594968},
    wfWall = {0.08722128439391663, 0.046806246085970935, 0.04586113460086777, 0.019361756960174857, 0.06160675854356991, 0.019559152299657455, 0.05889726299820037, 0.22433016743202502, 0.0, 0.00596188896869404, 0.018855927146207787, 0.04608064509677636},
    wfWin = {0.21262486776180303, 0.11410256055745623, 0.11179860222966256, 0.04719938535530761, 0.15018271032791047, 0.04768058851857141, 0.1435776008521829, 0.0, 0.0, 0.014533675608972531, 0.04596629187299902, 0.11233371691513432},
    wfGro = 0.36545777547393876,
    nrPeople = 5.453669364257812,
    ratioConvectiveHeatPeople = 0.5,
    nrPeopleMachines = 16.361008092773435,
    ratioConvectiveHeatMachines = 0.75,
    lightingPower = 14.0,
    ratioConvectiveHeatLighting = 0.9,
    useConstantACHrate = false,
    baseACH = 0.2,
    maxUserACH = 1.0,
    maxOverheatingACH = {3.0, 2.0},
    maxSummerACH = {1.0, 283.15, 290.15},
    winterReduction = {0.2, 273.15, 283.15},
    withAHU = false,
    minAHU = 24.0,
    maxAHU = 48.0,
    hHeat = 9943.791226294914,
    lHeat = 0,
    KRHeat = 10000,
    TNHeat = 1,
    HeaterOn = true,
    hCool = 0,
    lCool = 0.0,
    KRCool = 10000,
    TNCool = 1,
    CoolerOn = false);
end Inffeldgasse25F_1_Laboratory;
