 
within Inffeldgasse.Inffeldgasse25F_1.Inffeldgasse25F_1_DataBase;
record Inffeldgasse25F_1_Meeting "Inffeldgasse25F_1_Meeting"
  extends AixLib.DataBase.ThermalZones.ZoneBaseRecord(
    T_start = 293.15,
    withAirCap = true,
    VAir = 122.53853583898322,
    AZone = 19.787275341796875,
    alphaRad = 5.0,
    lat = 0.88645272708792,
    nOrientations = 12,
    AWin = {0.5304877571361819, 0.2846798310601664, 0.27893157734595037, 0.1177599607182051, 0.3746978892973987, 0.11896053706420721, 0.35821849181063337, 0.0, 0.0, 0.036260749073743666, 0.11468345794289501, 0.28026666007778095},
    ATransparent = {0.5304877571361819, 0.2846798310601664, 0.27893157734595037, 0.1177599607182051, 0.3746978892973987, 0.11896053706420721, 0.35821849181063337, 0.0, 0.0, 0.036260749073743666, 0.11468345794289501, 0.28026666007778095},
    alphaWin = 2.7000000000000006,
    RWin = 0.0654383888363035,
    gWin = 0.7800000000000001,
    UWin= 3.001782134105591,
    ratioWinConRad = 0.029999999999999995,
    AExt = {6.638265717677087, 3.5623449129961373, 3.49041406246419, 1.4735908597980802, 4.688787101207991, 1.4886142881277826, 4.482571938062791, 19.787275341796875, 19.787275341796875, 0.4537493735444141, 1.4350930007448752, 3.5071206382706106},
    alphaExt = 2.140998752126434,
    nExt = 1,
    RExt = {0.00043093338894110105},
    RExtRem = 0.01099653867311767 ,
    CExt = {22172886.89819787},
    AInt = 245.07707167796647,
    alphaInt = 2.7,
    nInt = 1,
    RInt = {8.421542420533533e-05},
    CInt = {27287763.195626896},
    AFloor = 0.0,
    alphaFloor = 0.0,
    nFloor = 1,
    RFloor = {0.00001},
    RFloorRem =  0.00001,
    CFloor = {0.00001},
    ARoof = 0.0,
    alphaRoof = 0.0,
    nRoof = 1,
    RRoof = {0.00001},
    RRoofRem = 0.00001,
    CRoof = {0.00001},
    nOrientationsRoof = 1,
    tiltRoof = {0.0},
    aziRoof = {0.0},
    wfRoof = {0.0},
    aRoof = 0.0,
    aExt = 0.5,
    TSoil = 286.15,
    alphaWallOut = 19.999999999999996,
    alphaRadWall = 4.999999999999999,
    alphaWinOut = 19.999999999999993,
    alphaRoofOut = 0.0,
    alphaRadRoof = 0.0,
    tiltExtWalls = {1.5707963267948966, 1.5707963267948966, 1.5707963267948966, 1.5707963267948966, 1.5707963267948966, 1.5707963267948966, 1.5707963267948966, 0.0, 0.0, 1.5707963267948966, 1.5707963267948966, 1.5707963267948966},
    aziExtWalls = {2.6088587406062795, 2.6150703051381345, -2.096598568259059, -2.0995690992935603, -0.5274792546587384, -0.5274792546219352, -0.5274792547236974, 0.0, 0.0, 2.634494149365809, 1.0659349548941346, 1.0368422536594968},
    wfWall = {0.08722128439391662, 0.046806246085970955, 0.04586113460086778, 0.019361756960174854, 0.0616067585435699, 0.01955915229965746, 0.05889726299820038, 0.22433016743202508, 0.0, 0.005961888968694042, 0.018855927146207794, 0.04608064509677637},
    wfWin = {0.21262486776180306, 0.1141025605574562, 0.11179860222966256, 0.0471993853553076, 0.15018271032791047, 0.047680588518571404, 0.14357760085218285, 0.0, 0.0, 0.01453367560897253, 0.04596629187299901, 0.1123337169151343},
    wfGro = 0.3654577754739389,
    nrPeople = 4.74894608203125,
    ratioConvectiveHeatPeople = 0.5,
    nrPeopleMachines = 0.3957455068359375,
    ratioConvectiveHeatMachines = 0.75,
    lightingPower = 15.9,
    ratioConvectiveHeatLighting = 0.9,
    useConstantACHrate = false,
    baseACH = 0.2,
    maxUserACH = 1.0,
    maxOverheatingACH = {3.0, 2.0},
    maxSummerACH = {1.0, 283.15, 290.15},
    winterReduction = {0.2, 273.15, 283.15},
    withAHU = false,
    minAHU = 0.0,
    maxAHU = 12.0,
    hHeat = 2164.713573128229,
    lHeat = 0,
    KRHeat = 10000,
    TNHeat = 1,
    HeaterOn = true,
    hCool = 0,
    lCool = 0.0,
    KRCool = 10000,
    TNCool = 1,
    CoolerOn = false);
end Inffeldgasse25F_1_Meeting;
