 
within Inffeldgasse.Inffeldgasse25F_1.Inffeldgasse25F_1_DataBase;
record Inffeldgasse25F_1_ICT "Inffeldgasse25F_1_ICT"
  extends AixLib.DataBase.ThermalZones.ZoneBaseRecord(
    T_start = 293.15,
    withAirCap = true,
    VAir = 80.1633558875345,
    AZone = 12.944616845703127,
    alphaRad = 5.000000000000001,
    lat = 0.88645272708792,
    nOrientations = 12,
    AWin = {0.34703922793044345, 0.18623439928534954, 0.18247395523344706, 0.07703726485486859, 0.24512321813216642, 0.07782266863202149, 0.23434257842157305, 0.0, 0.0, 0.023721381301361727, 0.07502465073982616, 0.1833473516016856},
    ATransparent = {0.34703922793044345, 0.18623439928534954, 0.18247395523344706, 0.07703726485486859, 0.24512321813216642, 0.07782266863202149, 0.23434257842157305, 0.0, 0.0, 0.023721381301361727, 0.07502465073982616, 0.1833473516016856},
    alphaWin = 2.7,
    RWin = 0.10002979873887266,
    gWin = 0.78,
    UWin= 3.0017821341055915,
    ratioWinConRad = 0.030000000000000002,
    AExt = {4.342680068426901, 2.3304466721382933, 2.283390304678, 0.964006854805518, 3.0673527025727862, 0.9738350155844854, 2.932449021869955, 12.944616845703127, 12.944616845703127, 0.2968378254737968, 0.9388219808794461, 2.2943195619346066},
    alphaExt = 2.140998752126434,
    nExt = 1,
    RExt = {0.0006587292403159599},
    RExtRem = 0.016809422876346083 ,
    CExt = {14505257.560853174},
    AInt = 80.16335588753451,
    alphaInt = 2.7,
    nInt = 1,
    RInt = {0.0002574651388511886},
    CInt = {8925676.553293291},
    AFloor = 0.0,
    alphaFloor = 0.0,
    nFloor = 1,
    RFloor = {0.00001},
    RFloorRem =  0.00001,
    CFloor = {0.00001},
    ARoof = 0.0,
    alphaRoof = 0.0,
    nRoof = 1,
    RRoof = {0.00001},
    RRoofRem = 0.00001,
    CRoof = {0.00001},
    nOrientationsRoof = 1,
    tiltRoof = {0.0},
    aziRoof = {0.0},
    wfRoof = {0.0},
    aRoof = 0.0,
    aExt = 0.5,
    TSoil = 286.15,
    alphaWallOut = 20.0,
    alphaRadWall = 5.0,
    alphaWinOut = 20.0,
    alphaRoofOut = 0.0,
    alphaRadRoof = 0.0,
    tiltExtWalls = {1.5707963267948966, 1.5707963267948966, 1.5707963267948966, 1.5707963267948966, 1.5707963267948966, 1.5707963267948966, 1.5707963267948966, 0.0, 0.0, 1.5707963267948966, 1.5707963267948966, 1.5707963267948966},
    aziExtWalls = {2.6088587406062795, 2.6150703051381345, -2.096598568259059, -2.0995690992935603, -0.5274792546587384, -0.5274792546219352, -0.5274792547236974, 0.0, 0.0, 2.634494149365809, 1.0659349548941346, 1.0368422536594968},
    wfWall = {0.08722128439391662, 0.046806246085970935, 0.04586113460086777, 0.019361756960174854, 0.06160675854356991, 0.01955915229965746, 0.05889726299820036, 0.22433016743202502, 0.0, 0.005961888968694039, 0.018855927146207794, 0.04608064509677637},
    wfWin = {0.21262486776180303, 0.11410256055745618, 0.11179860222966256, 0.04719938535530759, 0.15018271032791042, 0.0476805885185714, 0.14357760085218288, 0.0, 0.0, 0.014533675608972528, 0.045966291872999006, 0.11233371691513432},
    wfGro = 0.36545777547393876,
    nrPeople = 0.3883385053710938,
    ratioConvectiveHeatPeople = 0.5,
    nrPeopleMachines = 19.416925268554692,
    ratioConvectiveHeatMachines = 0.75,
    lightingPower = 7.1,
    ratioConvectiveHeatLighting = 0.9,
    useConstantACHrate = false,
    baseACH = 0.2,
    maxUserACH = 1.0,
    maxOverheatingACH = {3.0, 2.0},
    maxSummerACH = {1.0, 283.15, 290.15},
    winterReduction = {0.2, 273.15, 283.15},
    withAHU = false,
    minAHU = 0.0,
    maxAHU = 130.0,
    hHeat = 1416.131695789769,
    lHeat = 0,
    KRHeat = 10000,
    TNHeat = 1,
    HeaterOn = true,
    hCool = 0,
    lCool = 0.0,
    KRCool = 10000,
    TNCool = 1,
    CoolerOn = false);
end Inffeldgasse25F_1_ICT;
