 
within Inffeldgasse.Inffeldgasse25F_1.Inffeldgasse25F_1_DataBase;
record Inffeldgasse25F_1_Floor "Inffeldgasse25F_1_Floor"
  extends AixLib.DataBase.ThermalZones.ZoneBaseRecord(
    T_start = 293.15,
    withAirCap = true,
    VAir = 588.2286577796467,
    AZone = 94.98597592773437,
    alphaRad = 4.999999999999998,
    lat = 0.88645272708792,
    nOrientations = 12,
    AWin = {2.5465303564487307, 1.3665646792246493, 1.3389710121081004, 0.5652897936080683, 1.7986834507627358, 0.571052988081836, 1.7195764678182455, 0.0, 0.0, 0.1740645227372401, 0.5505214834941466, 1.3453798851862104},
    ATransparent = {2.5465303564487307, 1.3665646792246493, 1.3389710121081004, 0.5652897936080683, 1.7986834507627358, 0.571052988081836, 1.7195764678182455, 0.0, 0.0, 0.1740645227372401, 0.5505214834941466, 1.3453798851862104},
    alphaWin = 2.700000000000001,
    RWin = 0.01363198519761094,
    gWin = 0.7800000000000002,
    UWin= 3.0017821341055924,
    ratioWinConRad = 0.030000000000000006,
    AExt = {31.866042027993576, 17.10052558056791, 16.755231854217584, 7.073761471365829, 22.50784966765262, 7.145879283294329, 21.517943367563454, 94.98597592773437, 94.98597592773437, 2.178158757495735, 6.88895802318351, 16.835429374086907},
    alphaExt = 2.1409987521264338,
    nExt = 1,
    RExt = {8.977112187001784e-05},
    RExtRem = 0.0022907754161229157 ,
    CExt = {106437761.88386242},
    AInt = 3823.4862755677045,
    alphaInt = 2.6999999999999993,
    nInt = 1,
    RInt = {5.398023705812004e-06},
    CInt = {425720722.68970674},
    AFloor = 0.0,
    alphaFloor = 0.0,
    nFloor = 1,
    RFloor = {0.00001},
    RFloorRem =  0.00001,
    CFloor = {0.00001},
    ARoof = 0.0,
    alphaRoof = 0.0,
    nRoof = 1,
    RRoof = {0.00001},
    RRoofRem = 0.00001,
    CRoof = {0.00001},
    nOrientationsRoof = 1,
    tiltRoof = {0.0},
    aziRoof = {0.0},
    wfRoof = {0.0},
    aRoof = 0.0,
    aExt = 0.5,
    TSoil = 286.15,
    alphaWallOut = 20.0,
    alphaRadWall = 5.0,
    alphaWinOut = 20.000000000000004,
    alphaRoofOut = 0.0,
    alphaRadRoof = 0.0,
    tiltExtWalls = {1.5707963267948966, 1.5707963267948966, 1.5707963267948966, 1.5707963267948966, 1.5707963267948966, 1.5707963267948966, 1.5707963267948966, 0.0, 0.0, 1.5707963267948966, 1.5707963267948966, 1.5707963267948966},
    aziExtWalls = {2.6088587406062795, 2.6150703051381345, -2.096598568259059, -2.0995690992935603, -0.5274792546587384, -0.5274792546219352, -0.5274792547236974, 0.0, 0.0, 2.634494149365809, 1.0659349548941346, 1.0368422536594968},
    wfWall = {0.08722128439391663, 0.04680624608597095, 0.04586113460086778, 0.01936175696017486, 0.06160675854356993, 0.019559152299657465, 0.058897262998200396, 0.22433016743202505, 0.0, 0.005961888968694041, 0.018855927146207794, 0.046080645096776375},
    wfWin = {0.21262486776180303, 0.11410256055745621, 0.11179860222966255, 0.04719938535530759, 0.15018271032791045, 0.04768058851857139, 0.14357760085218285, 0.0, 0.0, 0.014533675608972526, 0.045966291872999, 0.11233371691513429},
    wfGro = 0.3654577754739388,
    nrPeople = 0.0,
    ratioConvectiveHeatPeople = 0.5,
    nrPeopleMachines = 0.0,
    ratioConvectiveHeatMachines = 0.75,
    lightingPower = 7.0,
    ratioConvectiveHeatLighting = 0.9,
    useConstantACHrate = false,
    baseACH = 0.2,
    maxUserACH = 1.0,
    maxOverheatingACH = {3.0, 2.0},
    maxSummerACH = {1.0, 283.15, 290.15},
    winterReduction = {0.2, 273.15, 283.15},
    withAHU = false,
    minAHU = 0.0,
    maxAHU = 2.0,
    hHeat = 10391.396884909662,
    lHeat = 0,
    KRHeat = 10000,
    TNHeat = 1,
    HeaterOn = true,
    hCool = 0,
    lCool = 0.0,
    KRCool = 10000,
    TNCool = 1,
    CoolerOn = false);
end Inffeldgasse25F_1_Floor;
