 
within Inffeldgasse.Inffeldgasse25F_1.Inffeldgasse25F_1_DataBase;
record Inffeldgasse25F_1_Restroom "Inffeldgasse25F_1_Restroom"
  extends AixLib.DataBase.ThermalZones.ZoneBaseRecord(
    T_start = 293.15,
    withAirCap = true,
    VAir = 64.21805621508211,
    AZone = 10.36980205078125,
    alphaRad = 5.0,
    lat = 0.88645272708792,
    nOrientations = 12,
    AWin = {0.27800962673446966, 0.14919049969998027, 0.14617804588183494, 0.06171377620526256, 0.19636573877617686, 0.06234295525290003, 0.18772947699166884, 0.0, 0.0, 0.01900295940763037, 0.06010149132836209, 0.14687771490707235},
    ATransparent = {0.27800962673446966, 0.14919049969998027, 0.14617804588183494, 0.06171377620526256, 0.19636573877617686, 0.06234295525290003, 0.18772947699166884, 0.0, 0.0, 0.01900295940763037, 0.06010149132836209, 0.14687771490707235},
    alphaWin = 2.6999999999999997,
    RWin = 0.12486712971825263,
    gWin = 0.7799999999999999,
    UWin= 3.001782134105591,
    ratioWinConRad = 0.03,
    AExt = {3.478877221028634, 1.866897334083537, 1.8292009525213402, 0.772256172514502, 2.4572253257667547, 0.7801294130295331, 2.3491553472200724, 10.36980205078125, 10.36980205078125, 0.23779378934413145, 0.7520808239197742, 1.8379562703236354},
    alphaExt = 2.1409987521264338,
    nExt = 1,
    RExt = {0.0008222912625712845},
    RExtRem = 0.02098319114156127 ,
    CExt = {11620015.593707977},
    AInt = 160.5451405377053,
    alphaInt = 2.6999999999999997,
    nInt = 1,
    RInt = {0.0001285574230726344},
    CInt = {17875673.75114596},
    AFloor = 0.0,
    alphaFloor = 0.0,
    nFloor = 1,
    RFloor = {0.00001},
    RFloorRem =  0.00001,
    CFloor = {0.00001},
    ARoof = 0.0,
    alphaRoof = 0.0,
    nRoof = 1,
    RRoof = {0.00001},
    RRoofRem = 0.00001,
    CRoof = {0.00001},
    nOrientationsRoof = 1,
    tiltRoof = {0.0},
    aziRoof = {0.0},
    wfRoof = {0.0},
    aRoof = 0.0,
    aExt = 0.5,
    TSoil = 286.15,
    alphaWallOut = 20.0,
    alphaRadWall = 5.0,
    alphaWinOut = 20.0,
    alphaRoofOut = 0.0,
    alphaRadRoof = 0.0,
    tiltExtWalls = {1.5707963267948966, 1.5707963267948966, 1.5707963267948966, 1.5707963267948966, 1.5707963267948966, 1.5707963267948966, 1.5707963267948966, 0.0, 0.0, 1.5707963267948966, 1.5707963267948966, 1.5707963267948966},
    aziExtWalls = {2.6088587406062795, 2.6150703051381345, -2.096598568259059, -2.0995690992935603, -0.5274792546587384, -0.5274792546219352, -0.5274792547236974, 0.0, 0.0, 2.634494149365809, 1.0659349548941346, 1.0368422536594968},
    wfWall = {0.08722128439391662, 0.04680624608597095, 0.04586113460086777, 0.019361756960174854, 0.06160675854356991, 0.01955915229965746, 0.05889726299820037, 0.22433016743202505, 0.0, 0.005961888968694041, 0.018855927146207797, 0.04608064509677637},
    wfWin = {0.21262486776180303, 0.11410256055745623, 0.11179860222966258, 0.0471993853553076, 0.15018271032791047, 0.04768058851857141, 0.14357760085218288, 0.0, 0.0, 0.014533675608972533, 0.04596629187299902, 0.1123337169151343},
    wfGro = 0.36545777547393876,
    nrPeople = 0.0,
    ratioConvectiveHeatPeople = 0.5,
    nrPeopleMachines = 0.0,
    ratioConvectiveHeatMachines = 0.75,
    lightingPower = 11.1,
    ratioConvectiveHeatLighting = 0.9,
    useConstantACHrate = false,
    baseACH = 0.2,
    maxUserACH = 1.0,
    maxOverheatingACH = {3.0, 2.0},
    maxSummerACH = {1.0, 283.15, 290.15},
    winterReduction = {0.2, 273.15, 283.15},
    withAHU = false,
    minAHU = 0.0,
    maxAHU = 8.0,
    hHeat = 1134.4488244201414,
    lHeat = 0,
    KRHeat = 10000,
    TNHeat = 1,
    HeaterOn = true,
    hCool = 0,
    lCool = 0.0,
    KRCool = 10000,
    TNCool = 1,
    CoolerOn = false);
end Inffeldgasse25F_1_Restroom;
