 
within Inffeldgasse.Inffeldgasse25F_1.Inffeldgasse25F_1_DataBase;
record Inffeldgasse25F_1_Storage "Inffeldgasse25F_1_Storage"
  extends AixLib.DataBase.ThermalZones.ZoneBaseRecord(
    T_start = 293.15,
    withAirCap = true,
    VAir = 1965.8588637270036,
    AZone = 317.442919921875,
    alphaRad = 5.0,
    lat = 0.88645272708792,
    nOrientations = 12,
    AWin = {8.510498777585804, 4.567056113264701, 4.474838139239845, 1.8891972307733436, 6.011196084985007, 1.9084578138642865, 5.746820724234759, 0.0, 0.0, 0.5817232471723582, 1.8398415712763903, 4.496256578787929},
    ATransparent = {8.510498777585804, 4.567056113264701, 4.474838139239845, 1.8891972307733436, 6.011196084985007, 1.9084578138642865, 5.746820724234759, 0.0, 0.0, 0.5817232471723582, 1.8398415712763903, 4.496256578787929},
    alphaWin = 2.7000000000000006,
    RWin = 0.0040789929041295855,
    gWin = 0.7800000000000004,
    UWin= 3.0017821341055924,
    ratioWinConRad = 0.030000000000000006,
    AExt = {106.4962414600602, 57.14991839031235, 55.99594752616347, 23.640495076974545, 75.22118344183941, 23.881512643761212, 71.91291879245118, 317.44291992187493, 317.44291992187493, 7.2794017146162675, 23.022882364891046, 56.263967458886796},
    alphaExt = 2.1409987521264338,
    nExt = 1,
    RExt = {2.6861514577328636e-05},
    RExtRem = 0.0006854509106243346 ,
    CExt = {355714763.0726931},
    AInt = 3931.717727454007,
    alphaInt = 2.6999999999999997,
    nInt = 1,
    RInt = {5.249428108799237e-06},
    CInt = {437771602.0688806},
    AFloor = 0.0,
    alphaFloor = 0.0,
    nFloor = 1,
    RFloor = {0.00001},
    RFloorRem =  0.00001,
    CFloor = {0.00001},
    ARoof = 0.0,
    alphaRoof = 0.0,
    nRoof = 1,
    RRoof = {0.00001},
    RRoofRem = 0.00001,
    CRoof = {0.00001},
    nOrientationsRoof = 1,
    tiltRoof = {0.0},
    aziRoof = {0.0},
    wfRoof = {0.0},
    aRoof = 0.0,
    aExt = 0.5,
    TSoil = 286.15,
    alphaWallOut = 20.0,
    alphaRadWall = 4.999999999999999,
    alphaWinOut = 20.0,
    alphaRoofOut = 0.0,
    alphaRadRoof = 0.0,
    tiltExtWalls = {1.5707963267948966, 1.5707963267948966, 1.5707963267948966, 1.5707963267948966, 1.5707963267948966, 1.5707963267948966, 1.5707963267948966, 0.0, 0.0, 1.5707963267948966, 1.5707963267948966, 1.5707963267948966},
    aziExtWalls = {2.6088587406062795, 2.6150703051381345, -2.096598568259059, -2.0995690992935603, -0.5274792546587384, -0.5274792546219352, -0.5274792547236974, 0.0, 0.0, 2.634494149365809, 1.0659349548941346, 1.0368422536594968},
    wfWall = {0.08722128439391665, 0.04680624608597094, 0.04586113460086779, 0.019361756960174857, 0.06160675854356992, 0.01955915229965746, 0.05889726299820038, 0.2243301674320251, 0.0, 0.005961888968694041, 0.0188559271462078, 0.046080645096776375},
    wfWin = {0.21262486776180298, 0.11410256055745617, 0.11179860222966252, 0.047199385355307606, 0.15018271032791047, 0.0476805885185714, 0.14357760085218288, 0.0, 0.0, 0.014533675608972526, 0.045966291872999, 0.11233371691513432},
    wfGro = 0.3654577754739388,
    nrPeople = 0.0,
    ratioConvectiveHeatPeople = 0.5,
    nrPeopleMachines = 0.0,
    ratioConvectiveHeatMachines = 0.75,
    lightingPower = 11.3,
    ratioConvectiveHeatLighting = 0.9,
    useConstantACHrate = false,
    baseACH = 0.2,
    maxUserACH = 1.0,
    maxOverheatingACH = {3.0, 2.0},
    maxSummerACH = {1.0, 283.15, 290.15},
    winterReduction = {0.2, 273.15, 283.15},
    withAHU = false,
    minAHU = 0.0,
    maxAHU = 0.5,
    hHeat = 34728.02523735126,
    lHeat = 0,
    KRHeat = 10000,
    TNHeat = 1,
    HeaterOn = true,
    hCool = 0,
    lCool = 0.0,
    KRCool = 10000,
    TNCool = 1,
    CoolerOn = false);
end Inffeldgasse25F_1_Storage;
