 
within Inffeldgasse.Inffeldgasse25F_1.Inffeldgasse25F_1_DataBase;
record Inffeldgasse25F_1_Office "Inffeldgasse25F_1_Office"
  extends AixLib.DataBase.ThermalZones.ZoneBaseRecord(
    T_start = 293.15,
    withAirCap = true,
    VAir = 716.4463414471746,
    AZone = 115.69030859375,
    alphaRad = 5.0,
    lat = 0.88645272708792,
    nOrientations = 12,
    AWin = {3.1016039989423825, 1.6644382279453582, 1.630829899634077, 0.6885074352151742, 2.19074701763898, 0.6955268477194291, 2.094396886165557, 0.0, 0.0, 0.21200580563614838, 0.6705200393096179, 1.6386357309360455},
    ATransparent = {3.1016039989423825, 1.6644382279453582, 1.630829899634077, 0.6885074352151742, 2.19074701763898, 0.6955268477194291, 2.094396886165557, 0.0, 0.0, 0.21200580563614838, 0.6705200393096179, 1.6386357309360455},
    alphaWin = 2.7,
    RWin = 0.011192358578404352,
    gWin = 0.78,
    UWin= 3.0017821341055915,
    ratioWinConRad = 0.030000000000000006,
    AExt = {38.81196355433306, 20.82797025780273, 20.407411987312912, 8.615647094719614, 27.413942409914817, 8.703484607948534, 26.208263737693326, 115.69030859375, 115.69030859375, 2.6529375137712625, 8.390561572982515, 20.505090362794302},
    alphaExt = 2.140998752126434,
    nExt = 1,
    RExt = {7.370537536462126e-05},
    RExtRem = 0.0018808104254936014 ,
    CExt = {129638269.20871483},
    AInt = 2507.5621950651116,
    alphaInt = 2.7000000000000006,
    nInt = 1,
    RInt = {8.230810623552808e-06},
    CInt = {279200999.5417084},
    AFloor = 0.0,
    alphaFloor = 0.0,
    nFloor = 1,
    RFloor = {0.00001},
    RFloorRem =  0.00001,
    CFloor = {0.00001},
    ARoof = 0.0,
    alphaRoof = 0.0,
    nRoof = 1,
    RRoof = {0.00001},
    RRoofRem = 0.00001,
    CRoof = {0.00001},
    nOrientationsRoof = 1,
    tiltRoof = {0.0},
    aziRoof = {0.0},
    wfRoof = {0.0},
    aRoof = 0.0,
    aExt = 0.5,
    TSoil = 286.15,
    alphaWallOut = 20.0,
    alphaRadWall = 5.0,
    alphaWinOut = 20.000000000000004,
    alphaRoofOut = 0.0,
    alphaRadRoof = 0.0,
    tiltExtWalls = {1.5707963267948966, 1.5707963267948966, 1.5707963267948966, 1.5707963267948966, 1.5707963267948966, 1.5707963267948966, 1.5707963267948966, 0.0, 0.0, 1.5707963267948966, 1.5707963267948966, 1.5707963267948966},
    aziExtWalls = {2.6088587406062795, 2.6150703051381345, -2.096598568259059, -2.0995690992935603, -0.5274792546587384, -0.5274792546219352, -0.5274792547236974, 0.0, 0.0, 2.634494149365809, 1.0659349548941346, 1.0368422536594968},
    wfWall = {0.08722128439391665, 0.046806246085970955, 0.04586113460086778, 0.01936175696017486, 0.06160675854356992, 0.019559152299657462, 0.058897262998200375, 0.22433016743202508, 0.0, 0.005961888968694039, 0.0188559271462078, 0.046080645096776375},
    wfWin = {0.21262486776180306, 0.11410256055745624, 0.11179860222966258, 0.047199385355307606, 0.15018271032791047, 0.04768058851857141, 0.14357760085218288, 0.0, 0.0, 0.014533675608972528, 0.04596629187299902, 0.1123337169151343},
    wfGro = 0.36545777547393876,
    nrPeople = 5.7845154296875005,
    ratioConvectiveHeatPeople = 0.5,
    nrPeopleMachines = 8.0983216015625,
    ratioConvectiveHeatMachines = 0.75,
    lightingPower = 12.5,
    ratioConvectiveHeatLighting = 0.9,
    useConstantACHrate = false,
    baseACH = 0.2,
    maxUserACH = 1.0,
    maxOverheatingACH = {3.0, 2.0},
    maxSummerACH = {1.0, 283.15, 290.15},
    winterReduction = {0.2, 273.15, 283.15},
    withAHU = false,
    minAHU = 0.0,
    maxAHU = 2.6,
    hHeat = 12656.435864279129,
    lHeat = 0,
    KRHeat = 10000,
    TNHeat = 1,
    HeaterOn = true,
    hCool = 0,
    lCool = 0.0,
    KRCool = 10000,
    TNCool = 1,
    CoolerOn = false);
end Inffeldgasse25F_1_Office;
