 
within Inffeldgasse.Inffeldgasse25F_1.Inffeldgasse25F_1_DataBase;
record Inffeldgasse25F_1_ICT "Inffeldgasse25F_1_ICT"
  extends AixLib.DataBase.ThermalZones.ZoneBaseRecord(
    T_start = 293.15,
    withAirCap = true,
    VAir = 43.68575252726675,
    AZone = 7.054287109375,
    alphaRad = 4.999999999999999,
    lat = 0.88645272708792,
    nOrientations = 12,
    AWin = {0.18912219505746233, 0.1014901358503267, 0.09944084753866322, 0.041982160683852084, 0.13358213522188903, 0.04241017364142859, 0.12770712720521687, 0.0, 0.0, 0.01292718327049685, 0.04088536825058645, 0.09991681286195399},
    ATransparent = {0.18912219505746233, 0.1014901358503267, 0.09944084753866322, 0.041982160683852084, 0.13358213522188903, 0.04241017364142859, 0.12770712720521687, 0.0, 0.0, 0.01292718327049685, 0.04088536825058645, 0.09991681286195399},
    alphaWin = 2.7000000000000006,
    RWin = 0.18355468068583136,
    gWin = 0.7800000000000001,
    UWin= 3.0017821341055915,
    ratioWinConRad = 0.030000000000000006,
    AExt = {2.366583143556894, 1.2699981864513856, 1.2443543894702993, 0.5253443350438788, 1.6715818542630982, 0.5307002809724715, 1.5980648620544706, 7.054287109374999, 7.054287109374999, 0.1617644825470282, 0.5116196081086899, 1.2503103879752622},
    alphaExt = 2.1409987521264338,
    nExt = 1,
    RExt = {0.0012087681559797886},
    RExtRem = 0.030845290978095064 ,
    CExt = {7904772.512726512},
    AInt = 21.842876263633375,
    alphaInt = 2.7,
    nInt = 1,
    RInt = {0.0009448970595838625},
    CInt = {3243589.2411673684},
    AFloor = 0.0,
    alphaFloor = 0.0,
    nFloor = 1,
    RFloor = {0.00001},
    RFloorRem =  0.00001,
    CFloor = {0.00001},
    ARoof = 0.0,
    alphaRoof = 0.0,
    nRoof = 1,
    RRoof = {0.00001},
    RRoofRem = 0.00001,
    CRoof = {0.00001},
    nOrientationsRoof = 1,
    tiltRoof = {0.0},
    aziRoof = {0.0},
    wfRoof = {0.0},
    aRoof = 0.0,
    aExt = 0.5,
    TSoil = 286.15,
    alphaWallOut = 20.0,
    alphaRadWall = 4.999999999999999,
    alphaWinOut = 20.0,
    alphaRoofOut = 0.0,
    alphaRadRoof = 0.0,
    tiltExtWalls = {1.5707963267948966, 1.5707963267948966, 1.5707963267948966, 1.5707963267948966, 1.5707963267948966, 1.5707963267948966, 1.5707963267948966, 0.0, 0.0, 1.5707963267948966, 1.5707963267948966, 1.5707963267948966},
    aziExtWalls = {2.6088587406062795, 2.6150703051381345, -2.096598568259059, -2.0995690992935603, -0.5274792546587384, -0.5274792546219352, -0.5274792547236974, 0.0, 0.0, 2.634494149365809, 1.0659349548941346, 1.0368422536594968},
    wfWall = {0.08722128439391663, 0.04680624608597094, 0.04586113460086777, 0.019361756960174854, 0.061606758543569916, 0.01955915229965746, 0.05889726299820036, 0.22433016743202505, 0.0, 0.005961888968694041, 0.0188559271462078, 0.046080645096776375},
    wfWin = {0.21262486776180306, 0.1141025605574562, 0.11179860222966256, 0.047199385355307606, 0.15018271032791047, 0.0476805885185714, 0.14357760085218288, 0.0, 0.0, 0.014533675608972531, 0.04596629187299902, 0.11233371691513432},
    wfGro = 0.3654577754739388,
    nrPeople = 0.21162861328125,
    ratioConvectiveHeatPeople = 0.5,
    nrPeopleMachines = 10.5814306640625,
    ratioConvectiveHeatMachines = 0.75,
    lightingPower = 7.1,
    ratioConvectiveHeatLighting = 0.9,
    useConstantACHrate = false,
    baseACH = 0.2,
    maxUserACH = 1.0,
    maxOverheatingACH = {3.0, 2.0},
    maxSummerACH = {1.0, 283.15, 290.15},
    winterReduction = {0.2, 273.15, 283.15},
    withAHU = false,
    minAHU = 0.0,
    maxAHU = 130.0,
    hHeat = 771.7338941633615,
    lHeat = 0,
    KRHeat = 10000,
    TNHeat = 1,
    HeaterOn = true,
    hCool = 0,
    lCool = 0.0,
    KRCool = 10000,
    TNCool = 1,
    CoolerOn = false);
end Inffeldgasse25F_1_ICT;
