 
within Inffeldgasse.Inffeldgasse21_2.Inffeldgasse21_2_DataBase;
record Inffeldgasse21_2_Office "Inffeldgasse21_2_Office"
  extends AixLib.DataBase.ThermalZones.ZoneBaseRecord(
    T_start = 293.15,
    withAirCap = true,
    VAir = 348.3409403447509,
    AZone = 82.683146484375,
    alphaRad = 5.000000000000001,
    lat = 0.88645272708792,
    nOrientations = 8,
    AWin = {0.0, 0.0, 1.8913109306383291, 3.1355967658617767, 4.808108864014196, 1.2006834049201718, 0.6877527453731356, 1.6580598107069597},
    ATransparent = {0.0, 0.0, 1.8913109306383291, 3.1355967658617767, 4.808108864014196, 1.2006834049201718, 0.6877527453731356, 1.6580598107069597},
    alphaWin = 2.7,
    RWin = 0.02676894369361896,
    gWin = 0.67,
    UWin= 1.893655757682538,
    ratioWinConRad = 0.029999999999999995,
    AExt = {27.561048828125, 27.561048828125, 23.66694488879855, 39.23733250254062, 60.166335244285776, 15.024768012919989, 8.606203273182752, 20.748153847495203},
    alphaExt = 2.4523401936688103,
    nExt = 1,
    RExt = {0.00013154737766030237},
    RExtRem = 0.008024225113992516 ,
    CExt = {82638466.00151165},
    AInt = 1990.9026583941281,
    alphaInt = 2.312382170502518,
    nInt = 1,
    RInt = {3.102937352991456e-05},
    CInt = {250387922.37606215},
    AFloor = 0.0,
    alphaFloor = 0.0,
    nFloor = 1,
    RFloor = {0.00001},
    RFloorRem =  0.00001,
    CFloor = {0.00001},
    ARoof = 0.0,
    alphaRoof = 0.0,
    nRoof = 1,
    RRoof = {0.00001},
    RRoofRem = 0.00001,
    CRoof = {0.00001},
    nOrientationsRoof = 1,
    tiltRoof = {0.0},
    aziRoof = {0.0},
    wfRoof = {0.0},
    aRoof = 0.0,
    aExt = 0.5,
    TSoil = 286.15,
    alphaWallOut = 20.0,
    alphaRadWall = 5.0,
    alphaWinOut = 20.0,
    alphaRoofOut = 0.0,
    alphaRadRoof = 0.0,
    tiltExtWalls = {0.0, 0.0, 1.5707963267948966, 1.5707963267948966, 1.5707963267948966, 1.5707963267948966, 1.5707963267948966, 1.5707963267948966},
    aziExtWalls = {0.0, 0.0, 0.9951197553770182, 2.5638127422714425, -0.5831541567060212, -2.14423685295389, -2.171510110270889, 2.5500751260278953},
    wfWall = {0.1146283356406614, 0.0, 0.1053357048206333, 0.17463564029309214, 0.2677854433349755, 0.0668715178846971, 0.03830407734795578, 0.09234488944482389},
    wfWin = {0.0, 0.0, 0.14133760496786232, 0.23432304538223298, 0.35930982064126166, 0.08972703220131009, 0.051395740523904034, 0.12390675628342906},
    wfGro = 0.14009439123316092,
    nrPeople = 4.13415732421875,
    ratioConvectiveHeatPeople = 0.5,
    nrPeopleMachines = 5.787820253906251,
    ratioConvectiveHeatMachines = 0.75,
    lightingPower = 12.5,
    ratioConvectiveHeatLighting = 0.9,
    useConstantACHrate = false,
    baseACH = 0.2,
    maxUserACH = 1.0,
    maxOverheatingACH = {3.0, 2.0},
    maxSummerACH = {1.0, 283.15, 290.15},
    winterReduction = {0.2, 273.15, 283.15},
    withAHU = false,
    minAHU = 0.0,
    maxAHU = 2.6,
    hHeat = 4782.839777949673,
    lHeat = 0,
    KRHeat = 10000,
    TNHeat = 1,
    HeaterOn = true,
    hCool = 0,
    lCool = 0.0,
    KRCool = 10000,
    TNCool = 1,
    CoolerOn = false);
end Inffeldgasse21_2_Office;
