 
within Inffeldgasse.Inffeldgasse21_2.Inffeldgasse21_2_DataBase;
record Inffeldgasse21_2_Floor "Inffeldgasse21_2_Floor"
  extends AixLib.DataBase.ThermalZones.ZoneBaseRecord(
    T_start = 293.15,
    withAirCap = true,
    VAir = 286.00065620378484,
    AZone = 67.88588825683594,
    alphaRad = 5.0,
    lat = 0.88645272708792,
    nOrientations = 8,
    AWin = {0.0, 0.0, 1.5528354683564087, 2.5744396617273675, 3.9476332837775097, 0.9858050028811045, 0.5646701656371507, 1.361327765315196},
    ATransparent = {0.0, 0.0, 1.5528354683564087, 2.5744396617273675, 3.9476332837775097, 0.9858050028811045, 0.5646701656371507, 1.361327765315196},
    alphaWin = 2.7000000000000006,
    RWin = 0.0326038378444375,
    gWin = 0.6700000000000002,
    UWin= 1.8936557576825384,
    ratioWinConRad = 0.03,
    AExt = {22.628629418945312, 22.628629418945312, 19.431427617541004, 32.215285496750575, 49.39876244294561, 12.33588422524193, 7.066007748378399, 17.034993387592863},
    alphaExt = 2.452340193668811,
    nExt = 1,
    RExt = {0.0001602210912461166},
    RExtRem = 0.009773285693982715 ,
    CExt = {67849203.9457533},
    AInt = 2402.091371379289,
    alphaInt = 2.4739107210801707,
    nInt = 1,
    RInt = {3.2532161146363404e-05},
    CInt = {234012768.95736304},
    AFloor = 0.0,
    alphaFloor = 0.0,
    nFloor = 1,
    RFloor = {0.00001},
    RFloorRem =  0.00001,
    CFloor = {0.00001},
    ARoof = 0.0,
    alphaRoof = 0.0,
    nRoof = 1,
    RRoof = {0.00001},
    RRoofRem = 0.00001,
    CRoof = {0.00001},
    nOrientationsRoof = 1,
    tiltRoof = {0.0},
    aziRoof = {0.0},
    wfRoof = {0.0},
    aRoof = 0.0,
    aExt = 0.5,
    TSoil = 286.15,
    alphaWallOut = 20.0,
    alphaRadWall = 5.0,
    alphaWinOut = 20.0,
    alphaRoofOut = 0.0,
    alphaRadRoof = 0.0,
    tiltExtWalls = {0.0, 0.0, 1.5707963267948966, 1.5707963267948966, 1.5707963267948966, 1.5707963267948966, 1.5707963267948966, 1.5707963267948966},
    aziExtWalls = {0.0, 0.0, 0.9951197553770182, 2.5638127422714425, -0.5831541567060212, -2.14423685295389, -2.171510110270889, 2.5500751260278953},
    wfWall = {0.11462833564066138, 0.0, 0.10533570482063326, 0.17463564029309211, 0.26778544333497545, 0.06687151788469708, 0.038304077347955774, 0.09234488944482389},
    wfWin = {0.0, 0.0, 0.1413376049678623, 0.23432304538223292, 0.3593098206412616, 0.08972703220131009, 0.051395740523904034, 0.12390675628342902},
    wfGro = 0.1400943912331609,
    nrPeople = 0.0,
    ratioConvectiveHeatPeople = 0.5,
    nrPeopleMachines = 0.0,
    ratioConvectiveHeatMachines = 0.75,
    lightingPower = 7.0,
    ratioConvectiveHeatLighting = 0.9,
    useConstantACHrate = false,
    baseACH = 0.2,
    maxUserACH = 1.0,
    maxOverheatingACH = {3.0, 2.0},
    maxSummerACH = {1.0, 283.15, 290.15},
    winterReduction = {0.2, 273.15, 283.15},
    withAHU = false,
    minAHU = 0.0,
    maxAHU = 2.0,
    hHeat = 3926.8864396397785,
    lHeat = 0,
    KRHeat = 10000,
    TNHeat = 1,
    HeaterOn = true,
    hCool = 0,
    lCool = 0.0,
    KRCool = 10000,
    TNCool = 1,
    CoolerOn = false);
end Inffeldgasse21_2_Floor;
