 
within Inffeldgasse.Inffeldgasse21_2.Inffeldgasse21_2_DataBase;
record Inffeldgasse21_2_Storage "Inffeldgasse21_2_Storage"
  extends AixLib.DataBase.ThermalZones.ZoneBaseRecord(
    T_start = 293.15,
    withAirCap = true,
    VAir = 24.213943414208295,
    AZone = 5.74748701171875,
    alphaRad = 4.999999999999999,
    lat = 0.88645272708792,
    nOrientations = 8,
    AWin = {0.0, 0.0, 0.13146917444681067, 0.21796221421234302, 0.334222201522938, 0.08346213912249975, 0.047807203032035034, 0.1152553770857277},
    ATransparent = {0.0, 0.0, 0.13146917444681067, 0.21796221421234302, 0.334222201522938, 0.08346213912249975, 0.047807203032035034, 0.1152553770857277},
    alphaWin = 2.7,
    RWin = 0.38509708471522014,
    gWin = 0.6700000000000002,
    UWin= 1.8936557576825386,
    ratioWinConRad = 0.03,
    AExt = {1.91582900390625, 1.91582900390625, 1.645141291050631, 2.727473112981482, 4.182294035273523, 1.0444046057761456, 0.5982360811846547, 1.4422497186673495},
    alphaExt = 2.45234019366881,
    nExt = 1,
    RExt = {0.0018924359593236475},
    RExtRem = 0.11543622093813796 ,
    CExt = {5744381.173275812},
    AInt = 98.85143861364574,
    alphaInt = 2.312382170502517,
    nInt = 1,
    RInt = {0.0006249424703919632},
    CInt = {12432152.94027486},
    AFloor = 0.0,
    alphaFloor = 0.0,
    nFloor = 1,
    RFloor = {0.00001},
    RFloorRem =  0.00001,
    CFloor = {0.00001},
    ARoof = 0.0,
    alphaRoof = 0.0,
    nRoof = 1,
    RRoof = {0.00001},
    RRoofRem = 0.00001,
    CRoof = {0.00001},
    nOrientationsRoof = 1,
    tiltRoof = {0.0},
    aziRoof = {0.0},
    wfRoof = {0.0},
    aRoof = 0.0,
    aExt = 0.5,
    TSoil = 286.15,
    alphaWallOut = 20.0,
    alphaRadWall = 5.0,
    alphaWinOut = 20.0,
    alphaRoofOut = 0.0,
    alphaRadRoof = 0.0,
    tiltExtWalls = {0.0, 0.0, 1.5707963267948966, 1.5707963267948966, 1.5707963267948966, 1.5707963267948966, 1.5707963267948966, 1.5707963267948966},
    aziExtWalls = {0.0, 0.0, 0.9951197553770182, 2.5638127422714425, -0.5831541567060212, -2.14423685295389, -2.171510110270889, 2.5500751260278953},
    wfWall = {0.11462833564066138, 0.0, 0.10533570482063327, 0.17463564029309211, 0.2677854433349755, 0.06687151788469708, 0.038304077347955774, 0.09234488944482386},
    wfWin = {0.0, 0.0, 0.14133760496786224, 0.23432304538223295, 0.3593098206412616, 0.08972703220131008, 0.051395740523904034, 0.12390675628342904},
    wfGro = 0.1400943912331609,
    nrPeople = 0.0,
    ratioConvectiveHeatPeople = 0.5,
    nrPeopleMachines = 0.0,
    ratioConvectiveHeatMachines = 0.75,
    lightingPower = 11.3,
    ratioConvectiveHeatLighting = 0.9,
    useConstantACHrate = false,
    baseACH = 0.2,
    maxUserACH = 1.0,
    maxOverheatingACH = {3.0, 2.0},
    maxSummerACH = {1.0, 283.15, 290.15},
    winterReduction = {0.2, 273.15, 283.15},
    withAHU = false,
    minAHU = 0.0,
    maxAHU = 0.5,
    hHeat = 332.4656918818676,
    lHeat = 0,
    KRHeat = 10000,
    TNHeat = 1,
    HeaterOn = true,
    hCool = 0,
    lCool = 0.0,
    KRCool = 10000,
    TNCool = 1,
    CoolerOn = false);
end Inffeldgasse21_2_Storage;
