 
within Inffeldgasse.Inffeldgasse21_2.Inffeldgasse21_2_DataBase;
record Inffeldgasse21_2_Office "Inffeldgasse21_2_Office"
  extends AixLib.DataBase.ThermalZones.ZoneBaseRecord(
    T_start = 293.15,
    withAirCap = true,
    VAir = 21.24030124053359,
    AZone = 5.0416552734375,
    alphaRad = 4.999999999999999,
    lat = 0.88645272708792,
    nOrientations = 8,
    AWin = {0.0, 0.0, 0.11532383723404445, 0.1911949247476693, 0.2931773697569632, 0.07321240273903487, 0.04193614301055704, 0.10110120796993656},
    ATransparent = {0.0, 0.0, 0.11532383723404445, 0.1911949247476693, 0.2931773697569632, 0.07321240273903487, 0.04193614301055704, 0.10110120796993656},
    alphaWin = 2.7,
    RWin = 0.439010676575351,
    gWin = 0.67,
    UWin= 1.8936557576825384,
    ratioWinConRad = 0.029999999999999995,
    AExt = {1.6805517578124998, 1.6805517578124998, 1.443106395658448, 2.3925202745451597, 3.668678978310108, 0.9161443910317065, 0.5247684922672409, 1.2651313321643416},
    alphaExt = 2.4523401936688107,
    nExt = 1,
    RExt = {0.002157376993628958},
    RExtRem = 0.1315972918694773 ,
    CExt = {5038930.853750712},
    AInt = 104.05414590910077,
    alphaInt = 2.312382170502518,
    nInt = 1,
    RInt = {0.0005936953468723651},
    CInt = {13086476.779236695},
    AFloor = 0.0,
    alphaFloor = 0.0,
    nFloor = 1,
    RFloor = {0.00001},
    RFloorRem =  0.00001,
    CFloor = {0.00001},
    ARoof = 0.0,
    alphaRoof = 0.0,
    nRoof = 1,
    RRoof = {0.00001},
    RRoofRem = 0.00001,
    CRoof = {0.00001},
    nOrientationsRoof = 1,
    tiltRoof = {0.0},
    aziRoof = {0.0},
    wfRoof = {0.0},
    aRoof = 0.0,
    aExt = 0.5,
    TSoil = 286.15,
    alphaWallOut = 20.0,
    alphaRadWall = 5.0,
    alphaWinOut = 19.999999999999993,
    alphaRoofOut = 0.0,
    alphaRadRoof = 0.0,
    tiltExtWalls = {0.0, 0.0, 1.5707963267948966, 1.5707963267948966, 1.5707963267948966, 1.5707963267948966, 1.5707963267948966, 1.5707963267948966},
    aziExtWalls = {0.0, 0.0, 0.9951197553770182, 2.5638127422714425, -0.5831541567060212, -2.14423685295389, -2.171510110270889, 2.5500751260278953},
    wfWall = {0.11462833564066137, 0.0, 0.10533570482063329, 0.17463564029309217, 0.2677854433349755, 0.06687151788469711, 0.03830407734795578, 0.09234488944482387},
    wfWin = {0.0, 0.0, 0.14133760496786227, 0.23432304538223292, 0.35930982064126166, 0.0897270322013101, 0.05139574052390402, 0.12390675628342904},
    wfGro = 0.14009439123316092,
    nrPeople = 0.252082763671875,
    ratioConvectiveHeatPeople = 0.5,
    nrPeopleMachines = 0.352915869140625,
    ratioConvectiveHeatMachines = 0.75,
    lightingPower = 12.5,
    ratioConvectiveHeatLighting = 0.9,
    useConstantACHrate = false,
    baseACH = 0.2,
    maxUserACH = 1.0,
    maxOverheatingACH = {3.0, 2.0},
    maxSummerACH = {1.0, 283.15, 290.15},
    winterReduction = {0.2, 273.15, 283.15},
    withAHU = false,
    minAHU = 0.0,
    maxAHU = 2.6,
    hHeat = 291.6365718261996,
    lHeat = 0,
    KRHeat = 10000,
    TNHeat = 1,
    HeaterOn = true,
    hCool = 0,
    lCool = 0.0,
    KRCool = 10000,
    TNCool = 1,
    CoolerOn = false);
end Inffeldgasse21_2_Office;
