 
within Inffeldgasse.Inffeldgasse21_2.Inffeldgasse21_2_DataBase;
record Inffeldgasse21_2_ICT "Inffeldgasse21_2_ICT"
  extends AixLib.DataBase.ThermalZones.ZoneBaseRecord(
    T_start = 293.15,
    withAirCap = true,
    VAir = 38.975952776379145,
    AZone = 9.251437426757814,
    alphaRad = 5.0,
    lat = 0.88645272708792,
    nOrientations = 8,
    AWin = {0.0, 0.0, 0.2116192413244716, 0.35084268691197323, 0.5379804735040276, 0.134344759026129, 0.0769528224243722, 0.18552071662483363},
    ATransparent = {0.0, 0.0, 0.2116192413244716, 0.35084268691197323, 0.5379804735040276, 0.134344759026129, 0.0769528224243722, 0.18552071662483363},
    alphaWin = 2.6999999999999997,
    RWin = 0.23924287551790235,
    gWin = 0.67,
    UWin= 1.8936557576825381,
    ratioWinConRad = 0.029999999999999995,
    AExt = {3.0838124755859377, 3.0838124755859377, 2.648100236033253, 4.390274703790369, 6.73202592519905, 1.681124957543182, 0.9629501833103873, 2.3215159945215675},
    alphaExt = 2.4523401936688107,
    nExt = 1,
    RExt = {0.0011756822853563806},
    RExtRem = 0.07171514543295762 ,
    CExt = {9246438.116632557},
    AInt = 63.64645258106664,
    alphaInt = 2.312382170502518,
    nInt = 1,
    RInt = {0.0009706190957041392},
    CInt = {8004561.629966446},
    AFloor = 0.0,
    alphaFloor = 0.0,
    nFloor = 1,
    RFloor = {0.00001},
    RFloorRem =  0.00001,
    CFloor = {0.00001},
    ARoof = 0.0,
    alphaRoof = 0.0,
    nRoof = 1,
    RRoof = {0.00001},
    RRoofRem = 0.00001,
    CRoof = {0.00001},
    nOrientationsRoof = 1,
    tiltRoof = {0.0},
    aziRoof = {0.0},
    wfRoof = {0.0},
    aRoof = 0.0,
    aExt = 0.5,
    TSoil = 286.15,
    alphaWallOut = 20.0,
    alphaRadWall = 5.0,
    alphaWinOut = 19.999999999999996,
    alphaRoofOut = 0.0,
    alphaRadRoof = 0.0,
    tiltExtWalls = {0.0, 0.0, 1.5707963267948966, 1.5707963267948966, 1.5707963267948966, 1.5707963267948966, 1.5707963267948966, 1.5707963267948966},
    aziExtWalls = {0.0, 0.0, 0.9951197553770182, 2.5638127422714425, -0.5831541567060212, -2.14423685295389, -2.171510110270889, 2.5500751260278953},
    wfWall = {0.11462833564066138, 0.0, 0.1053357048206333, 0.17463564029309217, 0.2677854433349755, 0.0668715178846971, 0.038304077347955795, 0.09234488944482389},
    wfWin = {0.0, 0.0, 0.1413376049678623, 0.23432304538223292, 0.35930982064126166, 0.08972703220131009, 0.051395740523904034, 0.12390675628342905},
    wfGro = 0.14009439123316092,
    nrPeople = 0.2775431228027344,
    ratioConvectiveHeatPeople = 0.5,
    nrPeopleMachines = 13.877156140136721,
    ratioConvectiveHeatMachines = 0.75,
    lightingPower = 7.1,
    ratioConvectiveHeatLighting = 0.9,
    useConstantACHrate = false,
    baseACH = 0.2,
    maxUserACH = 1.0,
    maxOverheatingACH = {3.0, 2.0},
    maxSummerACH = {1.0, 283.15, 290.15},
    winterReduction = {0.2, 273.15, 283.15},
    withAHU = false,
    minAHU = 0.0,
    maxAHU = 130.0,
    hHeat = 535.1531093010764,
    lHeat = 0,
    KRHeat = 10000,
    TNHeat = 1,
    HeaterOn = true,
    hCool = 0,
    lCool = 0.0,
    KRCool = 10000,
    TNCool = 1,
    CoolerOn = false);
end Inffeldgasse21_2_ICT;
