 
within Inffeldgasse.Inffeldgasse21_2.Inffeldgasse21_2_DataBase;
record Inffeldgasse21_2_Restroom "Inffeldgasse21_2_Restroom"
  extends AixLib.DataBase.ThermalZones.ZoneBaseRecord(
    T_start = 293.15,
    withAirCap = true,
    VAir = 31.22324282358438,
    AZone = 7.411233251953124,
    alphaRad = 5.0,
    lat = 0.88645272708792,
    nOrientations = 8,
    AWin = {0.0, 0.0, 0.16952604073404534, 0.2810565393790739, 0.43097073354273585, 0.10762223202638124, 0.061646130225518854, 0.14861877571580676},
    ATransparent = {0.0, 0.0, 0.16952604073404534, 0.2810565393790739, 0.43097073354273585, 0.10762223202638124, 0.061646130225518854, 0.14861877571580676},
    alphaWin = 2.7,
    RWin = 0.29864671875874216,
    gWin = 0.67,
    UWin= 1.8936557576825384,
    ratioWinConRad = 0.03,
    AExt = {2.4704110839843745, 2.4704110839843745, 2.1213664016179186, 3.5170048035813846, 5.392958098115859, 1.3467322548166085, 0.7714096836328441, 1.8597430582815822},
    alphaExt = 2.4523401936688103,
    nExt = 1,
    RExt = {0.0014676033970265022},
    RExtRem = 0.0895219672581478 ,
    CExt = {7407228.3550135465},
    AInt = 107.70304006677341,
    alphaInt = 2.4247530525653387,
    nInt = 1,
    RInt = {0.0006714838063815958},
    CInt = {11421548.139346737},
    AFloor = 0.0,
    alphaFloor = 0.0,
    nFloor = 1,
    RFloor = {0.00001},
    RFloorRem =  0.00001,
    CFloor = {0.00001},
    ARoof = 0.0,
    alphaRoof = 0.0,
    nRoof = 1,
    RRoof = {0.00001},
    RRoofRem = 0.00001,
    CRoof = {0.00001},
    nOrientationsRoof = 1,
    tiltRoof = {0.0},
    aziRoof = {0.0},
    wfRoof = {0.0},
    aRoof = 0.0,
    aExt = 0.5,
    TSoil = 286.15,
    alphaWallOut = 19.999999999999993,
    alphaRadWall = 4.999999999999998,
    alphaWinOut = 20.000000000000004,
    alphaRoofOut = 0.0,
    alphaRadRoof = 0.0,
    tiltExtWalls = {0.0, 0.0, 1.5707963267948966, 1.5707963267948966, 1.5707963267948966, 1.5707963267948966, 1.5707963267948966, 1.5707963267948966},
    aziExtWalls = {0.0, 0.0, 0.9951197553770182, 2.5638127422714425, -0.5831541567060212, -2.14423685295389, -2.171510110270889, 2.5500751260278953},
    wfWall = {0.11462833564066137, 0.0, 0.10533570482063327, 0.17463564029309211, 0.26778544333497545, 0.0668715178846971, 0.03830407734795578, 0.09234488944482386},
    wfWin = {0.0, 0.0, 0.1413376049678623, 0.23432304538223292, 0.3593098206412616, 0.08972703220131006, 0.05139574052390402, 0.12390675628342905},
    wfGro = 0.14009439123316084,
    nrPeople = 0.0,
    ratioConvectiveHeatPeople = 0.5,
    nrPeopleMachines = 0.0,
    ratioConvectiveHeatMachines = 0.75,
    lightingPower = 11.1,
    ratioConvectiveHeatLighting = 0.9,
    useConstantACHrate = false,
    baseACH = 0.2,
    maxUserACH = 1.0,
    maxOverheatingACH = {3.0, 2.0},
    maxSummerACH = {1.0, 283.15, 290.15},
    winterReduction = {0.2, 273.15, 283.15},
    withAHU = false,
    minAHU = 0.0,
    maxAHU = 8.0,
    hHeat = 428.7057605845134,
    lHeat = 0,
    KRHeat = 10000,
    TNHeat = 1,
    HeaterOn = true,
    hCool = 0,
    lCool = 0.0,
    KRCool = 10000,
    TNCool = 1,
    CoolerOn = false);
end Inffeldgasse21_2_Restroom;
