 
within Inffeldgasse.Inffeldgasse21_2.Inffeldgasse21_2_DataBase;
record Inffeldgasse21_2_Meeting "Inffeldgasse21_2_Meeting"
  extends AixLib.DataBase.ThermalZones.ZoneBaseRecord(
    T_start = 293.15,
    withAirCap = true,
    VAir = 59.579044979696725,
    AZone = 14.141843041992187,
    alphaRad = 5.0,
    lat = 0.88645272708792,
    nOrientations = 8,
    AWin = {0.0, 0.0, 0.3234833634414947, 0.5363017639172124, 0.8223625221682818, 0.2053607896829928, 0.11763088114461252, 0.2835888883556721},
    ATransparent = {0.0, 0.0, 0.3234833634414947, 0.5363017639172124, 0.8223625221682818, 0.2053607896829928, 0.11763088114461252, 0.2835888883556721},
    alphaWin = 2.7000000000000006,
    RWin = 0.15651004512490227,
    gWin = 0.67,
    UWin= 1.8936557576825384,
    ratioWinConRad = 0.03,
    AExt = {4.713947680664062, 4.713947680664062, 4.047913439821947, 6.711019370099173, 10.290644534159853, 2.569785016843937, 1.4719756208096106, 3.5486933867209784},
    alphaExt = 2.4523401936688107,
    nExt = 1,
    RExt = {0.0007691183577999851},
    RExtRem = 0.046915255568441096 ,
    CExt = {14134201.044770746},
    AInt = 194.58125285001844,
    alphaInt = 2.312382170502518,
    nInt = 1,
    RInt = {0.0003174841427124948},
    CInt = {24471711.57717262},
    AFloor = 0.0,
    alphaFloor = 0.0,
    nFloor = 1,
    RFloor = {0.00001},
    RFloorRem =  0.00001,
    CFloor = {0.00001},
    ARoof = 0.0,
    alphaRoof = 0.0,
    nRoof = 1,
    RRoof = {0.00001},
    RRoofRem = 0.00001,
    CRoof = {0.00001},
    nOrientationsRoof = 1,
    tiltRoof = {0.0},
    aziRoof = {0.0},
    wfRoof = {0.0},
    aRoof = 0.0,
    aExt = 0.5,
    TSoil = 286.15,
    alphaWallOut = 20.0,
    alphaRadWall = 5.0,
    alphaWinOut = 19.999999999999996,
    alphaRoofOut = 0.0,
    alphaRadRoof = 0.0,
    tiltExtWalls = {0.0, 0.0, 1.5707963267948966, 1.5707963267948966, 1.5707963267948966, 1.5707963267948966, 1.5707963267948966, 1.5707963267948966},
    aziExtWalls = {0.0, 0.0, 0.9951197553770182, 2.5638127422714425, -0.5831541567060212, -2.14423685295389, -2.171510110270889, 2.5500751260278953},
    wfWall = {0.1146283356406614, 0.0, 0.1053357048206333, 0.17463564029309217, 0.26778544333497545, 0.0668715178846971, 0.03830407734795578, 0.09234488944482387},
    wfWin = {0.0, 0.0, 0.1413376049678623, 0.23432304538223292, 0.35930982064126166, 0.08972703220131008, 0.051395740523904034, 0.12390675628342904},
    wfGro = 0.14009439123316092,
    nrPeople = 3.3940423300781255,
    ratioConvectiveHeatPeople = 0.5,
    nrPeopleMachines = 0.2828368608398438,
    ratioConvectiveHeatMachines = 0.75,
    lightingPower = 15.9,
    ratioConvectiveHeatLighting = 0.9,
    useConstantACHrate = false,
    baseACH = 0.2,
    maxUserACH = 1.0,
    maxOverheatingACH = {3.0, 2.0},
    maxSummerACH = {1.0, 283.15, 290.15},
    winterReduction = {0.2, 273.15, 283.15},
    withAHU = false,
    minAHU = 0.0,
    maxAHU = 12.0,
    hHeat = 818.0405839724899,
    lHeat = 0,
    KRHeat = 10000,
    TNHeat = 1,
    HeaterOn = true,
    hCool = 0,
    lCool = 0.0,
    KRCool = 10000,
    TNCool = 1,
    CoolerOn = false);
end Inffeldgasse21_2_Meeting;
