 
within Inffeldgasse.Inffeldgasse21_2.Inffeldgasse21_2_DataBase;
record Inffeldgasse21_2_Laboratory "Inffeldgasse21_2_Laboratory"
  extends AixLib.DataBase.ThermalZones.ZoneBaseRecord(
    T_start = 293.15,
    withAirCap = true,
    VAir = 273.6812814842753,
    AZone = 64.96172819824218,
    alphaRad = 5.0,
    lat = 0.88645272708792,
    nOrientations = 8,
    AWin = {0.0, 0.0, 1.4859476427606628, 2.463546605373719, 3.7775904093184707, 0.9433418092924643, 0.5403472026910275, 1.3026890646926326},
    ATransparent = {0.0, 0.0, 1.4859476427606628, 2.463546605373719, 3.7775904093184707, 0.9433418092924643, 0.5403472026910275, 1.3026890646926326},
    alphaWin = 2.7,
    RWin = 0.03407145336246418,
    gWin = 0.6699999999999998,
    UWin= 1.893655757682538,
    ratioWinConRad = 0.029999999999999992,
    AExt = {21.65390939941406, 21.65390939941406, 18.594425908059105, 30.827623737514383, 47.27092863552574, 11.80452047844354, 6.761642022863398, 16.30121721493754},
    alphaExt = 2.452340193668811,
    nExt = 1,
    RExt = {0.00016743321642444378},
    RExtRem = 0.010213216287891135 ,
    CExt = {64926624.050577916},
    AInt = 223.4562783397939,
    alphaInt = 2.312382170502518,
    nInt = 1,
    RInt = {0.00027645883439923876},
    CInt = {28103208.8834108},
    AFloor = 0.0,
    alphaFloor = 0.0,
    nFloor = 1,
    RFloor = {0.00001},
    RFloorRem =  0.00001,
    CFloor = {0.00001},
    ARoof = 0.0,
    alphaRoof = 0.0,
    nRoof = 1,
    RRoof = {0.00001},
    RRoofRem = 0.00001,
    CRoof = {0.00001},
    nOrientationsRoof = 1,
    tiltRoof = {0.0},
    aziRoof = {0.0},
    wfRoof = {0.0},
    aRoof = 0.0,
    aExt = 0.5,
    TSoil = 286.15,
    alphaWallOut = 20.0,
    alphaRadWall = 5.0,
    alphaWinOut = 19.999999999999996,
    alphaRoofOut = 0.0,
    alphaRadRoof = 0.0,
    tiltExtWalls = {0.0, 0.0, 1.5707963267948966, 1.5707963267948966, 1.5707963267948966, 1.5707963267948966, 1.5707963267948966, 1.5707963267948966},
    aziExtWalls = {0.0, 0.0, 0.9951197553770182, 2.5638127422714425, -0.5831541567060212, -2.14423685295389, -2.171510110270889, 2.5500751260278953},
    wfWall = {0.1146283356406614, 0.0, 0.10533570482063329, 0.17463564029309214, 0.26778544333497545, 0.06687151788469708, 0.03830407734795577, 0.09234488944482384},
    wfWin = {0.0, 0.0, 0.1413376049678623, 0.23432304538223295, 0.35930982064126166, 0.08972703220131008, 0.05139574052390403, 0.12390675628342902},
    wfGro = 0.14009439123316092,
    nrPeople = 3.897703691894531,
    ratioConvectiveHeatPeople = 0.5,
    nrPeopleMachines = 11.693111075683593,
    ratioConvectiveHeatMachines = 0.75,
    lightingPower = 14.0,
    ratioConvectiveHeatLighting = 0.9,
    useConstantACHrate = false,
    baseACH = 0.2,
    maxUserACH = 1.0,
    maxOverheatingACH = {3.0, 2.0},
    maxSummerACH = {1.0, 283.15, 290.15},
    winterReduction = {0.2, 273.15, 283.15},
    withAHU = false,
    minAHU = 24.0,
    maxAHU = 48.0,
    hHeat = 3757.737227980582,
    lHeat = 0,
    KRHeat = 10000,
    TNHeat = 1,
    HeaterOn = true,
    hCool = 0,
    lCool = 0.0,
    KRCool = 10000,
    TNCool = 1,
    CoolerOn = false);
end Inffeldgasse21_2_Laboratory;
