 
within Inffeldgasse.Inffeldgasse18_9.Inffeldgasse18_9_DataBase;
record Inffeldgasse18_9_ICT "Inffeldgasse18_9_ICT"
  extends AixLib.DataBase.ThermalZones.ZoneBaseRecord(
    T_start = 293.15,
    withAirCap = true,
    VAir = 108.58816892300327,
    AZone = 16.240484716796878,
    alphaRad = 5.0,
    lat = 0.88645272708792,
    nOrientations = 10,
    AWin = {0.016139102817910502, 0.0830223904950669, 0.3613693912397477, 0.0, 0.0, 0.08584448521680806, 0.451106383769256, 0.16382336286232105, 0.07604603869486565, 0.3440449213363097},
    ATransparent = {0.016139102817910502, 0.0830223904950669, 0.3613693912397477, 0.0, 0.0, 0.08584448521680806, 0.451106383769256, 0.16382336286232105, 0.07604603869486565, 0.3440449213363097},
    alphaWin = 2.6999999999999997,
    RWin = 0.22651438217300954,
    gWin = 0.67,
    UWin= 1.8936557576825381,
    ratioWinConRad = 0.029999999999999995,
    AExt = {0.20195688120790714, 1.0389018053842158, 4.5220007606487345, 16.240484716796878, 16.240484716796878, 1.0742161258211387, 5.644925829328799, 2.050005865006883, 0.951603132857373, 4.305210772397606},
    alphaExt = 2.078590021944489,
    nExt = 1,
    RExt = {0.0006169423185540372},
    RExtRem = 0.033601941313195986 ,
    CExt = {15543391.505519513},
    AInt = 108.58816892300328,
    alphaInt = 2.7,
    nInt = 1,
    RInt = {0.0011381219778940548},
    CInt = {6270871.024009609},
    AFloor = 0.0,
    alphaFloor = 0.0,
    nFloor = 1,
    RFloor = {0.00001},
    RFloorRem =  0.00001,
    CFloor = {0.00001},
    ARoof = 0.0,
    alphaRoof = 0.0,
    nRoof = 1,
    RRoof = {0.00001},
    RRoofRem = 0.00001,
    CRoof = {0.00001},
    nOrientationsRoof = 1,
    tiltRoof = {0.0},
    aziRoof = {0.0},
    wfRoof = {0.0},
    aRoof = 0.0,
    aExt = 0.5,
    TSoil = 286.15,
    alphaWallOut = 20.000000000000007,
    alphaRadWall = 5.0,
    alphaWinOut = 20.0,
    alphaRoofOut = 0.0,
    alphaRadRoof = 0.0,
    tiltExtWalls = {1.5707963267948966, 1.5707963267948966, 1.5707963267948966, 0.0, 0.0, 1.5707963267948966, 1.5707963267948966, 1.5707963267948966, 1.5707963267948966, 1.5707963267948966},
    aziExtWalls = {-2.085739923232078, -2.105390650228973, -0.535593452052541, 0.0, 0.0, -0.5226794528690364, 2.6196497784694524, -2.090075407313474, -2.0900754073228356, 1.0365739302959902},
    wfWall = {0.0037739990059446104, 0.019414116307122795, 0.08450331711153854, 0.28359916860339807, 0.0, 0.020074040393033756, 0.10548758894026654, 0.03830877190439444, 0.017782752714230826, 0.08045212957455024},
    wfWin = {0.010205604439288344, 0.052499428658233344, 0.22851289226353497, 0.0, 0.0, 0.0542839877347349, 0.2852583173135071, 0.10359413767606869, 0.04808791410841842, 0.2175577178062143},
    wfGro = 0.34660411544552006,
    nrPeople = 0.4872145415039064,
    ratioConvectiveHeatPeople = 0.5,
    nrPeopleMachines = 24.36072707519532,
    ratioConvectiveHeatMachines = 0.75,
    lightingPower = 7.1,
    ratioConvectiveHeatLighting = 0.9,
    useConstantACHrate = false,
    baseACH = 0.2,
    maxUserACH = 1.0,
    maxOverheatingACH = {3.0, 2.0},
    maxSummerACH = {1.0, 283.15, 290.15},
    winterReduction = {0.2, 273.15, 283.15},
    withAHU = false,
    minAHU = 0.0,
    maxAHU = 130.0,
    hHeat = 960.9757253006194,
    lHeat = 0,
    KRHeat = 10000,
    TNHeat = 1,
    HeaterOn = true,
    hCool = 0,
    lCool = 0.0,
    KRCool = 10000,
    TNCool = 1,
    CoolerOn = false);
end Inffeldgasse18_9_ICT;
