 
within Inffeldgasse.Inffeldgasse18_9.Inffeldgasse18_9_DataBase;
record Inffeldgasse18_9_Storage "Inffeldgasse18_9_Storage"
  extends AixLib.DataBase.ThermalZones.ZoneBaseRecord(
    T_start = 293.15,
    withAirCap = true,
    VAir = 67.46076979412736,
    AZone = 10.0894564453125,
    alphaRad = 5.000000000000001,
    lat = 0.88645272708792,
    nOrientations = 10,
    AWin = {0.010026472595323145, 0.051577942868869894, 0.22450196512987047, 0.0, 0.0, 0.05333117882679082, 0.28025137738253497, 0.10177582215969808, 0.04724386055157865, 0.21373907919530952},
    ATransparent = {0.010026472595323145, 0.051577942868869894, 0.22450196512987047, 0.0, 0.0, 0.05333117882679082, 0.28025137738253497, 0.10177582215969808, 0.04724386055157865, 0.21373907919530952},
    alphaWin = 2.7,
    RWin = 0.3646086765679584,
    gWin = 0.6699999999999999,
    UWin= 1.8936557576825384,
    ratioWinConRad = 0.03,
    AExt = {0.1254664003144491, 0.6454212850888315, 2.8093083744629737, 10.0894564453125, 10.0894564453125, 0.6673604269406528, 3.5069293980571277, 1.2735731259443304, 0.5911866874427275, 2.6746268558764412},
    alphaExt = 2.078590021944489,
    nExt = 1,
    RExt = {0.0009930606618830332},
    RExtRem = 0.05408733535939882 ,
    CExt = {9656384.91351076},
    AInt = 168.6519244853184,
    alphaInt = 2.6999999999999997,
    nInt = 1,
    RInt = {0.0007327908173458212},
    CInt = {9739499.955546256},
    AFloor = 0.0,
    alphaFloor = 0.0,
    nFloor = 1,
    RFloor = {0.00001},
    RFloorRem =  0.00001,
    CFloor = {0.00001},
    ARoof = 0.0,
    alphaRoof = 0.0,
    nRoof = 1,
    RRoof = {0.00001},
    RRoofRem = 0.00001,
    CRoof = {0.00001},
    nOrientationsRoof = 1,
    tiltRoof = {0.0},
    aziRoof = {0.0},
    wfRoof = {0.0},
    aRoof = 0.0,
    aExt = 0.5,
    TSoil = 286.15,
    alphaWallOut = 20.0,
    alphaRadWall = 5.0,
    alphaWinOut = 20.0,
    alphaRoofOut = 0.0,
    alphaRadRoof = 0.0,
    tiltExtWalls = {1.5707963267948966, 1.5707963267948966, 1.5707963267948966, 0.0, 0.0, 1.5707963267948966, 1.5707963267948966, 1.5707963267948966, 1.5707963267948966, 1.5707963267948966},
    aziExtWalls = {-2.085739923232078, -2.105390650228973, -0.535593452052541, 0.0, 0.0, -0.5226794528690364, 2.6196497784694524, -2.090075407313474, -2.0900754073228356, 1.0365739302959902},
    wfWall = {0.0037739990059446112, 0.019414116307122798, 0.08450331711153856, 0.2835991686033981, 0.0, 0.02007404039303376, 0.10548758894026654, 0.03830877190439445, 0.017782752714230826, 0.08045212957455025},
    wfWin = {0.010205604439288345, 0.052499428658233344, 0.22851289226353488, 0.0, 0.0, 0.05428398773473488, 0.28525831731350704, 0.10359413767606869, 0.048087914108418416, 0.21755771780621436},
    wfGro = 0.34660411544552006,
    nrPeople = 0.0,
    ratioConvectiveHeatPeople = 0.5,
    nrPeopleMachines = 0.0,
    ratioConvectiveHeatMachines = 0.75,
    lightingPower = 11.3,
    ratioConvectiveHeatLighting = 0.9,
    useConstantACHrate = false,
    baseACH = 0.2,
    maxUserACH = 1.0,
    maxOverheatingACH = {3.0, 2.0},
    maxSummerACH = {1.0, 283.15, 290.15},
    winterReduction = {0.2, 273.15, 283.15},
    withAHU = false,
    minAHU = 0.0,
    maxAHU = 0.5,
    hHeat = 597.009442421093,
    lHeat = 0,
    KRHeat = 10000,
    TNHeat = 1,
    HeaterOn = true,
    hCool = 0,
    lCool = 0.0,
    KRCool = 10000,
    TNCool = 1,
    CoolerOn = false);
end Inffeldgasse18_9_Storage;
