 
within Inffeldgasse.Inffeldgasse18_9.Inffeldgasse18_9_DataBase;
record Inffeldgasse18_9_Office "Inffeldgasse18_9_Office"
  extends AixLib.DataBase.ThermalZones.ZoneBaseRecord(
    T_start = 293.15,
    withAirCap = true,
    VAir = 970.4882672137619,
    AZone = 145.14656640625,
    alphaRad = 4.999999999999999,
    lat = 0.88645272708792,
    nOrientations = 10,
    AWin = {0.1442404829502628, 0.741998476359181, 3.2296773930963822, 0.0, 0.0, 0.7672204673327803, 4.031686481643486, 1.4641434065079373, 0.6796485202156929, 3.074842893686909},
    ATransparent = {0.1442404829502628, 0.741998476359181, 3.2296773930963822, 0.0, 0.0, 0.7672204673327803, 4.031686481643486, 1.4641434065079373, 0.6796485202156929, 3.074842893686909},
    alphaWin = 2.7000000000000006,
    RWin = 0.025344749468748328,
    gWin = 0.6699999999999999,
    UWin= 1.8936557576825381,
    ratioWinConRad = 0.029999999999999995,
    AExt = {1.8049552325938292, 9.28500796092705, 40.41461170280067, 145.14656640625, 145.14656640625, 9.6006236858129, 50.450563270295525, 18.321578303058786, 8.504790942158536, 38.47708810208214},
    alphaExt = 2.078590021944489,
    nExt = 1,
    RExt = {6.902982649674742e-05},
    RExtRem = 0.0037597294091289424 ,
    CExt = {138916414.5452425},
    AInt = 3396.708935248167,
    alphaInt = 2.7000000000000006,
    nInt = 1,
    RInt = {3.638421305636916e-05},
    CInt = {196156946.47310704},
    AFloor = 0.0,
    alphaFloor = 0.0,
    nFloor = 1,
    RFloor = {0.00001},
    RFloorRem =  0.00001,
    CFloor = {0.00001},
    ARoof = 0.0,
    alphaRoof = 0.0,
    nRoof = 1,
    RRoof = {0.00001},
    RRoofRem = 0.00001,
    CRoof = {0.00001},
    nOrientationsRoof = 1,
    tiltRoof = {0.0},
    aziRoof = {0.0},
    wfRoof = {0.0},
    aRoof = 0.0,
    aExt = 0.5,
    TSoil = 286.15,
    alphaWallOut = 20.000000000000004,
    alphaRadWall = 5.0,
    alphaWinOut = 19.999999999999993,
    alphaRoofOut = 0.0,
    alphaRadRoof = 0.0,
    tiltExtWalls = {1.5707963267948966, 1.5707963267948966, 1.5707963267948966, 0.0, 0.0, 1.5707963267948966, 1.5707963267948966, 1.5707963267948966, 1.5707963267948966, 1.5707963267948966},
    aziExtWalls = {-2.085739923232078, -2.105390650228973, -0.535593452052541, 0.0, 0.0, -0.5226794528690364, 2.6196497784694524, -2.090075407313474, -2.0900754073228356, 1.0365739302959902},
    wfWall = {0.0037739990059446117, 0.019414116307122798, 0.08450331711153855, 0.2835991686033982, 0.0, 0.02007404039303376, 0.10548758894026654, 0.03830877190439445, 0.017782752714230826, 0.08045212957455024},
    wfWin = {0.010205604439288345, 0.052499428658233364, 0.22851289226353494, 0.0, 0.0, 0.05428398773473488, 0.285258317313507, 0.1035941376760687, 0.04808791410841843, 0.21755771780621433},
    wfGro = 0.34660411544552006,
    nrPeople = 7.2573283203125,
    ratioConvectiveHeatPeople = 0.5,
    nrPeopleMachines = 10.160259648437501,
    ratioConvectiveHeatMachines = 0.75,
    lightingPower = 12.5,
    ratioConvectiveHeatLighting = 0.9,
    useConstantACHrate = false,
    baseACH = 0.2,
    maxUserACH = 1.0,
    maxOverheatingACH = {3.0, 2.0},
    maxSummerACH = {1.0, 283.15, 290.15},
    winterReduction = {0.2, 273.15, 283.15},
    withAHU = false,
    minAHU = 0.0,
    maxAHU = 2.6,
    hHeat = 8588.55689097011,
    lHeat = 0,
    KRHeat = 10000,
    TNHeat = 1,
    HeaterOn = true,
    hCool = 0,
    lCool = 0.0,
    KRCool = 10000,
    TNCool = 1,
    CoolerOn = false);
end Inffeldgasse18_9_Office;
