 
within Inffeldgasse.Inffeldgasse18_9.Inffeldgasse18_9_DataBase;
record Inffeldgasse18_9_Floor "Inffeldgasse18_9_Floor"
  extends AixLib.DataBase.ThermalZones.ZoneBaseRecord(
    T_start = 293.15,
    withAirCap = true,
    VAir = 796.8063730508112,
    AZone = 119.17064125976562,
    alphaRad = 5.000000000000001,
    lat = 0.88645272708792,
    nOrientations = 10,
    AWin = {0.11842671359300538, 0.609207895376608, 2.6516832986611454, 0.0, 0.0, 0.6299160727217004, 3.31016210215424, 1.2021153029652056, 0.5580163002868478, 2.52455850996916},
    ATransparent = {0.11842671359300538, 0.609207895376608, 2.6516832986611454, 0.0, 0.0, 0.6299160727217004, 3.31016210215424, 1.2021153029652056, 0.5580163002868478, 2.52455850996916},
    alphaWin = 2.7000000000000006,
    RWin = 0.03086920841347736,
    gWin = 0.67,
    UWin= 1.8936557576825384,
    ratioWinConRad = 0.030000000000000002,
    AExt = {1.4819342809070677, 7.623331231334312, 33.18187479135433, 119.17064125976562, 119.17064125976562, 7.882463288382359, 41.42175819722739, 15.042686088456497, 6.982744514400285, 31.591097030154632},
    alphaExt = 2.0785900219444886,
    nExt = 1,
    RExt = {8.40764318267107e-05},
    RExtRem = 0.004579247108036737 ,
    CExt = {114055458.64949323},
    AInt = 5179.241424830272,
    alphaInt = 2.7000000000000006,
    nInt = 1,
    RInt = {2.386190784581782e-05},
    CInt = {299096626.26642007},
    AFloor = 0.0,
    alphaFloor = 0.0,
    nFloor = 1,
    RFloor = {0.00001},
    RFloorRem =  0.00001,
    CFloor = {0.00001},
    ARoof = 0.0,
    alphaRoof = 0.0,
    nRoof = 1,
    RRoof = {0.00001},
    RRoofRem = 0.00001,
    CRoof = {0.00001},
    nOrientationsRoof = 1,
    tiltRoof = {0.0},
    aziRoof = {0.0},
    wfRoof = {0.0},
    aRoof = 0.0,
    aExt = 0.5,
    TSoil = 286.15,
    alphaWallOut = 19.999999999999996,
    alphaRadWall = 4.999999999999999,
    alphaWinOut = 20.0,
    alphaRoofOut = 0.0,
    alphaRadRoof = 0.0,
    tiltExtWalls = {1.5707963267948966, 1.5707963267948966, 1.5707963267948966, 0.0, 0.0, 1.5707963267948966, 1.5707963267948966, 1.5707963267948966, 1.5707963267948966, 1.5707963267948966},
    aziExtWalls = {-2.085739923232078, -2.105390650228973, -0.535593452052541, 0.0, 0.0, -0.5226794528690364, 2.6196497784694524, -2.090075407313474, -2.0900754073228356, 1.0365739302959902},
    wfWall = {0.0037739990059446117, 0.019414116307122798, 0.08450331711153858, 0.2835991686033981, 0.0, 0.02007404039303376, 0.10548758894026655, 0.038308771904394454, 0.017782752714230826, 0.08045212957455025},
    wfWin = {0.010205604439288344, 0.052499428658233364, 0.22851289226353494, 0.0, 0.0, 0.05428398773473488, 0.28525831731350704, 0.10359413767606872, 0.04808791410841843, 0.21755771780621436},
    wfGro = 0.34660411544552006,
    nrPeople = 0.0,
    ratioConvectiveHeatPeople = 0.5,
    nrPeopleMachines = 0.0,
    ratioConvectiveHeatMachines = 0.75,
    lightingPower = 7.0,
    ratioConvectiveHeatLighting = 0.9,
    useConstantACHrate = false,
    baseACH = 0.2,
    maxUserACH = 1.0,
    maxOverheatingACH = {3.0, 2.0},
    maxSummerACH = {1.0, 283.15, 290.15},
    winterReduction = {0.2, 273.15, 283.15},
    withAHU = false,
    minAHU = 0.0,
    maxAHU = 2.0,
    hHeat = 7051.51942298247,
    lHeat = 0,
    KRHeat = 10000,
    TNHeat = 1,
    HeaterOn = true,
    hCool = 0,
    lCool = 0.0,
    KRCool = 10000,
    TNCool = 1,
    CoolerOn = false);
end Inffeldgasse18_9_Floor;
