 
within Inffeldgasse.Inffeldgasse18_9.Inffeldgasse18_9_DataBase;
record Inffeldgasse18_9_Laboratory "Inffeldgasse18_9_Laboratory"
  extends AixLib.DataBase.ThermalZones.ZoneBaseRecord(
    T_start = 293.15,
    withAirCap = true,
    VAir = 762.4842270152026,
    AZone = 114.03740903320312,
    alphaRad = 5.0,
    lat = 0.88645272708792,
    nOrientations = 10,
    AWin = {0.11332552578134975, 0.5829664858468321, 2.5374630006126146, 0.0, 0.0, 0.6027826659501752, 3.167578068047336, 1.1503346215155348, 0.5339799501816587, 2.415814066168038},
    ATransparent = {0.11332552578134975, 0.5829664858468321, 2.5374630006126146, 0.0, 0.0, 0.6027826659501752, 3.167578068047336, 1.1503346215155348, 0.5339799501816587, 2.415814066168038},
    alphaWin = 2.6999999999999997,
    RWin = 0.03225874204792182,
    gWin = 0.67,
    UWin= 1.8936557576825381,
    ratioWinConRad = 0.029999999999999995,
    AExt = {1.4181004982909444, 7.294958998569818, 31.752577548206503, 114.03740903320312, 114.03740903320312, 7.54292903607922, 39.637530959619376, 14.3947278313971, 6.681965322543459, 30.230321963129775},
    alphaExt = 2.0785900219444886,
    nExt = 1,
    RExt = {8.786101315845233e-05},
    RExtRem = 0.004785375421786159 ,
    CExt = {109142561.06191759},
    AInt = 381.2421135076013,
    alphaInt = 2.7,
    nInt = 1,
    RInt = {0.0003241682311890711},
    CInt = {23814997.373767454},
    AFloor = 0.0,
    alphaFloor = 0.0,
    nFloor = 1,
    RFloor = {0.00001},
    RFloorRem =  0.00001,
    CFloor = {0.00001},
    ARoof = 0.0,
    alphaRoof = 0.0,
    nRoof = 1,
    RRoof = {0.00001},
    RRoofRem = 0.00001,
    CRoof = {0.00001},
    nOrientationsRoof = 1,
    tiltRoof = {0.0},
    aziRoof = {0.0},
    wfRoof = {0.0},
    aRoof = 0.0,
    aExt = 0.5,
    TSoil = 286.15,
    alphaWallOut = 20.000000000000004,
    alphaRadWall = 4.999999999999999,
    alphaWinOut = 20.0,
    alphaRoofOut = 0.0,
    alphaRadRoof = 0.0,
    tiltExtWalls = {1.5707963267948966, 1.5707963267948966, 1.5707963267948966, 0.0, 0.0, 1.5707963267948966, 1.5707963267948966, 1.5707963267948966, 1.5707963267948966, 1.5707963267948966},
    aziExtWalls = {-2.085739923232078, -2.105390650228973, -0.535593452052541, 0.0, 0.0, -0.5226794528690364, 2.6196497784694524, -2.090075407313474, -2.0900754073228356, 1.0365739302959902},
    wfWall = {0.0037739990059446112, 0.019414116307122795, 0.08450331711153855, 0.2835991686033981, 0.0, 0.02007404039303376, 0.1054875889402665, 0.03830877190439443, 0.017782752714230823, 0.08045212957455022},
    wfWin = {0.010205604439288345, 0.052499428658233344, 0.22851289226353497, 0.0, 0.0, 0.054283987734734876, 0.2852583173135071, 0.10359413767606873, 0.048087914108418436, 0.21755771780621433},
    wfGro = 0.34660411544552006,
    nrPeople = 6.842244541992187,
    ratioConvectiveHeatPeople = 0.5,
    nrPeopleMachines = 20.52673362597656,
    ratioConvectiveHeatMachines = 0.75,
    lightingPower = 14.0,
    ratioConvectiveHeatLighting = 0.9,
    useConstantACHrate = false,
    baseACH = 0.2,
    maxUserACH = 1.0,
    maxOverheatingACH = {3.0, 2.0},
    maxSummerACH = {1.0, 283.15, 290.15},
    winterReduction = {0.2, 273.15, 283.15},
    withAHU = false,
    minAHU = 24.0,
    maxAHU = 48.0,
    hHeat = 6747.777776838407,
    lHeat = 0,
    KRHeat = 10000,
    TNHeat = 1,
    HeaterOn = true,
    hCool = 0,
    lCool = 0.0,
    KRCool = 10000,
    TNCool = 1,
    CoolerOn = false);
end Inffeldgasse18_9_Laboratory;
