 
within Inffeldgasse.Inffeldgasse18_9.Inffeldgasse18_9_DataBase;
record Inffeldgasse18_9_Restroom "Inffeldgasse18_9_Restroom"
  extends AixLib.DataBase.ThermalZones.ZoneBaseRecord(
    T_start = 293.15,
    withAirCap = true,
    VAir = 86.9888873661116,
    AZone = 13.01008857421875,
    alphaRad = 5.0,
    lat = 0.88645272708792,
    nOrientations = 10,
    AWin = {0.012928872557127213, 0.0665084000151217, 0.2894893760885172, 0.0, 0.0, 0.06876915164507238, 0.36137677609853197, 0.1312372443638212, 0.06091971492177247, 0.27561091790974124},
    ATransparent = {0.012928872557127213, 0.0665084000151217, 0.2894893760885172, 0.0, 0.0, 0.06876915164507238, 0.36137677609853197, 0.1312372443638212, 0.06091971492177247, 0.27561091790974124},
    alphaWin = 2.7,
    RWin = 0.28275774917515145,
    gWin = 0.6699999999999999,
    UWin= 1.8936557576825381,
    ratioWinConRad = 0.030000000000000002,
    AExt = {0.16178562145810543, 0.832253762351388, 3.6225292197022556, 13.01008857421875, 13.01008857421875, 0.8605437084234734, 4.522093171178928, 1.6422390308229522, 0.7623196759129908, 3.448860945735411},
    alphaExt = 2.078590021944489,
    nExt = 1,
    RExt = {0.0007701286765623526},
    RExtRem = 0.04194528048279909 ,
    CExt = {12451654.230579661},
    AInt = 217.472218415279,
    alphaInt = 2.6999999999999997,
    nInt = 1,
    RInt = {0.0005682867563090041},
    CInt = {12558828.890046488},
    AFloor = 0.0,
    alphaFloor = 0.0,
    nFloor = 1,
    RFloor = {0.00001},
    RFloorRem =  0.00001,
    CFloor = {0.00001},
    ARoof = 0.0,
    alphaRoof = 0.0,
    nRoof = 1,
    RRoof = {0.00001},
    RRoofRem = 0.00001,
    CRoof = {0.00001},
    nOrientationsRoof = 1,
    tiltRoof = {0.0},
    aziRoof = {0.0},
    wfRoof = {0.0},
    aRoof = 0.0,
    aExt = 0.5,
    TSoil = 286.15,
    alphaWallOut = 20.0,
    alphaRadWall = 5.0,
    alphaWinOut = 19.999999999999993,
    alphaRoofOut = 0.0,
    alphaRadRoof = 0.0,
    tiltExtWalls = {1.5707963267948966, 1.5707963267948966, 1.5707963267948966, 0.0, 0.0, 1.5707963267948966, 1.5707963267948966, 1.5707963267948966, 1.5707963267948966, 1.5707963267948966},
    aziExtWalls = {-2.085739923232078, -2.105390650228973, -0.535593452052541, 0.0, 0.0, -0.5226794528690364, 2.6196497784694524, -2.090075407313474, -2.0900754073228356, 1.0365739302959902},
    wfWall = {0.0037739990059446112, 0.019414116307122798, 0.08450331711153855, 0.2835991686033982, 0.0, 0.02007404039303376, 0.10548758894026652, 0.03830877190439445, 0.017782752714230826, 0.08045212957455025},
    wfWin = {0.010205604439288345, 0.05249942865823335, 0.22851289226353497, 0.0, 0.0, 0.05428398773473489, 0.28525831731350704, 0.10359413767606869, 0.04808791410841843, 0.2175577178062143},
    wfGro = 0.3466041154455201,
    nrPeople = 0.0,
    ratioConvectiveHeatPeople = 0.5,
    nrPeopleMachines = 0.0,
    ratioConvectiveHeatMachines = 0.75,
    lightingPower = 11.1,
    ratioConvectiveHeatLighting = 0.9,
    useConstantACHrate = false,
    baseACH = 0.2,
    maxUserACH = 1.0,
    maxOverheatingACH = {3.0, 2.0},
    maxSummerACH = {1.0, 283.15, 290.15},
    winterReduction = {0.2, 273.15, 283.15},
    withAHU = false,
    minAHU = 0.0,
    maxAHU = 8.0,
    hHeat = 769.8279652271989,
    lHeat = 0,
    KRHeat = 10000,
    TNHeat = 1,
    HeaterOn = true,
    hCool = 0,
    lCool = 0.0,
    KRCool = 10000,
    TNCool = 1,
    CoolerOn = false);
end Inffeldgasse18_9_Restroom;
