 
within Inffeldgasse.Inffeldgasse18_9.Inffeldgasse18_9_DataBase;
record Inffeldgasse18_9_Meeting "Inffeldgasse18_9_Meeting"
  extends AixLib.DataBase.ThermalZones.ZoneBaseRecord(
    T_start = 293.15,
    withAirCap = true,
    VAir = 165.98899936186598,
    AZone = 24.825373095703124,
    alphaRad = 5.0,
    lat = 0.88645272708792,
    nOrientations = 10,
    AWin = {0.02467039967533458, 0.1269088857431404, 0.5523929931484971, 0.0, 0.0, 0.1312227689553932, 0.6895658890859743, 0.25042208873504657, 0.11624476214664747, 0.5259106290726695},
    ATransparent = {0.02467039967533458, 0.1269088857431404, 0.5523929931484971, 0.0, 0.0, 0.1312227689553932, 0.6895658890859743, 0.25042208873504657, 0.11624476214664747, 0.5259106290726695},
    alphaWin = 2.700000000000001,
    RWin = 0.14818320545007937,
    gWin = 0.67,
    UWin= 1.8936557576825384,
    ratioWinConRad = 0.030000000000000002,
    AExt = {0.3087133797210787, 1.58807605673173, 6.912377184533895, 24.825373095703124, 24.825373095703124, 1.6420578926039746, 8.6288920715353, 3.1336601914682864, 1.4546304019972374, 6.580989763801243},
    alphaExt = 2.0785900219444886,
    nExt = 1,
    RExt = {0.000403596846540698},
    RExtRem = 0.02198201864873963 ,
    CExt = {23759789.19508568},
    AInt = 331.977998723732,
    alphaInt = 2.7,
    nInt = 1,
    RInt = {0.0003722734098815669},
    CInt = {19171436.754601575},
    AFloor = 0.0,
    alphaFloor = 0.0,
    nFloor = 1,
    RFloor = {0.00001},
    RFloorRem =  0.00001,
    CFloor = {0.00001},
    ARoof = 0.0,
    alphaRoof = 0.0,
    nRoof = 1,
    RRoof = {0.00001},
    RRoofRem = 0.00001,
    CRoof = {0.00001},
    nOrientationsRoof = 1,
    tiltRoof = {0.0},
    aziRoof = {0.0},
    wfRoof = {0.0},
    aRoof = 0.0,
    aExt = 0.5,
    TSoil = 286.15,
    alphaWallOut = 19.999999999999996,
    alphaRadWall = 4.999999999999998,
    alphaWinOut = 20.0,
    alphaRoofOut = 0.0,
    alphaRadRoof = 0.0,
    tiltExtWalls = {1.5707963267948966, 1.5707963267948966, 1.5707963267948966, 0.0, 0.0, 1.5707963267948966, 1.5707963267948966, 1.5707963267948966, 1.5707963267948966, 1.5707963267948966},
    aziExtWalls = {-2.085739923232078, -2.105390650228973, -0.535593452052541, 0.0, 0.0, -0.5226794528690364, 2.6196497784694524, -2.090075407313474, -2.0900754073228356, 1.0365739302959902},
    wfWall = {0.0037739990059446112, 0.0194141163071228, 0.08450331711153856, 0.2835991686033982, 0.0, 0.02007404039303376, 0.10548758894026652, 0.03830877190439444, 0.017782752714230823, 0.08045212957455024},
    wfWin = {0.010205604439288345, 0.05249942865823336, 0.22851289226353494, 0.0, 0.0, 0.05428398773473488, 0.2852583173135071, 0.1035941376760687, 0.048087914108418436, 0.21755771780621433},
    wfGro = 0.3466041154455201,
    nrPeople = 5.95808954296875,
    ratioConvectiveHeatPeople = 0.5,
    nrPeopleMachines = 0.4965074619140625,
    ratioConvectiveHeatMachines = 0.75,
    lightingPower = 15.9,
    ratioConvectiveHeatLighting = 0.9,
    useConstantACHrate = false,
    baseACH = 0.2,
    maxUserACH = 1.0,
    maxOverheatingACH = {3.0, 2.0},
    maxSummerACH = {1.0, 283.15, 290.15},
    winterReduction = {0.2, 273.15, 283.15},
    withAHU = false,
    minAHU = 0.0,
    maxAHU = 12.0,
    hHeat = 1468.9574438519,
    lHeat = 0,
    KRHeat = 10000,
    TNHeat = 1,
    HeaterOn = true,
    hCool = 0,
    lCool = 0.0,
    KRCool = 10000,
    TNCool = 1,
    CoolerOn = false);
end Inffeldgasse18_9_Meeting;
