 
within Inffeldgasse.Inffeldgasse18_5.Inffeldgasse18_5_DataBase;
record Inffeldgasse18_5_Meeting "Inffeldgasse18_5_Meeting"
  extends AixLib.DataBase.ThermalZones.ZoneBaseRecord(
    T_start = 293.15,
    withAirCap = true,
    VAir = 204.89320609999893,
    AZone = 37.0461609375,
    alphaRad = 5.000000000000001,
    lat = 0.88645272708792,
    nOrientations = 8,
    AWin = {0.5041400995393956, 1.0024076698762057, 0.6058252664507053, 0.0, 0.0, 0.10206798579079099, 0.17185257250729044, 1.1823102628490227},
    ATransparent = {0.5041400995393956, 1.0024076698762057, 0.6058252664507053, 0.0, 0.0, 0.10206798579079099, 0.17185257250729044, 1.1823102628490227},
    alphaWin = 2.7,
    RWin = 0.10037789835369067,
    gWin = 0.67,
    UWin= 1.8936557576825386,
    ratioWinConRad = 0.029999999999999992,
    AExt = {6.308563948290277, 12.543641923045493, 7.581002658558826, 18.52308046875, 18.52308046875, 1.2772291194901686, 2.1504794884020395, 14.794855451326963},
    alphaExt = 2.24656934862585,
    nExt = 1,
    RExt = {0.000378947892886558},
    RExtRem = 0.021658300952406978 ,
    CExt = {27007673.743066132},
    AInt = 557.9710559499979,
    alphaInt = 2.434422346518133,
    nInt = 1,
    RInt = {0.0001315435251851076},
    CInt = {58224210.84176062},
    AFloor = 0.0,
    alphaFloor = 0.0,
    nFloor = 1,
    RFloor = {0.00001},
    RFloorRem =  0.00001,
    CFloor = {0.00001},
    ARoof = 0.0,
    alphaRoof = 0.0,
    nRoof = 1,
    RRoof = {0.00001},
    RRoofRem = 0.00001,
    CRoof = {0.00001},
    nOrientationsRoof = 1,
    tiltRoof = {0.0},
    aziRoof = {0.0},
    wfRoof = {0.0},
    aRoof = 0.0,
    aExt = 0.5,
    TSoil = 286.15,
    alphaWallOut = 20.000000000000004,
    alphaRadWall = 5.000000000000001,
    alphaWinOut = 20.0,
    alphaRoofOut = 0.0,
    alphaRadRoof = 0.0,
    tiltExtWalls = {1.5707963267948966, 1.5707963267948966, 1.5707963267948966, 0.0, 0.0, 1.5707963267948966, 1.5707963267948966, 1.5707963267948966},
    aziExtWalls = {2.6157603434974424, -2.0983860643236847, -0.5332482984772225, 0.0, 0.0, 2.6507408733598163, -2.085386663919157, 1.0448229590664901},
    wfWall = {0.07589748855675098, 0.15091087720087912, 0.09120602838346503, 0.20824421668253093, 0.0, 0.015366172598936103, 0.025872130916063024, 0.17799492586901575},
    wfWin = {0.1412709619053413, 0.2808963140882573, 0.1697653454193497, 0.0, 0.0, 0.028601657645523137, 0.048156808486755104, 0.3313089124547734},
    wfGro = 0.2545081597923591,
    nrPeople = 8.891078625,
    ratioConvectiveHeatPeople = 0.5,
    nrPeopleMachines = 0.74092321875,
    ratioConvectiveHeatMachines = 0.75,
    lightingPower = 15.9,
    ratioConvectiveHeatLighting = 0.9,
    useConstantACHrate = false,
    baseACH = 0.2,
    maxUserACH = 1.0,
    maxOverheatingACH = {3.0, 2.0},
    maxSummerACH = {1.0, 283.15, 290.15},
    winterReduction = {0.2, 273.15, 283.15},
    withAHU = false,
    minAHU = 0.0,
    maxAHU = 12.0,
    hHeat = 1736.251679951159,
    lHeat = 0,
    KRHeat = 10000,
    TNHeat = 1,
    HeaterOn = true,
    hCool = 0,
    lCool = 0.0,
    KRCool = 10000,
    TNCool = 1,
    CoolerOn = false);
end Inffeldgasse18_5_Meeting;
