 
within Inffeldgasse.Inffeldgasse18_5.Inffeldgasse18_5_DataBase;
record Inffeldgasse18_5_Office "Inffeldgasse18_5_Office"
  extends AixLib.DataBase.ThermalZones.ZoneBaseRecord(
    T_start = 293.15,
    withAirCap = true,
    VAir = 1197.9495829019547,
    AZone = 216.59787500000002,
    alphaRad = 5.000000000000002,
    lat = 0.88645272708792,
    nOrientations = 8,
    AWin = {2.9475570882160746, 5.860779246335035, 3.5420799892305057, 0.0, 0.0, 0.596761129044197, 1.0047708339107178, 6.912616153555785},
    ATransparent = {2.9475570882160746, 5.860779246335035, 3.5420799892305057, 0.0, 0.0, 0.596761129044197, 1.0047708339107178, 6.912616153555785},
    alphaWin = 2.7000000000000006,
    RWin = 0.017168292980615993,
    gWin = 0.67,
    UWin= 1.8936557576825381,
    ratioWinConRad = 0.029999999999999995,
    AExt = {36.884295455244406, 73.33894029873302, 44.32386581118173, 108.29893750000001, 108.29893750000001, 7.467578452634141, 12.573213408126009, 86.50111565125212},
    alphaExt = 2.2465693486258504,
    nExt = 1,
    RExt = {6.481395363090209e-05},
    RExtRem = 0.003704361839725705 ,
    CExt = {157905828.6582121},
    AInt = 5709.008665156841,
    alphaInt = 2.434422346518133,
    nInt = 1,
    RInt = {1.2856431642656e-05},
    CInt = {595734349.789137},
    AFloor = 0.0,
    alphaFloor = 0.0,
    nFloor = 1,
    RFloor = {0.00001},
    RFloorRem =  0.00001,
    CFloor = {0.00001},
    ARoof = 0.0,
    alphaRoof = 0.0,
    nRoof = 1,
    RRoof = {0.00001},
    RRoofRem = 0.00001,
    CRoof = {0.00001},
    nOrientationsRoof = 1,
    tiltRoof = {0.0},
    aziRoof = {0.0},
    wfRoof = {0.0},
    aRoof = 0.0,
    aExt = 0.5,
    TSoil = 286.15,
    alphaWallOut = 19.999999999999996,
    alphaRadWall = 4.999999999999999,
    alphaWinOut = 20.0,
    alphaRoofOut = 0.0,
    alphaRadRoof = 0.0,
    tiltExtWalls = {1.5707963267948966, 1.5707963267948966, 1.5707963267948966, 0.0, 0.0, 1.5707963267948966, 1.5707963267948966, 1.5707963267948966},
    aziExtWalls = {2.6157603434974424, -2.0983860643236847, -0.5332482984772225, 0.0, 0.0, 2.6507408733598163, -2.085386663919157, 1.0448229590664901},
    wfWall = {0.075897488556751, 0.15091087720087915, 0.09120602838346505, 0.20824421668253096, 0.0, 0.015366172598936101, 0.025872130916063035, 0.17799492586901572},
    wfWin = {0.14127096190534133, 0.2808963140882574, 0.1697653454193497, 0.0, 0.0, 0.028601657645523148, 0.048156808486755104, 0.3313089124547734},
    wfGro = 0.2545081597923591,
    nrPeople = 10.829893750000002,
    ratioConvectiveHeatPeople = 0.5,
    nrPeopleMachines = 15.161851250000002,
    ratioConvectiveHeatMachines = 0.75,
    lightingPower = 12.5,
    ratioConvectiveHeatLighting = 0.9,
    useConstantACHrate = false,
    baseACH = 0.2,
    maxUserACH = 1.0,
    maxOverheatingACH = {3.0, 2.0},
    maxSummerACH = {1.0, 283.15, 290.15},
    winterReduction = {0.2, 273.15, 283.15},
    withAHU = false,
    minAHU = 0.0,
    maxAHU = 2.6,
    hHeat = 10151.346720570058,
    lHeat = 0,
    KRHeat = 10000,
    TNHeat = 1,
    HeaterOn = true,
    hCool = 0,
    lCool = 0.0,
    KRCool = 10000,
    TNCool = 1,
    CoolerOn = false);
end Inffeldgasse18_5_Office;
