 
within Inffeldgasse.Inffeldgasse18_5.Inffeldgasse18_5_DataBase;
record Inffeldgasse18_5_ICT "Inffeldgasse18_5_ICT"
  extends AixLib.DataBase.ThermalZones.ZoneBaseRecord(
    T_start = 293.15,
    withAirCap = true,
    VAir = 134.03887101372482,
    AZone = 24.2351890625,
    alphaRad = 5.0,
    lat = 0.88645272708792,
    nOrientations = 8,
    AWin = {0.3298028815168596, 0.6557640193307799, 0.39632419391694984, 0.0, 0.0, 0.06677174828025009, 0.11242405367232726, 0.7734543074252966},
    ATransparent = {0.3298028815168596, 0.6557640193307799, 0.39632419391694984, 0.0, 0.0, 0.06677174828025009, 0.11242405367232726, 0.7734543074252966},
    alphaWin = 2.7,
    RWin = 0.15343869475863883,
    gWin = 0.6699999999999999,
    UWin= 1.8936557576825381,
    ratioWinConRad = 0.030000000000000002,
    AExt = {4.126992814656919, 8.205911917571653, 4.959408156312103, 12.11759453125, 12.11759453125, 0.8355491744258323, 1.4068199148726357, 9.678630928051685},
    alphaExt = 2.2465693486258504,
    nExt = 1,
    RExt = {0.0005792636727775453},
    RExtRem = 0.03310710309073655 ,
    CExt = {17668121.68218408},
    AInt = 182.50924913872484,
    alphaInt = 2.4344223465181325,
    nInt = 1,
    RInt = {0.000402157589258013},
    CInt = {19044817.628276426},
    AFloor = 0.0,
    alphaFloor = 0.0,
    nFloor = 1,
    RFloor = {0.00001},
    RFloorRem =  0.00001,
    CFloor = {0.00001},
    ARoof = 0.0,
    alphaRoof = 0.0,
    nRoof = 1,
    RRoof = {0.00001},
    RRoofRem = 0.00001,
    CRoof = {0.00001},
    nOrientationsRoof = 1,
    tiltRoof = {0.0},
    aziRoof = {0.0},
    wfRoof = {0.0},
    aRoof = 0.0,
    aExt = 0.5,
    TSoil = 286.15,
    alphaWallOut = 20.0,
    alphaRadWall = 5.0,
    alphaWinOut = 20.000000000000004,
    alphaRoofOut = 0.0,
    alphaRadRoof = 0.0,
    tiltExtWalls = {1.5707963267948966, 1.5707963267948966, 1.5707963267948966, 0.0, 0.0, 1.5707963267948966, 1.5707963267948966, 1.5707963267948966},
    aziExtWalls = {2.6157603434974424, -2.0983860643236847, -0.5332482984772225, 0.0, 0.0, 2.6507408733598163, -2.085386663919157, 1.0448229590664901},
    wfWall = {0.07589748855675098, 0.15091087720087912, 0.09120602838346505, 0.2082442166825309, 0.0, 0.015366172598936103, 0.025872130916063028, 0.1779949258690157},
    wfWin = {0.14127096190534136, 0.28089631408825744, 0.16976534541934968, 0.0, 0.0, 0.02860165764552315, 0.04815680848675512, 0.33130891245477345},
    wfGro = 0.2545081597923591,
    nrPeople = 0.7270556718750001,
    ratioConvectiveHeatPeople = 0.5,
    nrPeopleMachines = 36.352783593750004,
    ratioConvectiveHeatMachines = 0.75,
    lightingPower = 7.1,
    ratioConvectiveHeatLighting = 0.9,
    useConstantACHrate = false,
    baseACH = 0.2,
    maxUserACH = 1.0,
    maxOverheatingACH = {3.0, 2.0},
    maxSummerACH = {1.0, 283.15, 290.15},
    winterReduction = {0.2, 273.15, 283.15},
    withAHU = false,
    minAHU = 0.0,
    maxAHU = 130.0,
    hHeat = 1135.8366605028082,
    lHeat = 0,
    KRHeat = 10000,
    TNHeat = 1,
    HeaterOn = true,
    hCool = 0,
    lCool = 0.0,
    KRCool = 10000,
    TNCool = 1,
    CoolerOn = false);
end Inffeldgasse18_5_ICT;
