 
within Inffeldgasse.Inffeldgasse18_5.Inffeldgasse18_5_DataBase;
record Inffeldgasse18_5_Restroom "Inffeldgasse18_5_Restroom"
  extends AixLib.DataBase.ThermalZones.ZoneBaseRecord(
    T_start = 293.15,
    withAirCap = true,
    VAir = 107.37718822352885,
    AZone = 19.414565624999998,
    alphaRad = 5.000000000000001,
    lat = 0.88645272708792,
    nOrientations = 8,
    AWin = {0.26420176339497736, 0.5253259446410061, 0.31749131610785625, 0.0, 0.0, 0.053490174371644474, 0.0900617759663875, 0.619606447910183},
    ATransparent = {0.26420176339497736, 0.5253259446410061, 0.31749131610785625, 0.0, 0.0, 0.053490174371644474, 0.0900617759663875, 0.619606447910183},
    alphaWin = 2.7,
    RWin = 0.19153741828714443,
    gWin = 0.67,
    UWin= 1.8936557576825381,
    ratioWinConRad = 0.03,
    AExt = {3.30609233653715, 6.5736733072644835, 3.9729318745388498, 9.707282812499999, 9.707282812499999, 0.6693500198397675, 1.1269892506064165, 7.753453658984183},
    alphaExt = 2.2465693486258504,
    nExt = 1,
    RExt = {0.0007230944486712885},
    RExtRem = 0.0413275742663276 ,
    CExt = {14153754.154120237},
    AInt = 326.68666743382204,
    alphaInt = 2.521713884645145,
    nInt = 1,
    RInt = {0.0002594959239667174},
    CInt = {29085576.915942382},
    AFloor = 0.0,
    alphaFloor = 0.0,
    nFloor = 1,
    RFloor = {0.00001},
    RFloorRem =  0.00001,
    CFloor = {0.00001},
    ARoof = 0.0,
    alphaRoof = 0.0,
    nRoof = 1,
    RRoof = {0.00001},
    RRoofRem = 0.00001,
    CRoof = {0.00001},
    nOrientationsRoof = 1,
    tiltRoof = {0.0},
    aziRoof = {0.0},
    wfRoof = {0.0},
    aRoof = 0.0,
    aExt = 0.5,
    TSoil = 286.15,
    alphaWallOut = 20.000000000000004,
    alphaRadWall = 5.0,
    alphaWinOut = 19.999999999999996,
    alphaRoofOut = 0.0,
    alphaRadRoof = 0.0,
    tiltExtWalls = {1.5707963267948966, 1.5707963267948966, 1.5707963267948966, 0.0, 0.0, 1.5707963267948966, 1.5707963267948966, 1.5707963267948966},
    aziExtWalls = {2.6157603434974424, -2.0983860643236847, -0.5332482984772225, 0.0, 0.0, 2.6507408733598163, -2.085386663919157, 1.0448229590664901},
    wfWall = {0.07589748855675098, 0.15091087720087915, 0.09120602838346505, 0.20824421668253096, 0.0, 0.015366172598936103, 0.025872130916063028, 0.17799492586901575},
    wfWin = {0.1412709619053413, 0.2808963140882573, 0.16976534541934965, 0.0, 0.0, 0.028601657645523137, 0.04815680848675512, 0.33130891245477345},
    wfGro = 0.25450815979235913,
    nrPeople = 0.0,
    ratioConvectiveHeatPeople = 0.5,
    nrPeopleMachines = 0.0,
    ratioConvectiveHeatMachines = 0.75,
    lightingPower = 11.1,
    ratioConvectiveHeatLighting = 0.9,
    useConstantACHrate = false,
    baseACH = 0.2,
    maxUserACH = 1.0,
    maxOverheatingACH = {3.0, 2.0},
    maxSummerACH = {1.0, 283.15, 290.15},
    winterReduction = {0.2, 273.15, 283.15},
    withAHU = false,
    minAHU = 0.0,
    maxAHU = 8.0,
    hHeat = 909.9072975145111,
    lHeat = 0,
    KRHeat = 10000,
    TNHeat = 1,
    HeaterOn = true,
    hCool = 0,
    lCool = 0.0,
    KRCool = 10000,
    TNCool = 1,
    CoolerOn = false);
end Inffeldgasse18_5_Restroom;
