 
within Inffeldgasse.Inffeldgasse18_5.Inffeldgasse18_5_DataBase;
record Inffeldgasse18_5_Floor "Inffeldgasse18_5_Floor"
  extends AixLib.DataBase.ThermalZones.ZoneBaseRecord(
    T_start = 293.15,
    withAirCap = true,
    VAir = 983.5604349862695,
    AZone = 177.8347796875,
    alphaRad = 5.0,
    lat = 0.88645272708792,
    nOrientations = 8,
    AWin = {2.420052206879844, 4.811914179993979, 2.9081772594505337, 0.0, 0.0, 0.489962719669519, 0.824953614549257, 5.675510762660283},
    ATransparent = {2.420052206879844, 4.811914179993979, 2.9081772594505337, 0.0, 0.0, 0.489962719669519, 0.824953614549257, 5.675510762660283},
    alphaWin = 2.7,
    RWin = 0.02091050908890474,
    gWin = 0.6700000000000002,
    UWin= 1.8936557576825386,
    ratioWinConRad = 0.03,
    AExt = {30.283355994199137, 60.213953117221955, 36.39151543582695, 88.91738984375, 88.91738984375, 6.13115511370236, 10.323068203683945, 71.02058062464084},
    alphaExt = 2.24656934862585,
    nExt = 1,
    RExt = {7.894161452259899e-05},
    RExtRem = 0.004511810929929563 ,
    CExt = {129646462.37090391},
    AInt = 7460.15150553575,
    alphaInt = 2.5569722508539905,
    nInt = 1,
    RInt = {1.2120518907984326e-05},
    CInt = {618036885.7221959},
    AFloor = 0.0,
    alphaFloor = 0.0,
    nFloor = 1,
    RFloor = {0.00001},
    RFloorRem =  0.00001,
    CFloor = {0.00001},
    ARoof = 0.0,
    alphaRoof = 0.0,
    nRoof = 1,
    RRoof = {0.00001},
    RRoofRem = 0.00001,
    CRoof = {0.00001},
    nOrientationsRoof = 1,
    tiltRoof = {0.0},
    aziRoof = {0.0},
    wfRoof = {0.0},
    aRoof = 0.0,
    aExt = 0.5,
    TSoil = 286.15,
    alphaWallOut = 19.999999999999996,
    alphaRadWall = 4.999999999999999,
    alphaWinOut = 20.0,
    alphaRoofOut = 0.0,
    alphaRadRoof = 0.0,
    tiltExtWalls = {1.5707963267948966, 1.5707963267948966, 1.5707963267948966, 0.0, 0.0, 1.5707963267948966, 1.5707963267948966, 1.5707963267948966},
    aziExtWalls = {2.6157603434974424, -2.0983860643236847, -0.5332482984772225, 0.0, 0.0, 2.6507408733598163, -2.085386663919157, 1.0448229590664901},
    wfWall = {0.07589748855675096, 0.1509108772008791, 0.09120602838346503, 0.2082442166825309, 0.0, 0.015366172598936098, 0.025872130916063024, 0.17799492586901572},
    wfWin = {0.14127096190534127, 0.2808963140882573, 0.16976534541934968, 0.0, 0.0, 0.02860165764552314, 0.048156808486755104, 0.33130891245477345},
    wfGro = 0.2545081597923591,
    nrPeople = 0.0,
    ratioConvectiveHeatPeople = 0.5,
    nrPeopleMachines = 0.0,
    ratioConvectiveHeatMachines = 0.75,
    lightingPower = 7.0,
    ratioConvectiveHeatLighting = 0.9,
    useConstantACHrate = false,
    baseACH = 0.2,
    maxUserACH = 1.0,
    maxOverheatingACH = {3.0, 2.0},
    maxSummerACH = {1.0, 283.15, 290.15},
    winterReduction = {0.2, 273.15, 283.15},
    withAHU = false,
    minAHU = 0.0,
    maxAHU = 2.0,
    hHeat = 8334.627048321698,
    lHeat = 0,
    KRHeat = 10000,
    TNHeat = 1,
    HeaterOn = true,
    hCool = 0,
    lCool = 0.0,
    KRCool = 10000,
    TNCool = 1,
    CoolerOn = false);
end Inffeldgasse18_5_Floor;
