 
within Inffeldgasse.Inffeldgasse18_5.Inffeldgasse18_5_DataBase;
record Inffeldgasse18_5_Storage "Inffeldgasse18_5_Storage"
  extends AixLib.DataBase.ThermalZones.ZoneBaseRecord(
    T_start = 293.15,
    withAirCap = true,
    VAir = 83.27210515294075,
    AZone = 15.05619375,
    alphaRad = 5.0,
    lat = 0.88645272708792,
    nOrientations = 8,
    AWin = {0.20489116344916616, 0.40739563053792316, 0.24621775534894977, 0.0, 0.0, 0.04148217604331613, 0.06984382625964745, 0.4805111228691216},
    ATransparent = {0.20489116344916616, 0.40739563053792316, 0.24621775534894977, 0.0, 0.0, 0.04148217604331613, 0.06984382625964745, 0.4805111228691216},
    alphaWin = 2.7,
    RWin = 0.24698246042289676,
    gWin = 0.6699999999999999,
    UWin= 1.8936557576825381,
    ratioWinConRad = 0.03,
    AExt = {2.5639083426206475, 5.097950728082661, 3.081049208826047, 7.528096875, 7.528096875, 0.5190877704879829, 0.8739916637355883, 6.012882429416306},
    alphaExt = 2.2465693486258504,
    nExt = 1,
    RExt = {0.0009324112627603458},
    RExtRem = 0.05329081944868558 ,
    CExt = {10976380.772583032},
    AInt = 283.4612316323519,
    alphaInt = 2.434422346518134,
    nInt = 1,
    RInt = {0.00025893304431173823},
    CInt = {29579144.545279466},
    AFloor = 0.0,
    alphaFloor = 0.0,
    nFloor = 1,
    RFloor = {0.00001},
    RFloorRem =  0.00001,
    CFloor = {0.00001},
    ARoof = 0.0,
    alphaRoof = 0.0,
    nRoof = 1,
    RRoof = {0.00001},
    RRoofRem = 0.00001,
    CRoof = {0.00001},
    nOrientationsRoof = 1,
    tiltRoof = {0.0},
    aziRoof = {0.0},
    wfRoof = {0.0},
    aRoof = 0.0,
    aExt = 0.5,
    TSoil = 286.15,
    alphaWallOut = 20.0,
    alphaRadWall = 5.0,
    alphaWinOut = 19.999999999999996,
    alphaRoofOut = 0.0,
    alphaRadRoof = 0.0,
    tiltExtWalls = {1.5707963267948966, 1.5707963267948966, 1.5707963267948966, 0.0, 0.0, 1.5707963267948966, 1.5707963267948966, 1.5707963267948966},
    aziExtWalls = {2.6157603434974424, -2.0983860643236847, -0.5332482984772225, 0.0, 0.0, 2.6507408733598163, -2.085386663919157, 1.0448229590664901},
    wfWall = {0.07589748855675098, 0.15091087720087915, 0.09120602838346502, 0.2082442166825309, 0.0, 0.015366172598936103, 0.025872130916063028, 0.17799492586901572},
    wfWin = {0.14127096190534133, 0.2808963140882573, 0.16976534541934968, 0.0, 0.0, 0.028601657645523144, 0.04815680848675511, 0.3313089124547734},
    wfGro = 0.25450815979235913,
    nrPeople = 0.0,
    ratioConvectiveHeatPeople = 0.5,
    nrPeopleMachines = 0.0,
    ratioConvectiveHeatMachines = 0.75,
    lightingPower = 11.3,
    ratioConvectiveHeatLighting = 0.9,
    useConstantACHrate = false,
    baseACH = 0.2,
    maxUserACH = 1.0,
    maxOverheatingACH = {3.0, 2.0},
    maxSummerACH = {1.0, 283.15, 290.15},
    winterReduction = {0.2, 273.15, 283.15},
    withAHU = false,
    minAHU = 0.0,
    maxAHU = 0.5,
    hHeat = 705.6423939908454,
    lHeat = 0,
    KRHeat = 10000,
    TNHeat = 1,
    HeaterOn = true,
    hCool = 0,
    lCool = 0.0,
    KRCool = 10000,
    TNCool = 1,
    CoolerOn = false);
end Inffeldgasse18_5_Storage;
