 
within Inffeldgasse.Inffeldgasse18_5.Inffeldgasse18_5_DataBase;
record Inffeldgasse18_5_Restroom "Inffeldgasse18_5_Restroom"
  extends AixLib.DataBase.ThermalZones.ZoneBaseRecord(
    T_start = 293.15,
    withAirCap = true,
    VAir = 73.04570627450943,
    AZone = 13.2071875,
    alphaRad = 4.999999999999999,
    lat = 0.88645272708792,
    nOrientations = 8,
    AWin = {0.17972909074488258, 0.3573645881911606, 0.2159804871482015, 0.0, 0.0, 0.03638787372220712, 0.06126651426284863, 0.4215009849729136},
    ATransparent = {0.17972909074488258, 0.3573645881911606, 0.2159804871482015, 0.0, 0.0, 0.03638787372220712, 0.06126651426284863, 0.4215009849729136},
    alphaWin = 2.7,
    RWin = 0.2815600048821023,
    gWin = 0.67,
    UWin= 1.8936557576825381,
    ratioWinConRad = 0.030000000000000002,
    AExt = {2.249042405807585, 4.4718866035812805, 2.702674744584251, 6.603593749999998, 6.603593749999998, 0.45534014955086216, 0.7666593541540248, 5.274458271417812},
    alphaExt = 2.24656934862585,
    nExt = 1,
    RExt = {0.0010629488395467956},
    RExtRem = 0.060751534171501594 ,
    CExt = {9628404.186476339},
    AInt = 148.15721879084904,
    alphaInt = 2.521713884645143,
    nInt = 1,
    RInt = {0.0005721885123466117},
    CInt = {13190737.830359362},
    AFloor = 0.0,
    alphaFloor = 0.0,
    nFloor = 1,
    RFloor = {0.00001},
    RFloorRem =  0.00001,
    CFloor = {0.00001},
    ARoof = 0.0,
    alphaRoof = 0.0,
    nRoof = 1,
    RRoof = {0.00001},
    RRoofRem = 0.00001,
    CRoof = {0.00001},
    nOrientationsRoof = 1,
    tiltRoof = {0.0},
    aziRoof = {0.0},
    wfRoof = {0.0},
    aRoof = 0.0,
    aExt = 0.5,
    TSoil = 286.15,
    alphaWallOut = 20.0,
    alphaRadWall = 4.999999999999999,
    alphaWinOut = 20.0,
    alphaRoofOut = 0.0,
    alphaRadRoof = 0.0,
    tiltExtWalls = {1.5707963267948966, 1.5707963267948966, 1.5707963267948966, 0.0, 0.0, 1.5707963267948966, 1.5707963267948966, 1.5707963267948966},
    aziExtWalls = {2.6157603434974424, -2.0983860643236847, -0.5332482984772225, 0.0, 0.0, 2.6507408733598163, -2.085386663919157, 1.0448229590664901},
    wfWall = {0.07589748855675099, 0.15091087720087917, 0.09120602838346503, 0.2082442166825309, 0.0, 0.015366172598936105, 0.025872130916063035, 0.17799492586901575},
    wfWin = {0.14127096190534133, 0.2808963140882574, 0.16976534541934973, 0.0, 0.0, 0.02860165764552314, 0.04815680848675511, 0.3313089124547734},
    wfGro = 0.2545081597923591,
    nrPeople = 0.0,
    ratioConvectiveHeatPeople = 0.5,
    nrPeopleMachines = 0.0,
    ratioConvectiveHeatMachines = 0.75,
    lightingPower = 11.1,
    ratioConvectiveHeatLighting = 0.9,
    useConstantACHrate = false,
    baseACH = 0.2,
    maxUserACH = 1.0,
    maxOverheatingACH = {3.0, 2.0},
    maxSummerACH = {1.0, 283.15, 290.15},
    winterReduction = {0.2, 273.15, 283.15},
    withAHU = false,
    minAHU = 0.0,
    maxAHU = 8.0,
    hHeat = 618.9845561323204,
    lHeat = 0,
    KRHeat = 10000,
    TNHeat = 1,
    HeaterOn = true,
    hCool = 0,
    lCool = 0.0,
    KRCool = 10000,
    TNCool = 1,
    CoolerOn = false);
end Inffeldgasse18_5_Restroom;
