 
within Inffeldgasse.Inffeldgasse18_5.Inffeldgasse18_5_DataBase;
record Inffeldgasse18_5_Laboratory "Inffeldgasse18_5_Laboratory"
  extends AixLib.DataBase.ThermalZones.ZoneBaseRecord(
    T_start = 293.15,
    withAirCap = true,
    VAir = 941.1939253470539,
    AZone = 170.17461093749998,
    alphaRad = 5.0,
    lat = 0.88645272708792,
    nOrientations = 8,
    AWin = {2.315809334247812, 4.604642718843104, 2.7829085769045765, 0.0, 0.0, 0.4688577529106388, 0.7894190362768047, 5.431040191375992},
    ATransparent = {2.315809334247812, 4.604642718843104, 2.7829085769045765, 0.0, 0.0, 0.4688577529106388, 0.7894190362768047, 5.431040191375992},
    alphaWin = 2.700000000000001,
    RWin = 0.02185176599783487,
    gWin = 0.67,
    UWin= 1.8936557576825386,
    ratioWinConRad = 0.03,
    AExt = {28.978911398830732, 57.62025888714481, 34.82396408396808, 85.08730546874999, 85.08730546874999, 5.867057826962859, 9.87840577827461, 67.9613948272185},
    alphaExt = 2.24656934862585,
    nExt = 1,
    RExt = {8.249505933618899e-05},
    RExtRem = 0.004714903699767293 ,
    CExt = {124061987.94274765},
    AInt = 640.7715736110268,
    alphaInt = 2.434422346518134,
    nInt = 1,
    RInt = {0.00011454546779797503},
    CInt = {66864434.643144876},
    AFloor = 0.0,
    alphaFloor = 0.0,
    nFloor = 1,
    RFloor = {0.00001},
    RFloorRem =  0.00001,
    CFloor = {0.00001},
    ARoof = 0.0,
    alphaRoof = 0.0,
    nRoof = 1,
    RRoof = {0.00001},
    RRoofRem = 0.00001,
    CRoof = {0.00001},
    nOrientationsRoof = 1,
    tiltRoof = {0.0},
    aziRoof = {0.0},
    wfRoof = {0.0},
    aRoof = 0.0,
    aExt = 0.5,
    TSoil = 286.15,
    alphaWallOut = 20.0,
    alphaRadWall = 5.0,
    alphaWinOut = 20.0,
    alphaRoofOut = 0.0,
    alphaRadRoof = 0.0,
    tiltExtWalls = {1.5707963267948966, 1.5707963267948966, 1.5707963267948966, 0.0, 0.0, 1.5707963267948966, 1.5707963267948966, 1.5707963267948966},
    aziExtWalls = {2.6157603434974424, -2.0983860643236847, -0.5332482984772225, 0.0, 0.0, 2.6507408733598163, -2.085386663919157, 1.0448229590664901},
    wfWall = {0.07589748855675095, 0.15091087720087917, 0.09120602838346503, 0.2082442166825309, 0.0, 0.015366172598936098, 0.025872130916063028, 0.17799492586901572},
    wfWin = {0.14127096190534133, 0.2808963140882573, 0.16976534541934968, 0.0, 0.0, 0.02860165764552314, 0.048156808486755104, 0.3313089124547734},
    wfGro = 0.2545081597923591,
    nrPeople = 10.210476656249998,
    ratioConvectiveHeatPeople = 0.5,
    nrPeopleMachines = 30.631429968749995,
    ratioConvectiveHeatMachines = 0.75,
    lightingPower = 14.0,
    ratioConvectiveHeatLighting = 0.9,
    useConstantACHrate = false,
    baseACH = 0.2,
    maxUserACH = 1.0,
    maxOverheatingACH = {3.0, 2.0},
    maxSummerACH = {1.0, 283.15, 290.15},
    winterReduction = {0.2, 273.15, 283.15},
    withAHU = false,
    minAHU = 24.0,
    maxAHU = 48.0,
    hHeat = 7975.616005764951,
    lHeat = 0,
    KRHeat = 10000,
    TNHeat = 1,
    HeaterOn = true,
    hCool = 0,
    lCool = 0.0,
    KRCool = 10000,
    TNCool = 1,
    CoolerOn = false);
end Inffeldgasse18_5_Laboratory;
