 
within Inffeldgasse.Inffeldgasse25C_2.Inffeldgasse25C_2_DataBase;
record Inffeldgasse25C_2_ICT "Inffeldgasse25C_2_ICT"
  extends AixLib.DataBase.ThermalZones.ZoneBaseRecord(
    T_start = 293.15,
    withAirCap = true,
    VAir = 8.588756079073997,
    AZone = 2.346300170898438,
    alphaRad = 5.0,
    lat = 0.88645272708792,
    nOrientations = 11,
    AWin = {0.14945412415346948, 0.08375444718463607, 0.0, 0.023107545294996926, 0.06616068334346537, 0.008515615812484367, 0.015709953095098747, 0.010105900352171116, 0.12767581688930787, 0.1050601779624182, 0.016042651424795232},
    ATransparent = {0.14945412415346948, 0.08375444718463607, 0.0, 0.023107545294996926, 0.06616068334346537, 0.008515615812484367, 0.015709953095098747, 0.010105900352171116, 0.12767581688930787, 0.1050601779624182, 0.016042651424795232},
    alphaWin = 2.7,
    RWin = 0.2695984704097961,
    gWin = 0.78,
    UWin= 3.001782134105592,
    ratioWinConRad = 0.030000000000000002,
    AExt = {1.8701962022447671, 1.0480624066617974, 2.346300170898438, 0.2891565803130697, 0.8279026050817424, 0.1065602735454125, 0.19658671035218167, 0.12646032062311427, 1.5976730599932314, 1.3146719566648548, 0.20074993539676197},
    alphaExt = 2.463580767401044,
    nExt = 1,
    RExt = {0.002636136709373714},
    RExtRem = 0.08949709532639993 ,
    CExt = {4023206.837195383},
    AInt = 8.588756079073997,
    alphaInt = 2.7,
    nInt = 1,
    RInt = {0.002403056899548899},
    CInt = {956303.0128690855},
    AFloor = 0.0,
    alphaFloor = 0.0,
    nFloor = 1,
    RFloor = {0.00001},
    RFloorRem =  0.00001,
    CFloor = {0.00001},
    ARoof = 0.0,
    alphaRoof = 0.0,
    nRoof = 1,
    RRoof = {0.00001},
    RRoofRem = 0.00001,
    CRoof = {0.00001},
    nOrientationsRoof = 1,
    tiltRoof = {0.0},
    aziRoof = {0.0},
    wfRoof = {0.0},
    aRoof = 0.0,
    aExt = 0.5,
    TSoil = 286.15,
    alphaWallOut = 20.0,
    alphaRadWall = 5.000000000000001,
    alphaWinOut = 20.0,
    alphaRoofOut = 0.0,
    alphaRadRoof = 0.0,
    tiltExtWalls = {1.5707963267948966, 1.5707963267948966, 0.0, 1.5707963267948966, 1.5707963267948966, 1.5707963267948966, 1.5707963267948966, 1.5707963267948966, 1.5707963267948966, 1.5707963267948966, 1.5707963267948966},
    aziExtWalls = {2.602257163724953, -0.5385396011385476, 0.0, -2.1187234907093146, -0.5153071020657398, 1.0088747642697289, -0.5218342800060007, -2.140109518080755, 1.047944812896186, -2.088178428827435, 2.5935409566102483},
    wfWall = {0.19476101365784843, 0.10914453598672252, 0.21082993064749656, 0.030112577824730244, 0.08621723773268061, 0.01109711743957757, 0.020472411896621828, 0.013169495372994444, 0.16638063123250513, 0.13690908076931452, 0.020905967439508167},
    wfWin = {0.24679219501779318, 0.13830293396235008, 0.0, 0.038157273057044534, 0.10925051656282395, 0.014061756610564951, 0.02594169836347061, 0.0166877785719873, 0.2108298802677814, 0.17348488758784955, 0.026491079998334267},
    wfGro = 0,
    nrPeople = 0.07038900512695313,
    ratioConvectiveHeatPeople = 0.5,
    nrPeopleMachines = 3.519450256347657,
    ratioConvectiveHeatMachines = 0.75,
    lightingPower = 7.1,
    ratioConvectiveHeatLighting = 0.9,
    useConstantACHrate = false,
    baseACH = 0.2,
    maxUserACH = 1.0,
    maxOverheatingACH = {3.0, 2.0},
    maxSummerACH = {1.0, 283.15, 290.15},
    winterReduction = {0.2, 273.15, 283.15},
    withAHU = false,
    minAHU = 0.0,
    maxAHU = 130.0,
    hHeat = 369.05322412082296,
    lHeat = 0,
    KRHeat = 10000,
    TNHeat = 1,
    HeaterOn = true,
    hCool = 0,
    lCool = 0.0,
    KRCool = 10000,
    TNCool = 1,
    CoolerOn = false);
end Inffeldgasse25C_2_ICT;
