 
within Inffeldgasse.Inffeldgasse25C_2.Inffeldgasse25C_2_DataBase;
record Inffeldgasse25C_2_Meeting "Inffeldgasse25C_2_Meeting"
  extends AixLib.DataBase.ThermalZones.ZoneBaseRecord(
    T_start = 293.15,
    withAirCap = true,
    VAir = 13.128861472371964,
    AZone = 3.586578735351562,
    alphaRad = 4.999999999999999,
    lat = 0.88645272708792,
    nOrientations = 11,
    AWin = {0.2284571216623879, 0.12802791517869433, 0.0, 0.035322432998619264, 0.10113390560131896, 0.013017058503552394, 0.02401439696553241, 0.015447983917079005, 0.19516657568093107, 0.16059607584990898, 0.0245229630771393},
    ATransparent = {0.2284571216623879, 0.12802791517869433, 0.0, 0.035322432998619264, 0.10113390560131896, 0.013017058503552394, 0.02401439696553241, 0.015447983917079005, 0.19516657568093107, 0.16059607584990898, 0.0245229630771393},
    alphaWin = 2.7000000000000006,
    RWin = 0.17636833982245131,
    gWin = 0.7800000000000001,
    UWin= 3.0017821341055915,
    ratioWinConRad = 0.030000000000000002,
    AExt = {2.8588012791806925, 1.6020790466955535, 3.586578735351562, 0.44200774265839793, 1.265540494416505, 0.1628891374903989, 0.30050448094706783, 0.1933085555029076, 2.442219582169489, 2.0096211653650773, 0.3068684298571756},
    alphaExt = 2.4635807674010435,
    nExt = 1,
    RExt = {0.0017245315014976002},
    RExtRem = 0.058548010668072706 ,
    CExt = {6149915.628519367},
    AInt = 26.25772294474393,
    alphaInt = 2.7000000000000006,
    nInt = 1,
    RInt = {0.0007860266329184013},
    CInt = {2923629.3744934974},
    AFloor = 0.0,
    alphaFloor = 0.0,
    nFloor = 1,
    RFloor = {0.00001},
    RFloorRem =  0.00001,
    CFloor = {0.00001},
    ARoof = 0.0,
    alphaRoof = 0.0,
    nRoof = 1,
    RRoof = {0.00001},
    RRoofRem = 0.00001,
    CRoof = {0.00001},
    nOrientationsRoof = 1,
    tiltRoof = {0.0},
    aziRoof = {0.0},
    wfRoof = {0.0},
    aRoof = 0.0,
    aExt = 0.5,
    TSoil = 286.15,
    alphaWallOut = 19.999999999999996,
    alphaRadWall = 4.999999999999999,
    alphaWinOut = 19.999999999999996,
    alphaRoofOut = 0.0,
    alphaRadRoof = 0.0,
    tiltExtWalls = {1.5707963267948966, 1.5707963267948966, 0.0, 1.5707963267948966, 1.5707963267948966, 1.5707963267948966, 1.5707963267948966, 1.5707963267948966, 1.5707963267948966, 1.5707963267948966, 1.5707963267948966},
    aziExtWalls = {2.602257163724953, -0.5385396011385476, 0.0, -2.1187234907093146, -0.5153071020657398, 1.0088747642697289, -0.5218342800060007, -2.140109518080755, 1.047944812896186, -2.088178428827435, 2.5935409566102483},
    wfWall = {0.1947610136578484, 0.10914453598672255, 0.21082993064749664, 0.030112577824730247, 0.08621723773268061, 0.011097117439577572, 0.02047241189662184, 0.01316949537299445, 0.16638063123250513, 0.13690908076931452, 0.020905967439508177},
    wfWin = {0.24679219501779318, 0.1383029339623501, 0.0, 0.038157273057044534, 0.10925051656282395, 0.014061756610564956, 0.025941698363470617, 0.01668777857198731, 0.2108298802677815, 0.17348488758784958, 0.026491079998334277},
    wfGro = 0,
    nrPeople = 0.860778896484375,
    ratioConvectiveHeatPeople = 0.5,
    nrPeopleMachines = 0.07173157470703125,
    ratioConvectiveHeatMachines = 0.75,
    lightingPower = 15.9,
    ratioConvectiveHeatLighting = 0.9,
    useConstantACHrate = false,
    baseACH = 0.2,
    maxUserACH = 1.0,
    maxOverheatingACH = {3.0, 2.0},
    maxSummerACH = {1.0, 283.15, 290.15},
    winterReduction = {0.2, 273.15, 283.15},
    withAHU = false,
    minAHU = 0.0,
    maxAHU = 12.0,
    hHeat = 564.1385796506311,
    lHeat = 0,
    KRHeat = 10000,
    TNHeat = 1,
    HeaterOn = true,
    hCool = 0,
    lCool = 0.0,
    KRCool = 10000,
    TNCool = 1,
    CoolerOn = false);
end Inffeldgasse25C_2_Meeting;
