 
within Inffeldgasse.Inffeldgasse25C_2.Inffeldgasse25C_2_DataBase;
record Inffeldgasse25C_2_Storage "Inffeldgasse25C_2_Storage"
  extends AixLib.DataBase.ThermalZones.ZoneBaseRecord(
    T_start = 293.15,
    withAirCap = true,
    VAir = 5.33579396738112,
    AZone = 1.45764697265625,
    alphaRad = 4.999999999999999,
    lat = 0.88645272708792,
    nOrientations = 11,
    AWin = {0.09284888367027531, 0.05203273558064583, 0.0, 0.014355641218690185, 0.04110254987005477, 0.005290355327646963, 0.009759861868344724, 0.006278325014427832, 0.07931903610561905, 0.0652689933935459, 0.009966551838837363},
    ATransparent = {0.09284888367027531, 0.05203273558064583, 0.0, 0.014355641218690185, 0.04110254987005477, 0.005290355327646963, 0.009759861868344724, 0.006278325014427832, 0.07931903610561905, 0.0652689933935459, 0.009966551838837363},
    alphaWin = 2.6999999999999997,
    RWin = 0.433958941405242,
    gWin = 0.78,
    UWin= 3.0017821341055915,
    ratioWinConRad = 0.030000000000000002,
    AExt = {1.1618657605226343, 0.651112339833487, 1.45764697265625, 0.17963951038523124, 0.5143373132387935, 0.0662009328837985, 0.12213016337955698, 0.07856390491027261, 0.9925598301865305, 0.8167444308435609, 0.12471658111842432},
    alphaExt = 2.4635807674010435,
    nExt = 1,
    RExt = {0.004243255141842777},
    RExtRem = 0.14405892098591572 ,
    CExt = {2499430.9506281936},
    AInt = 13.3394849184528,
    alphaInt = 2.7,
    nInt = 1,
    RInt = {0.0015472313721656952},
    CInt = {1485266.2597694243},
    AFloor = 0.0,
    alphaFloor = 0.0,
    nFloor = 1,
    RFloor = {0.00001},
    RFloorRem =  0.00001,
    CFloor = {0.00001},
    ARoof = 0.0,
    alphaRoof = 0.0,
    nRoof = 1,
    RRoof = {0.00001},
    RRoofRem = 0.00001,
    CRoof = {0.00001},
    nOrientationsRoof = 1,
    tiltRoof = {0.0},
    aziRoof = {0.0},
    wfRoof = {0.0},
    aRoof = 0.0,
    aExt = 0.5,
    TSoil = 286.15,
    alphaWallOut = 20.0,
    alphaRadWall = 5.0,
    alphaWinOut = 20.0,
    alphaRoofOut = 0.0,
    alphaRadRoof = 0.0,
    tiltExtWalls = {1.5707963267948966, 1.5707963267948966, 0.0, 1.5707963267948966, 1.5707963267948966, 1.5707963267948966, 1.5707963267948966, 1.5707963267948966, 1.5707963267948966, 1.5707963267948966, 1.5707963267948966},
    aziExtWalls = {2.602257163724953, -0.5385396011385476, 0.0, -2.1187234907093146, -0.5153071020657398, 1.0088747642697289, -0.5218342800060007, -2.140109518080755, 1.047944812896186, -2.088178428827435, 2.5935409566102483},
    wfWall = {0.19476101365784837, 0.10914453598672252, 0.21082993064749658, 0.030112577824730244, 0.0862172377326806, 0.011097117439577572, 0.02047241189662184, 0.013169495372994446, 0.16638063123250513, 0.13690908076931452, 0.020905967439508174},
    wfWin = {0.24679219501779315, 0.13830293396235008, 0.0, 0.03815727305704453, 0.10925051656282396, 0.014061756610564954, 0.02594169836347061, 0.016687778571987312, 0.21082988026778146, 0.17348488758784958, 0.026491079998334263},
    wfGro = 0,
    nrPeople = 0.0,
    ratioConvectiveHeatPeople = 0.5,
    nrPeopleMachines = 0.0,
    ratioConvectiveHeatMachines = 0.75,
    lightingPower = 11.3,
    ratioConvectiveHeatLighting = 0.9,
    useConstantACHrate = false,
    baseACH = 0.2,
    maxUserACH = 1.0,
    maxOverheatingACH = {3.0, 2.0},
    maxSummerACH = {1.0, 283.15, 290.15},
    winterReduction = {0.2, 273.15, 283.15},
    withAHU = false,
    minAHU = 0.0,
    maxAHU = 0.5,
    hHeat = 229.27557247833138,
    lHeat = 0,
    KRHeat = 10000,
    TNHeat = 1,
    HeaterOn = true,
    hCool = 0,
    lCool = 0.0,
    KRCool = 10000,
    TNCool = 1,
    CoolerOn = false);
end Inffeldgasse25C_2_Storage;
