 
within Inffeldgasse.Inffeldgasse25C_2.Inffeldgasse25C_2_DataBase;
record Inffeldgasse25C_2_Office "Inffeldgasse25C_2_Office"
  extends AixLib.DataBase.ThermalZones.ZoneBaseRecord(
    T_start = 293.15,
    withAirCap = true,
    VAir = 76.76054479390383,
    AZone = 20.969658203125,
    alphaRad = 4.999999999999998,
    lat = 0.88645272708792,
    nOrientations = 11,
    AWin = {1.3357207826250133, 0.7485411083531506, 0.0, 0.20651975086536759, 0.5912998402358757, 0.07610686611702648, 0.1404050303867136, 0.09031976336545301, 1.141080870291362, 0.9389574488194323, 0.14337846504994103},
    ATransparent = {1.3357207826250133, 0.7485411083531506, 0.0, 0.20651975086536759, 0.5912998402358757, 0.07610686611702648, 0.1404050303867136, 0.09031976336545301, 1.141080870291362, 0.9389574488194323, 0.14337846504994103},
    alphaWin = 2.6999999999999997,
    RWin = 0.03016543860987658,
    gWin = 0.78,
    UWin= 3.001782134105591,
    ratioWinConRad = 0.03,
    AExt = {16.71456006365895, 9.366879274797533, 20.969658203125, 2.5842876932612215, 7.399238541330012, 0.9523642976265749, 1.7569602451094162, 1.1302175794109393, 14.27893089040272, 11.74965672441614, 1.7941683599492622},
    alphaExt = 2.463580767401044,
    nExt = 1,
    RExt = {0.0002949579793719979},
    RExtRem = 0.010013851824630724 ,
    CExt = {35956725.95640559},
    AInt = 268.6619067786634,
    alphaInt = 2.7,
    nInt = 1,
    RInt = {7.682246360056152e-05},
    CInt = {29913783.617812265},
    AFloor = 0.0,
    alphaFloor = 0.0,
    nFloor = 1,
    RFloor = {0.00001},
    RFloorRem =  0.00001,
    CFloor = {0.00001},
    ARoof = 0.0,
    alphaRoof = 0.0,
    nRoof = 1,
    RRoof = {0.00001},
    RRoofRem = 0.00001,
    CRoof = {0.00001},
    nOrientationsRoof = 1,
    tiltRoof = {0.0},
    aziRoof = {0.0},
    wfRoof = {0.0},
    aRoof = 0.0,
    aExt = 0.5,
    TSoil = 286.15,
    alphaWallOut = 20.0,
    alphaRadWall = 4.999999999999999,
    alphaWinOut = 19.999999999999993,
    alphaRoofOut = 0.0,
    alphaRadRoof = 0.0,
    tiltExtWalls = {1.5707963267948966, 1.5707963267948966, 0.0, 1.5707963267948966, 1.5707963267948966, 1.5707963267948966, 1.5707963267948966, 1.5707963267948966, 1.5707963267948966, 1.5707963267948966, 1.5707963267948966},
    aziExtWalls = {2.602257163724953, -0.5385396011385476, 0.0, -2.1187234907093146, -0.5153071020657398, 1.0088747642697289, -0.5218342800060007, -2.140109518080755, 1.047944812896186, -2.088178428827435, 2.5935409566102483},
    wfWall = {0.1947610136578484, 0.10914453598672252, 0.2108299306474966, 0.030112577824730247, 0.08621723773268058, 0.01109711743957757, 0.020472411896621828, 0.013169495372994446, 0.16638063123250513, 0.13690908076931452, 0.020905967439508174},
    wfWin = {0.24679219501779312, 0.1383029339623501, 0.0, 0.038157273057044534, 0.10925051656282395, 0.014061756610564954, 0.025941698363470617, 0.016687778571987305, 0.2108298802677815, 0.17348488758784958, 0.026491079998334267},
    wfGro = 0,
    nrPeople = 1.04848291015625,
    ratioConvectiveHeatPeople = 0.5,
    nrPeopleMachines = 1.46787607421875,
    ratioConvectiveHeatMachines = 0.75,
    lightingPower = 12.5,
    ratioConvectiveHeatLighting = 0.9,
    useConstantACHrate = false,
    baseACH = 0.2,
    maxUserACH = 1.0,
    maxOverheatingACH = {3.0, 2.0},
    maxSummerACH = {1.0, 283.15, 290.15},
    winterReduction = {0.2, 273.15, 283.15},
    withAHU = false,
    minAHU = 0.0,
    maxAHU = 2.6,
    hHeat = 3298.3503409163463,
    lHeat = 0,
    KRHeat = 10000,
    TNHeat = 1,
    HeaterOn = true,
    hCool = 0,
    lCool = 0.0,
    KRCool = 10000,
    TNCool = 1,
    CoolerOn = false);
end Inffeldgasse25C_2_Office;
