 
within Inffeldgasse.Inffeldgasse25C_2.Inffeldgasse25C_2_DataBase;
record Inffeldgasse25C_2_Floor "Inffeldgasse25C_2_Floor"
  extends AixLib.DataBase.ThermalZones.ZoneBaseRecord(
    T_start = 293.15,
    withAirCap = true,
    VAir = 63.02321558840946,
    AZone = 17.216856567382813,
    alphaRad = 4.999999999999999,
    lat = 0.88645272708792,
    nOrientations = 11,
    AWin = {1.0966756303686465, 0.6145796356082422, 0.0, 0.1695602710611082, 0.48547880175463815, 0.06248652147961961, 0.11527766671689624, 0.07415583010462347, 0.9368691413703163, 0.77091841758254, 0.11771896535960097},
    ATransparent = {1.0966756303686465, 0.6145796356082422, 0.0, 0.1695602710611082, 0.48547880175463815, 0.06248652147961961, 0.11527766671689624, 0.07415583010462347, 0.9368691413703163, 0.77091841758254, 0.11771896535960097},
    alphaWin = 2.7000000000000006,
    RWin = 0.03674067532134986,
    gWin = 0.78,
    UWin= 3.001782134105591,
    ratioWinConRad = 0.030000000000000006,
    AExt = {13.723265320559012, 7.69055057531395, 17.216856567382813, 2.121794743278192, 6.075045546281014, 0.7819259309476726, 1.4425286402681885, 0.9279499821200182, 11.723524660931258, 9.646898036235568, 1.473077863824196},
    alphaExt = 2.463580767401044,
    nExt = 1,
    RExt = {0.0003592507138285011},
    RExtRem = 0.01219659635528733 ,
    CExt = {29521787.50018301},
    AInt = 409.6509013246615,
    alphaInt = 2.6999999999999997,
    nInt = 1,
    RInt = {5.0382580601242336e-05},
    CInt = {45612005.69146295},
    AFloor = 0.0,
    alphaFloor = 0.0,
    nFloor = 1,
    RFloor = {0.00001},
    RFloorRem =  0.00001,
    CFloor = {0.00001},
    ARoof = 0.0,
    alphaRoof = 0.0,
    nRoof = 1,
    RRoof = {0.00001},
    RRoofRem = 0.00001,
    CRoof = {0.00001},
    nOrientationsRoof = 1,
    tiltRoof = {0.0},
    aziRoof = {0.0},
    wfRoof = {0.0},
    aRoof = 0.0,
    aExt = 0.5,
    TSoil = 286.15,
    alphaWallOut = 20.0,
    alphaRadWall = 4.999999999999999,
    alphaWinOut = 19.999999999999996,
    alphaRoofOut = 0.0,
    alphaRadRoof = 0.0,
    tiltExtWalls = {1.5707963267948966, 1.5707963267948966, 0.0, 1.5707963267948966, 1.5707963267948966, 1.5707963267948966, 1.5707963267948966, 1.5707963267948966, 1.5707963267948966, 1.5707963267948966, 1.5707963267948966},
    aziExtWalls = {2.602257163724953, -0.5385396011385476, 0.0, -2.1187234907093146, -0.5153071020657398, 1.0088747642697289, -0.5218342800060007, -2.140109518080755, 1.047944812896186, -2.088178428827435, 2.5935409566102483},
    wfWall = {0.19476101365784843, 0.10914453598672252, 0.21082993064749658, 0.030112577824730237, 0.08621723773268061, 0.01109711743957757, 0.02047241189662184, 0.013169495372994446, 0.16638063123250516, 0.13690908076931452, 0.020905967439508163},
    wfWin = {0.24679219501779318, 0.1383029339623501, 0.0, 0.038157273057044534, 0.10925051656282395, 0.014061756610564954, 0.025941698363470614, 0.01668777857198731, 0.21082988026778154, 0.17348488758784958, 0.026491079998334274},
    wfGro = 0,
    nrPeople = 0.0,
    ratioConvectiveHeatPeople = 0.5,
    nrPeopleMachines = 0.0,
    ratioConvectiveHeatMachines = 0.75,
    lightingPower = 7.0,
    ratioConvectiveHeatLighting = 0.9,
    useConstantACHrate = false,
    baseACH = 0.2,
    maxUserACH = 1.0,
    maxOverheatingACH = {3.0, 2.0},
    maxSummerACH = {1.0, 283.15, 290.15},
    winterReduction = {0.2, 273.15, 283.15},
    withAHU = false,
    minAHU = 0.0,
    maxAHU = 2.0,
    hHeat = 2708.0663012462564,
    lHeat = 0,
    KRHeat = 10000,
    TNHeat = 1,
    HeaterOn = true,
    hCool = 0,
    lCool = 0.0,
    KRCool = 10000,
    TNCool = 1,
    CoolerOn = false);
end Inffeldgasse25C_2_Floor;
