 
within Inffeldgasse.Inffeldgasse25C_2.Inffeldgasse25C_2_DataBase;
record Inffeldgasse25C_2_Storage "Inffeldgasse25C_2_Storage"
  extends AixLib.DataBase.ThermalZones.ZoneBaseRecord(
    T_start = 293.15,
    withAirCap = true,
    VAir = 210.62344608083367,
    AZone = 57.5386962890625,
    alphaRad = 4.999999999999999,
    lat = 0.88645272708792,
    nOrientations = 11,
    AWin = {3.665087513300342, 2.0539237729202307, 0.0, 0.5666700481061916, 1.6224690738179515, 0.20882981556501173, 0.38525770532939707, 0.24782861899057235, 3.131014583116542, 2.57640763395576, 0.39341651995410654},
    ATransparent = {3.665087513300342, 2.0539237729202307, 0.0, 0.5666700481061916, 1.6224690738179515, 0.20882981556501173, 0.38525770532939707, 0.24782861899057235, 3.131014583116542, 2.57640763395576, 0.39341651995410654},
    alphaWin = 2.6999999999999997,
    RWin = 0.010993626515599462,
    gWin = 0.7799999999999999,
    UWin= 3.001782134105591,
    ratioWinConRad = 0.029999999999999992,
    AExt = {45.86312212589347, 25.701802888163968, 57.538696289062514, 7.091033304680182, 20.302788680478695, 2.6131947190973093, 4.820927501824618, 3.1012067727739194, 39.179993296836734, 32.23991174382478, 4.923022938885171},
    alphaExt = 2.463580767401044,
    nExt = 1,
    RExt = {0.00010749579692668367},
    RExtRem = 0.0036494926649765307 ,
    CExt = {98661748.05111295},
    AInt = 421.24689216166735,
    alphaInt = 2.7,
    nInt = 1,
    RInt = {4.899566011858036e-05},
    CInt = {46903145.04535023},
    AFloor = 0.0,
    alphaFloor = 0.0,
    nFloor = 1,
    RFloor = {0.00001},
    RFloorRem =  0.00001,
    CFloor = {0.00001},
    ARoof = 0.0,
    alphaRoof = 0.0,
    nRoof = 1,
    RRoof = {0.00001},
    RRoofRem = 0.00001,
    CRoof = {0.00001},
    nOrientationsRoof = 1,
    tiltRoof = {0.0},
    aziRoof = {0.0},
    wfRoof = {0.0},
    aRoof = 0.0,
    aExt = 0.5,
    TSoil = 286.15,
    alphaWallOut = 20.0,
    alphaRadWall = 5.0,
    alphaWinOut = 19.999999999999993,
    alphaRoofOut = 0.0,
    alphaRadRoof = 0.0,
    tiltExtWalls = {1.5707963267948966, 1.5707963267948966, 0.0, 1.5707963267948966, 1.5707963267948966, 1.5707963267948966, 1.5707963267948966, 1.5707963267948966, 1.5707963267948966, 1.5707963267948966, 1.5707963267948966},
    aziExtWalls = {2.602257163724953, -0.5385396011385476, 0.0, -2.1187234907093146, -0.5153071020657398, 1.0088747642697289, -0.5218342800060007, -2.140109518080755, 1.047944812896186, -2.088178428827435, 2.5935409566102483},
    wfWall = {0.1947610136578484, 0.10914453598672252, 0.21082993064749664, 0.030112577824730244, 0.0862172377326806, 0.01109711743957757, 0.02047241189662183, 0.013169495372994448, 0.16638063123250513, 0.1369090807693145, 0.020905967439508174},
    wfWin = {0.24679219501779318, 0.1383029339623501, 0.0, 0.038157273057044534, 0.10925051656282393, 0.014061756610564956, 0.025941698363470614, 0.01668777857198731, 0.2108298802677815, 0.17348488758784963, 0.02649107999833427},
    wfGro = 0,
    nrPeople = 0.0,
    ratioConvectiveHeatPeople = 0.5,
    nrPeopleMachines = 0.0,
    ratioConvectiveHeatMachines = 0.75,
    lightingPower = 11.3,
    ratioConvectiveHeatLighting = 0.9,
    useConstantACHrate = false,
    baseACH = 0.2,
    maxUserACH = 1.0,
    maxOverheatingACH = {3.0, 2.0},
    maxSummerACH = {1.0, 283.15, 290.15},
    winterReduction = {0.2, 273.15, 283.15},
    withAHU = false,
    minAHU = 0.0,
    maxAHU = 0.5,
    hHeat = 9050.351545197294,
    lHeat = 0,
    KRHeat = 10000,
    TNHeat = 1,
    HeaterOn = true,
    hCool = 0,
    lCool = 0.0,
    KRCool = 10000,
    TNCool = 1,
    CoolerOn = false);
end Inffeldgasse25C_2_Storage;
