 
within Inffeldgasse.Inffeldgasse25C_2.Inffeldgasse25C_2_DataBase;
record Inffeldgasse25C_2_Restroom "Inffeldgasse25C_2_Restroom"
  extends AixLib.DataBase.ThermalZones.ZoneBaseRecord(
    T_start = 293.15,
    withAirCap = true,
    VAir = 6.880365905307233,
    AZone = 1.879597412109375,
    alphaRad = 5.0,
    lat = 0.88645272708792,
    nOrientations = 11,
    AWin = {0.11972619210114448, 0.06709484324872751, 0.0, 0.018511221571468922, 0.05300065641138642, 0.006821773975123716, 0.012585085040760302, 0.008095734887025361, 0.10227980971514036, 0.08416264937588815, 0.01285160631850081},
    ATransparent = {0.11972619210114448, 0.06709484324872751, 0.0, 0.018511221571468922, 0.05300065641138642, 0.006821773975123716, 0.012585085040760302, 0.008095734887025361, 0.10227980971514036, 0.08416264937588815, 0.01285160631850081},
    alphaWin = 2.7000000000000006,
    RWin = 0.33653958721222843,
    gWin = 0.7799999999999999,
    UWin= 3.001782134105591,
    ratioWinConRad = 0.03,
    AExt = {1.4981953227791864, 0.8395922276800228, 1.879597412109375, 0.23164042128621926, 0.6632244302289706, 0.08536436082384544, 0.15748363172627086, 0.10130608791061468, 1.2798797810299998, 1.053170450298276, 0.16081874933691556},
    alphaExt = 2.463580767401044,
    nExt = 1,
    RExt = {0.003290687661020929},
    RExtRem = 0.11171916321356727 ,
    CExt = {3222950.436336355},
    AInt = 17.200914763268084,
    alphaInt = 2.7,
    nInt = 1,
    RInt = {0.0011998937171897226},
    CInt = {1915211.756018468},
    AFloor = 0.0,
    alphaFloor = 0.0,
    nFloor = 1,
    RFloor = {0.00001},
    RFloorRem =  0.00001,
    CFloor = {0.00001},
    ARoof = 0.0,
    alphaRoof = 0.0,
    nRoof = 1,
    RRoof = {0.00001},
    RRoofRem = 0.00001,
    CRoof = {0.00001},
    nOrientationsRoof = 1,
    tiltRoof = {0.0},
    aziRoof = {0.0},
    wfRoof = {0.0},
    aRoof = 0.0,
    aExt = 0.5,
    TSoil = 286.15,
    alphaWallOut = 20.0,
    alphaRadWall = 5.000000000000001,
    alphaWinOut = 20.0,
    alphaRoofOut = 0.0,
    alphaRadRoof = 0.0,
    tiltExtWalls = {1.5707963267948966, 1.5707963267948966, 0.0, 1.5707963267948966, 1.5707963267948966, 1.5707963267948966, 1.5707963267948966, 1.5707963267948966, 1.5707963267948966, 1.5707963267948966, 1.5707963267948966},
    aziExtWalls = {2.602257163724953, -0.5385396011385476, 0.0, -2.1187234907093146, -0.5153071020657398, 1.0088747642697289, -0.5218342800060007, -2.140109518080755, 1.047944812896186, -2.088178428827435, 2.5935409566102483},
    wfWall = {0.19476101365784837, 0.10914453598672251, 0.2108299306474966, 0.030112577824730244, 0.08621723773268058, 0.01109711743957757, 0.02047241189662183, 0.013169495372994444, 0.1663806312325051, 0.1369090807693145, 0.020905967439508167},
    wfWin = {0.24679219501779323, 0.13830293396235008, 0.0, 0.03815727305704453, 0.10925051656282396, 0.014061756610564954, 0.025941698363470614, 0.01668777857198731, 0.2108298802677815, 0.1734848875878496, 0.026491079998334267},
    wfGro = 0,
    nrPeople = 0.0,
    ratioConvectiveHeatPeople = 0.5,
    nrPeopleMachines = 0.0,
    ratioConvectiveHeatMachines = 0.75,
    lightingPower = 11.1,
    ratioConvectiveHeatLighting = 0.9,
    useConstantACHrate = false,
    baseACH = 0.2,
    maxUserACH = 1.0,
    maxOverheatingACH = {3.0, 2.0},
    maxSummerACH = {1.0, 283.15, 290.15},
    winterReduction = {0.2, 273.15, 283.15},
    withAHU = false,
    minAHU = 0.0,
    maxAHU = 8.0,
    hHeat = 295.64481714311154,
    lHeat = 0,
    KRHeat = 10000,
    TNHeat = 1,
    HeaterOn = true,
    hCool = 0,
    lCool = 0.0,
    KRCool = 10000,
    TNCool = 1,
    CoolerOn = false);
end Inffeldgasse25C_2_Restroom;
