 
within Inffeldgasse.Inffeldgasse25C_2.Inffeldgasse25C_2_DataBase;
record Inffeldgasse25C_2_Laboratory "Inffeldgasse25C_2_Laboratory"
  extends AixLib.DataBase.ThermalZones.ZoneBaseRecord(
    T_start = 293.15,
    withAirCap = true,
    VAir = 60.3085133944787,
    AZone = 16.47524670410156,
    alphaRad = 5.0,
    lat = 0.88645272708792,
    nOrientations = 11,
    AWin = {1.0494367246416643, 0.5881068403128259, 0.0, 0.16225652377440616, 0.4645669781365401, 0.05979493719011501, 0.11031212295931733, 0.07096159457096719, 0.8965138422990364, 0.737711385855999, 0.11264826354685914},
    ATransparent = {1.0494367246416643, 0.5881068403128259, 0.0, 0.16225652377440616, 0.4645669781365401, 0.05979493719011501, 0.11031212295931733, 0.07096159457096719, 0.8965138422990364, 0.737711385855999, 0.11264826354685914},
    alphaWin = 2.700000000000001,
    RWin = 0.0383945047110575,
    gWin = 0.78,
    UWin= 3.0017821341055915,
    ratioWinConRad = 0.030000000000000002,
    AExt = {13.132140635380829, 7.359282893644281, 16.47524670410156, 2.0303992029067586, 5.813365158843732, 0.7482447545681961, 1.380392241355782, 0.8879788726042653, 11.218538080660917, 9.231361395981825, 1.4096255681674537},
    alphaExt = 2.463580767401044,
    nExt = 1,
    RExt = {0.00037542187518050193},
    RExtRem = 0.012745608841594406 ,
    CExt = {28250147.19196866},
    AInt = 30.15425669723935,
    alphaInt = 2.7,
    nInt = 1,
    RInt = {0.0006844562531117161},
    CInt = {4477799.600110682},
    AFloor = 0.0,
    alphaFloor = 0.0,
    nFloor = 1,
    RFloor = {0.00001},
    RFloorRem =  0.00001,
    CFloor = {0.00001},
    ARoof = 0.0,
    alphaRoof = 0.0,
    nRoof = 1,
    RRoof = {0.00001},
    RRoofRem = 0.00001,
    CRoof = {0.00001},
    nOrientationsRoof = 1,
    tiltRoof = {0.0},
    aziRoof = {0.0},
    wfRoof = {0.0},
    aRoof = 0.0,
    aExt = 0.5,
    TSoil = 286.15,
    alphaWallOut = 20.0,
    alphaRadWall = 5.0,
    alphaWinOut = 20.000000000000004,
    alphaRoofOut = 0.0,
    alphaRadRoof = 0.0,
    tiltExtWalls = {1.5707963267948966, 1.5707963267948966, 0.0, 1.5707963267948966, 1.5707963267948966, 1.5707963267948966, 1.5707963267948966, 1.5707963267948966, 1.5707963267948966, 1.5707963267948966, 1.5707963267948966},
    aziExtWalls = {2.602257163724953, -0.5385396011385476, 0.0, -2.1187234907093146, -0.5153071020657398, 1.0088747642697289, -0.5218342800060007, -2.140109518080755, 1.047944812896186, -2.088178428827435, 2.5935409566102483},
    wfWall = {0.1947610136578484, 0.10914453598672251, 0.2108299306474966, 0.030112577824730244, 0.08621723773268061, 0.011097117439577569, 0.020472411896621835, 0.013169495372994448, 0.16638063123250513, 0.1369090807693145, 0.020905967439508167},
    wfWin = {0.24679219501779323, 0.1383029339623501, 0.0, 0.03815727305704454, 0.10925051656282395, 0.014061756610564954, 0.02594169836347062, 0.01668777857198731, 0.21082988026778152, 0.1734848875878496, 0.026491079998334274},
    wfGro = 0,
    nrPeople = 0.9885148022460937,
    ratioConvectiveHeatPeople = 0.5,
    nrPeopleMachines = 2.9655444067382812,
    ratioConvectiveHeatMachines = 0.75,
    lightingPower = 14.0,
    ratioConvectiveHeatLighting = 0.9,
    useConstantACHrate = false,
    baseACH = 0.2,
    maxUserACH = 1.0,
    maxOverheatingACH = {3.0, 2.0},
    maxSummerACH = {1.0, 283.15, 290.15},
    winterReduction = {0.2, 273.15, 283.15},
    withAHU = false,
    minAHU = 24.0,
    maxAHU = 48.0,
    hHeat = 2591.4173257748243,
    lHeat = 0,
    KRHeat = 10000,
    TNHeat = 1,
    HeaterOn = true,
    hCool = 0,
    lCool = 0.0,
    KRCool = 10000,
    TNCool = 1,
    CoolerOn = false);
end Inffeldgasse25C_2_Laboratory;
