 
within Inffeldgasse.Inffeldgasse25C_2.Inffeldgasse25C_2_DataBase;
record Inffeldgasse25C_2_Meeting "Inffeldgasse25C_2_Meeting"
  extends AixLib.DataBase.ThermalZones.ZoneBaseRecord(
    T_start = 293.15,
    withAirCap = true,
    VAir = 4.680521024018526,
    AZone = 1.2786376953125,
    alphaRad = 4.999999999999999,
    lat = 0.88645272708792,
    nOrientations = 11,
    AWin = {0.08144638918445204, 0.045642750509338456, 0.0, 0.012592667735693147, 0.03605486830706559, 0.004640662568111372, 0.00856128234065327, 0.005507302644234941, 0.06957810184703427, 0.057253502976794664, 0.008742589332313479},
    ATransparent = {0.08144638918445204, 0.045642750509338456, 0.0, 0.012592667735693147, 0.03605486830706559, 0.004640662568111372, 0.00856128234065327, 0.005507302644234941, 0.06957810184703427, 0.057253502976794664, 0.008742589332313479},
    alphaWin = 2.7000000000000006,
    RWin = 0.4947131932019759,
    gWin = 0.78,
    UWin= 3.0017821341055915,
    ratioWinConRad = 0.029999999999999995,
    AExt = {1.0191804916865217, 0.5711511752925326, 1.2786376953125003, 0.15757851788178182, 0.4511730817884155, 0.05807099375771798, 0.10713172226276929, 0.06891570606164266, 0.870666517707483, 0.7164424831961063, 0.1094005097530038},
    alphaExt = 2.4635807674010435,
    nExt = 1,
    RExt = {0.004837310861700765},
    RExtRem = 0.16422716992394387 ,
    CExt = {2192483.2900247313},
    AInt = 7.02078153602779,
    alphaInt = 2.7,
    nInt = 1,
    RInt = {0.0029397396071148205},
    CInt = {781719.0840891706},
    AFloor = 0.0,
    alphaFloor = 0.0,
    nFloor = 1,
    RFloor = {0.00001},
    RFloorRem =  0.00001,
    CFloor = {0.00001},
    ARoof = 0.0,
    alphaRoof = 0.0,
    nRoof = 1,
    RRoof = {0.00001},
    RRoofRem = 0.00001,
    CRoof = {0.00001},
    nOrientationsRoof = 1,
    tiltRoof = {0.0},
    aziRoof = {0.0},
    wfRoof = {0.0},
    aRoof = 0.0,
    aExt = 0.5,
    TSoil = 286.15,
    alphaWallOut = 20.0,
    alphaRadWall = 4.999999999999998,
    alphaWinOut = 20.0,
    alphaRoofOut = 0.0,
    alphaRadRoof = 0.0,
    tiltExtWalls = {1.5707963267948966, 1.5707963267948966, 0.0, 1.5707963267948966, 1.5707963267948966, 1.5707963267948966, 1.5707963267948966, 1.5707963267948966, 1.5707963267948966, 1.5707963267948966, 1.5707963267948966},
    aziExtWalls = {2.602257163724953, -0.5385396011385476, 0.0, -2.1187234907093146, -0.5153071020657398, 1.0088747642697289, -0.5218342800060007, -2.140109518080755, 1.047944812896186, -2.088178428827435, 2.5935409566102483},
    wfWall = {0.1947610136578484, 0.10914453598672251, 0.21082993064749658, 0.030112577824730247, 0.0862172377326806, 0.01109711743957757, 0.020472411896621835, 0.013169495372994446, 0.16638063123250513, 0.13690908076931452, 0.020905967439508174},
    wfWin = {0.2467921950177932, 0.1383029339623501, 0.0, 0.03815727305704454, 0.10925051656282393, 0.014061756610564953, 0.02594169836347062, 0.01668777857198731, 0.2108298802677815, 0.1734848875878496, 0.026491079998334274},
    wfGro = 0,
    nrPeople = 0.30687304687500006,
    ratioConvectiveHeatPeople = 0.5,
    nrPeopleMachines = 0.025572753906250002,
    ratioConvectiveHeatMachines = 0.75,
    lightingPower = 15.9,
    ratioConvectiveHeatLighting = 0.9,
    useConstantACHrate = false,
    baseACH = 0.2,
    maxUserACH = 1.0,
    maxOverheatingACH = {3.0, 2.0},
    maxSummerACH = {1.0, 283.15, 290.15},
    winterReduction = {0.2, 273.15, 283.15},
    withAHU = false,
    minAHU = 0.0,
    maxAHU = 12.0,
    hHeat = 201.1189232266065,
    lHeat = 0,
    KRHeat = 10000,
    TNHeat = 1,
    HeaterOn = true,
    hCool = 0,
    lCool = 0.0,
    KRCool = 10000,
    TNCool = 1,
    CoolerOn = false);
end Inffeldgasse25C_2_Meeting;
