 
within Inffeldgasse.Inffeldgasse25F_4.Inffeldgasse25F_4_DataBase;
record Inffeldgasse25F_4_Storage "Inffeldgasse25F_4_Storage"
  extends AixLib.DataBase.ThermalZones.ZoneBaseRecord(
    T_start = 293.15,
    withAirCap = true,
    VAir = 56.60336085137129,
    AZone = 14.715095507812501,
    alphaRad = 5.000000000000001,
    lat = 0.88645272708792,
    nOrientations = 10,
    AWin = {0.23570517540219105, 0.1616402173950047, 0.043060635186769135, 0.0, 0.0, 0.2753406340244507, 0.037608306806941286, 0.04189360569974418, 0.16120015716925057, 0.0006774744825786105},
    ATransparent = {0.23570517540219105, 0.1616402173950047, 0.043060635186769135, 0.0, 0.0, 0.2753406340244507, 0.037608306806941286, 0.04189360569974418, 0.16120015716925057, 0.0006774744825786105},
    alphaWin = 2.7,
    RWin = 0.17057866044258563,
    gWin = 0.7800000000000001,
    UWin= 3.0017821341055915,
    ratioWinConRad = 0.03,
    AExt = {2.949499897600391, 2.0226870446996537, 0.5388398403101111, 7.357547753906251, 7.357547753906251, 3.445478744684343, 0.4706120554490221, 0.5242362010535556, 2.0171803451179198, 0.008477586092808019},
    alphaExt = 2.148709860747454,
    nExt = 1,
    RExt = {0.0011412326108240782},
    RExtRem = 0.029202911321612273 ,
    CExt = {8398779.277917193},
    AInt = 215.08387966749072,
    alphaInt = 2.3579219342109385,
    nInt = 1,
    RInt = {0.0003140517428630773},
    CInt = {47316766.10252877},
    AFloor = 0.0,
    alphaFloor = 0.0,
    nFloor = 1,
    RFloor = {0.00001},
    RFloorRem =  0.00001,
    CFloor = {0.00001},
    ARoof = 0.0,
    alphaRoof = 0.0,
    nRoof = 1,
    RRoof = {0.00001},
    RRoofRem = 0.00001,
    CRoof = {0.00001},
    nOrientationsRoof = 1,
    tiltRoof = {0.0},
    aziRoof = {0.0},
    wfRoof = {0.0},
    aRoof = 0.0,
    aExt = 0.5,
    TSoil = 286.15,
    alphaWallOut = 20.0,
    alphaRadWall = 5.0,
    alphaWinOut = 19.999999999999993,
    alphaRoofOut = 0.0,
    alphaRadRoof = 0.0,
    tiltExtWalls = {1.5707963267948966, 1.5707963267948966, 1.5707963267948966, 0.0, 0.0, 1.5707963267948966, 1.5707963267948966, 1.5707963267948966, 1.5707963267948966, 1.5707963267948966},
    aziExtWalls = {2.6116180552003017, -2.098694483375733, -2.0986944834464776, 0.0, 0.0, -0.5232514281094849, 2.6356422541235176, 1.0645781037620252, 1.0497689081188906, 1.0694857369765507},
    wfWall = {0.10288569975661958, 0.0705562228199703, 0.018796038634262734, 0.2214489156263816, 0.0, 0.12018664314306596, 0.01641608825895057, 0.01828662832876439, 0.07036413580200596, 0.0002957187345946846},
    wfWin = {0.2462634226118789, 0.16888077701094037, 0.044989505991291416, 0.0, 0.0, 0.2876743236684809, 0.03929294440443113, 0.043770200240904916, 0.16842100459752327, 0.0007078214745490456},
    wfGro = 0.36076390889538423,
    nrPeople = 0.0,
    ratioConvectiveHeatPeople = 0.5,
    nrPeopleMachines = 0.0,
    ratioConvectiveHeatMachines = 0.75,
    lightingPower = 11.3,
    ratioConvectiveHeatLighting = 0.9,
    useConstantACHrate = false,
    baseACH = 0.2,
    maxUserACH = 1.0,
    maxOverheatingACH = {3.0, 2.0},
    maxSummerACH = {1.0, 283.15, 290.15},
    winterReduction = {0.2, 273.15, 283.15},
    withAHU = false,
    minAHU = 0.0,
    maxAHU = 0.5,
    hHeat = 843.5055507638994,
    lHeat = 0,
    KRHeat = 10000,
    TNHeat = 1,
    HeaterOn = true,
    hCool = 0,
    lCool = 0.0,
    KRCool = 10000,
    TNCool = 1,
    CoolerOn = false);
end Inffeldgasse25F_4_Storage;
