 
within Inffeldgasse.Inffeldgasse25F_4.Inffeldgasse25F_4_DataBase;
record Inffeldgasse25F_4_Restroom "Inffeldgasse25F_4_Restroom"
  extends AixLib.DataBase.ThermalZones.ZoneBaseRecord(
    T_start = 293.15,
    withAirCap = true,
    VAir = 72.9885442557156,
    AZone = 18.97472841796875,
    alphaRad = 5.0,
    lat = 0.88645272708792,
    nOrientations = 10,
    AWin = {0.3039356209133516, 0.20843080664092706, 0.05552555589872862, 0.0, 0.0, 0.35504450176837055, 0.04849492193526639, 0.05402070208651222, 0.20786336056034938, 0.0008735855170092608},
    ATransparent = {0.3039356209133516, 0.20843080664092706, 0.05552555589872862, 0.0, 0.0, 0.35504450176837055, 0.04849492193526639, 0.05402070208651222, 0.20786336056034938, 0.0008735855170092608},
    alphaWin = 2.7,
    RWin = 0.1322854917718011,
    gWin = 0.78,
    UWin= 3.001782134105591,
    ratioWinConRad = 0.030000000000000002,
    AExt = {3.8033024995373457, 2.6082017155337636, 0.6948197940840906, 9.487364208984374, 9.487364208984374, 4.442854170777179, 0.6068418609737389, 0.6759887855690585, 2.6011009713362645, 0.010931624172305076},
    alphaExt = 2.1487098607474544,
    nExt = 1,
    RExt = {0.0008850375349247955},
    RExtRem = 0.022647155718801357 ,
    CExt = {10830004.858366903},
    AInt = 239.39554589319522,
    alphaInt = 2.4622170243747874,
    nInt = 1,
    RInt = {0.0002806575926334349},
    CInt = {44515110.31577483},
    AFloor = 0.0,
    alphaFloor = 0.0,
    nFloor = 1,
    RFloor = {0.00001},
    RFloorRem =  0.00001,
    CFloor = {0.00001},
    ARoof = 0.0,
    alphaRoof = 0.0,
    nRoof = 1,
    RRoof = {0.00001},
    RRoofRem = 0.00001,
    CRoof = {0.00001},
    nOrientationsRoof = 1,
    tiltRoof = {0.0},
    aziRoof = {0.0},
    wfRoof = {0.0},
    aRoof = 0.0,
    aExt = 0.5,
    TSoil = 286.15,
    alphaWallOut = 20.0,
    alphaRadWall = 5.0,
    alphaWinOut = 19.999999999999996,
    alphaRoofOut = 0.0,
    alphaRadRoof = 0.0,
    tiltExtWalls = {1.5707963267948966, 1.5707963267948966, 1.5707963267948966, 0.0, 0.0, 1.5707963267948966, 1.5707963267948966, 1.5707963267948966, 1.5707963267948966, 1.5707963267948966},
    aziExtWalls = {2.6116180552003017, -2.098694483375733, -2.0986944834464776, 0.0, 0.0, -0.5232514281094849, 2.6356422541235176, 1.0645781037620252, 1.0497689081188906, 1.0694857369765507},
    wfWall = {0.10288569975661957, 0.07055622281997029, 0.018796038634262734, 0.2214489156263816, 0.0, 0.12018664314306597, 0.01641608825895057, 0.01828662832876439, 0.07036413580200593, 0.0002957187345946846},
    wfWin = {0.24626342261187897, 0.16888077701094042, 0.04498950599129143, 0.0, 0.0, 0.28767432366848095, 0.03929294440443114, 0.04377020024090492, 0.1684210045975233, 0.0007078214745490459},
    wfGro = 0.36076390889538423,
    nrPeople = 0.0,
    ratioConvectiveHeatPeople = 0.5,
    nrPeopleMachines = 0.0,
    ratioConvectiveHeatMachines = 0.75,
    lightingPower = 11.1,
    ratioConvectiveHeatLighting = 0.9,
    useConstantACHrate = false,
    baseACH = 0.2,
    maxUserACH = 1.0,
    maxOverheatingACH = {3.0, 2.0},
    maxSummerACH = {1.0, 283.15, 290.15},
    winterReduction = {0.2, 273.15, 283.15},
    withAHU = false,
    minAHU = 0.0,
    maxAHU = 8.0,
    hHeat = 1087.6782101955544,
    lHeat = 0,
    KRHeat = 10000,
    TNHeat = 1,
    HeaterOn = true,
    hCool = 0,
    lCool = 0.0,
    KRCool = 10000,
    TNCool = 1,
    CoolerOn = false);
end Inffeldgasse25F_4_Restroom;
