 
within Inffeldgasse.Inffeldgasse25F_4.Inffeldgasse25F_4_DataBase;
record Inffeldgasse25F_4_Floor "Inffeldgasse25F_4_Floor"
  extends AixLib.DataBase.ThermalZones.ZoneBaseRecord(
    T_start = 293.15,
    withAirCap = true,
    VAir = 668.5651349681705,
    AZone = 173.8059307128906,
    alphaRad = 5.000000000000001,
    lat = 0.88645272708792,
    nOrientations = 10,
    AWin = {2.7840089357811424, 1.9091978308980158, 0.5086065375349529, 0.0, 0.0, 3.252159330823884, 0.4442068869784775, 0.494822281357066, 1.9040001020034725, 0.008001924480632446},
    ATransparent = {2.7840089357811424, 1.9091978308980158, 0.5086065375349529, 0.0, 0.0, 3.252159330823884, 0.4442068869784775, 0.494822281357066, 1.9040001020034725, 0.008001924480632446},
    alphaWin = 2.7,
    RWin = 0.014441862079803018,
    gWin = 0.7800000000000001,
    UWin= 3.0017821341055915,
    ratioWinConRad = 0.03,
    AExt = {34.8377334396397, 23.89077285691301, 6.3644547805049525, 86.9029653564453, 86.9029653564453, 40.69593973436375, 5.558588883000949, 6.191965304549233, 23.825731006151564, 0.10013219012250874},
    alphaExt = 2.148709860747454,
    nExt = 1,
    RExt = {9.662125334864093e-05},
    RExtRem = 0.0024724336358438914 ,
    CExt = {99201371.03259204},
    AInt = 5388.508961570452,
    alphaInt = 2.5064704741674184,
    nInt = 1,
    RInt = {1.2141793361639059e-05},
    CInt = {925016429.9810462},
    AFloor = 0.0,
    alphaFloor = 0.0,
    nFloor = 1,
    RFloor = {0.00001},
    RFloorRem =  0.00001,
    CFloor = {0.00001},
    ARoof = 0.0,
    alphaRoof = 0.0,
    nRoof = 1,
    RRoof = {0.00001},
    RRoofRem = 0.00001,
    CRoof = {0.00001},
    nOrientationsRoof = 1,
    tiltRoof = {0.0},
    aziRoof = {0.0},
    wfRoof = {0.0},
    aRoof = 0.0,
    aExt = 0.5,
    TSoil = 286.15,
    alphaWallOut = 20.0,
    alphaRadWall = 5.000000000000001,
    alphaWinOut = 20.0,
    alphaRoofOut = 0.0,
    alphaRadRoof = 0.0,
    tiltExtWalls = {1.5707963267948966, 1.5707963267948966, 1.5707963267948966, 0.0, 0.0, 1.5707963267948966, 1.5707963267948966, 1.5707963267948966, 1.5707963267948966, 1.5707963267948966},
    aziExtWalls = {2.6116180552003017, -2.098694483375733, -2.0986944834464776, 0.0, 0.0, -0.5232514281094849, 2.6356422541235176, 1.0645781037620252, 1.0497689081188906, 1.0694857369765507},
    wfWall = {0.10288569975661958, 0.07055622281997029, 0.018796038634262737, 0.2214489156263816, 0.0, 0.12018664314306597, 0.016416088258950575, 0.01828662832876439, 0.07036413580200594, 0.0002957187345946846},
    wfWin = {0.24626342261187892, 0.1688807770109404, 0.044989505991291416, 0.0, 0.0, 0.28767432366848084, 0.03929294440443114, 0.043770200240904916, 0.16842100459752327, 0.0007078214745490456},
    wfGro = 0.3607639088953843,
    nrPeople = 0.0,
    ratioConvectiveHeatPeople = 0.5,
    nrPeopleMachines = 0.0,
    ratioConvectiveHeatMachines = 0.75,
    lightingPower = 7.0,
    ratioConvectiveHeatLighting = 0.9,
    useConstantACHrate = false,
    baseACH = 0.2,
    maxUserACH = 1.0,
    maxOverheatingACH = {3.0, 2.0},
    maxSummerACH = {1.0, 283.15, 290.15},
    winterReduction = {0.2, 273.15, 283.15},
    withAHU = false,
    minAHU = 0.0,
    maxAHU = 2.0,
    hHeat = 9962.984421961319,
    lHeat = 0,
    KRHeat = 10000,
    TNHeat = 1,
    HeaterOn = true,
    hCool = 0,
    lCool = 0.0,
    KRCool = 10000,
    TNCool = 1,
    CoolerOn = false);
end Inffeldgasse25F_4_Floor;
