 
within Inffeldgasse.Inffeldgasse25F_4.Inffeldgasse25F_4_DataBase;
record Inffeldgasse25F_4_Office "Inffeldgasse25F_4_Office"
  extends AixLib.DataBase.ThermalZones.ZoneBaseRecord(
    T_start = 293.15,
    withAirCap = true,
    VAir = 814.2939631249906,
    AZone = 211.69084765625,
    alphaRad = 4.999999999999998,
    lat = 0.88645272708792,
    nOrientations = 10,
    AWin = {3.390846382978889, 2.325350495857962, 0.6194687868973805, 0.0, 0.0, 3.9610407000008694, 0.5410317821349447, 0.6026799416454426, 2.319019804890973, 0.009746124135341414},
    ATransparent = {3.390846382978889, 2.325350495857962, 0.6194687868973805, 0.0, 0.0, 3.9610407000008694, 0.5410317821349447, 0.6026799416454426, 2.319019804890973, 0.009746124135341414},
    alphaWin = 2.7000000000000006,
    RWin = 0.011857297128326076,
    gWin = 0.78,
    UWin= 3.0017821341055915,
    ratioWinConRad = 0.030000000000000002,
    AExt = {42.43140203565475, 29.098304853573964, 7.751731036040195, 105.845423828125, 105.845423828125, 49.566536327037916, 6.770208516985932, 7.541643594103783, 29.019085666608667, 0.12195825607197501},
    alphaExt = 2.1487098607474535,
    nExt = 1,
    RExt = {7.932958392313726e-05},
    RExtRem = 0.002029958469916951 ,
    CExt = {120824543.9981068},
    AInt = 4331.8648045312175,
    alphaInt = 2.3579219342109385,
    nInt = 1,
    RInt = {1.5593161448776482e-05},
    CInt = {952976271.6790009},
    AFloor = 0.0,
    alphaFloor = 0.0,
    nFloor = 1,
    RFloor = {0.00001},
    RFloorRem =  0.00001,
    CFloor = {0.00001},
    ARoof = 0.0,
    alphaRoof = 0.0,
    nRoof = 1,
    RRoof = {0.00001},
    RRoofRem = 0.00001,
    CRoof = {0.00001},
    nOrientationsRoof = 1,
    tiltRoof = {0.0},
    aziRoof = {0.0},
    wfRoof = {0.0},
    aRoof = 0.0,
    aExt = 0.5,
    TSoil = 286.15,
    alphaWallOut = 20.0,
    alphaRadWall = 5.0,
    alphaWinOut = 20.0,
    alphaRoofOut = 0.0,
    alphaRadRoof = 0.0,
    tiltExtWalls = {1.5707963267948966, 1.5707963267948966, 1.5707963267948966, 0.0, 0.0, 1.5707963267948966, 1.5707963267948966, 1.5707963267948966, 1.5707963267948966, 1.5707963267948966},
    aziExtWalls = {2.6116180552003017, -2.098694483375733, -2.0986944834464776, 0.0, 0.0, -0.5232514281094849, 2.6356422541235176, 1.0645781037620252, 1.0497689081188906, 1.0694857369765507},
    wfWall = {0.10288569975661957, 0.07055622281997027, 0.018796038634262734, 0.22144891562638164, 0.0, 0.12018664314306596, 0.01641608825895057, 0.01828662832876439, 0.07036413580200594, 0.00029571873459468466},
    wfWin = {0.24626342261187892, 0.1688807770109404, 0.04498950599129142, 0.0, 0.0, 0.28767432366848095, 0.03929294440443113, 0.04377020024090492, 0.1684210045975233, 0.0007078214745490456},
    wfGro = 0.36076390889538423,
    nrPeople = 10.5845423828125,
    ratioConvectiveHeatPeople = 0.5,
    nrPeopleMachines = 14.818359335937501,
    ratioConvectiveHeatMachines = 0.75,
    lightingPower = 12.5,
    ratioConvectiveHeatLighting = 0.9,
    useConstantACHrate = false,
    baseACH = 0.2,
    maxUserACH = 1.0,
    maxOverheatingACH = {3.0, 2.0},
    maxSummerACH = {1.0, 283.15, 290.15},
    winterReduction = {0.2, 273.15, 283.15},
    withAHU = false,
    minAHU = 0.0,
    maxAHU = 2.6,
    hHeat = 12134.641256603465,
    lHeat = 0,
    KRHeat = 10000,
    TNHeat = 1,
    HeaterOn = true,
    hCool = 0,
    lCool = 0.0,
    KRCool = 10000,
    TNCool = 1,
    CoolerOn = false);
end Inffeldgasse25F_4_Office;
