 
within Inffeldgasse.Inffeldgasse25F_4.Inffeldgasse25F_4_DataBase;
record Inffeldgasse25F_4_ICT "Inffeldgasse25F_4_ICT"
  extends AixLib.DataBase.ThermalZones.ZoneBaseRecord(
    T_start = 293.15,
    withAirCap = true,
    VAir = 91.11155014233887,
    AZone = 23.686140576171876,
    alphaRad = 5.000000000000001,
    lat = 0.88645272708792,
    nOrientations = 10,
    AWin = {0.37940262882721104, 0.2601840341402049, 0.06931251365589593, 0.0, 0.0, 0.4432018100305851, 0.06053617806205022, 0.06743400566581628, 0.25947569158383754, 0.0010904962066067983},
    ATransparent = {0.37940262882721104, 0.2601840341402049, 0.06931251365589593, 0.0, 0.0, 0.4432018100305851, 0.06053617806205022, 0.06743400566581628, 0.25947569158383754, 0.0010904962066067983},
    alphaWin = 2.700000000000001,
    RWin = 0.1059725737899442,
    gWin = 0.78,
    UWin= 3.0017821341055924,
    ratioWinConRad = 0.03,
    AExt = {4.747659922891858, 3.255816427213916, 0.8673430762886438, 11.843070288085938, 11.843070288085938, 5.546011839031377, 0.7575202822359259, 0.8438363411695391, 3.2469525730626163, 0.013645939017809399},
    alphaExt = 2.148709860747454,
    nExt = 1,
    RExt = {0.000708994646506512},
    RExtRem = 0.018142408123508442 ,
    CExt = {13519087.697349163},
    AInt = 138.48383129468263,
    alphaInt = 2.3579219342109385,
    nInt = 1,
    RInt = {0.0004877642872805286},
    CInt = {30465356.420400117},
    AFloor = 0.0,
    alphaFloor = 0.0,
    nFloor = 1,
    RFloor = {0.00001},
    RFloorRem =  0.00001,
    CFloor = {0.00001},
    ARoof = 0.0,
    alphaRoof = 0.0,
    nRoof = 1,
    RRoof = {0.00001},
    RRoofRem = 0.00001,
    CRoof = {0.00001},
    nOrientationsRoof = 1,
    tiltRoof = {0.0},
    aziRoof = {0.0},
    wfRoof = {0.0},
    aRoof = 0.0,
    aExt = 0.5,
    TSoil = 286.15,
    alphaWallOut = 20.0,
    alphaRadWall = 5.0,
    alphaWinOut = 20.0,
    alphaRoofOut = 0.0,
    alphaRadRoof = 0.0,
    tiltExtWalls = {1.5707963267948966, 1.5707963267948966, 1.5707963267948966, 0.0, 0.0, 1.5707963267948966, 1.5707963267948966, 1.5707963267948966, 1.5707963267948966, 1.5707963267948966},
    aziExtWalls = {2.6116180552003017, -2.098694483375733, -2.0986944834464776, 0.0, 0.0, -0.5232514281094849, 2.6356422541235176, 1.0645781037620252, 1.0497689081188906, 1.0694857369765507},
    wfWall = {0.10288569975661958, 0.07055622281997029, 0.018796038634262737, 0.2214489156263816, 0.0, 0.12018664314306599, 0.01641608825895057, 0.01828662832876439, 0.07036413580200594, 0.0002957187345946846},
    wfWin = {0.2462634226118789, 0.16888077701094037, 0.0449895059912914, 0.0, 0.0, 0.28767432366848084, 0.03929294440443113, 0.04377020024090491, 0.16842100459752327, 0.0007078214745490455},
    wfGro = 0.36076390889538423,
    nrPeople = 0.7105842172851563,
    ratioConvectiveHeatPeople = 0.5,
    nrPeopleMachines = 35.52921086425781,
    ratioConvectiveHeatMachines = 0.75,
    lightingPower = 7.1,
    ratioConvectiveHeatLighting = 0.9,
    useConstantACHrate = false,
    baseACH = 0.2,
    maxUserACH = 1.0,
    maxOverheatingACH = {3.0, 2.0},
    maxSummerACH = {1.0, 283.15, 290.15},
    winterReduction = {0.2, 273.15, 283.15},
    withAHU = false,
    minAHU = 0.0,
    maxAHU = 130.0,
    hHeat = 1357.7479698699608,
    lHeat = 0,
    KRHeat = 10000,
    TNHeat = 1,
    HeaterOn = true,
    hCool = 0,
    lCool = 0.0,
    KRCool = 10000,
    TNCool = 1,
    CoolerOn = false);
end Inffeldgasse25F_4_ICT;
