 
within Inffeldgasse.Inffeldgasse25F_4.Inffeldgasse25F_4_DataBase;
record Inffeldgasse25F_4_Meeting "Inffeldgasse25F_4_Meeting"
  extends AixLib.DataBase.ThermalZones.ZoneBaseRecord(
    T_start = 293.15,
    withAirCap = true,
    VAir = 139.27405893692674,
    AZone = 36.206879736328126,
    alphaRad = 5.0,
    lat = 0.88645272708792,
    nOrientations = 10,
    AWin = {0.5799587868448648, 0.39772000859034046, 0.10595182605165564, 0.0, 0.0, 0.6774828758233195, 0.09253622859076342, 0.10308031928752844, 0.39663722882434016, 0.0016669437926605283},
    ATransparent = {0.5799587868448648, 0.39772000859034046, 0.10595182605165564, 0.0, 0.0, 0.6774828758233195, 0.09253622859076342, 0.10308031928752844, 0.39663722882434016, 0.0016669437926605283},
    alphaWin = 2.6999999999999997,
    RWin = 0.06932608659698666,
    gWin = 0.7799999999999999,
    UWin= 3.0017821341055915,
    ratioWinConRad = 0.03,
    AExt = {7.2573221164641195, 4.976874702089937, 1.325829607078826, 18.103439868164063, 18.103439868164063, 8.477691121789107, 1.1579533469600938, 1.289896968381775, 4.963325322855933, 0.020859323675724992},
    alphaExt = 2.148709860747454,
    nExt = 1,
    RExt = {0.0004638164621531013},
    RExtRem = 0.011868562890067021 ,
    CExt = {20665417.43382256},
    AInt = 423.37563681916595,
    alphaInt = 2.3579219342109385,
    nInt = 1,
    RInt = {0.00015954500305878237},
    CInt = {93139318.53866197},
    AFloor = 0.0,
    alphaFloor = 0.0,
    nFloor = 1,
    RFloor = {0.00001},
    RFloorRem =  0.00001,
    CFloor = {0.00001},
    ARoof = 0.0,
    alphaRoof = 0.0,
    nRoof = 1,
    RRoof = {0.00001},
    RRoofRem = 0.00001,
    CRoof = {0.00001},
    nOrientationsRoof = 1,
    tiltRoof = {0.0},
    aziRoof = {0.0},
    wfRoof = {0.0},
    aRoof = 0.0,
    aExt = 0.5,
    TSoil = 286.15,
    alphaWallOut = 20.0,
    alphaRadWall = 5.0,
    alphaWinOut = 19.999999999999996,
    alphaRoofOut = 0.0,
    alphaRadRoof = 0.0,
    tiltExtWalls = {1.5707963267948966, 1.5707963267948966, 1.5707963267948966, 0.0, 0.0, 1.5707963267948966, 1.5707963267948966, 1.5707963267948966, 1.5707963267948966, 1.5707963267948966},
    aziExtWalls = {2.6116180552003017, -2.098694483375733, -2.0986944834464776, 0.0, 0.0, -0.5232514281094849, 2.6356422541235176, 1.0645781037620252, 1.0497689081188906, 1.0694857369765507},
    wfWall = {0.10288569975661957, 0.07055622281997027, 0.018796038634262734, 0.22144891562638158, 0.0, 0.12018664314306594, 0.016416088258950568, 0.018286628328764386, 0.07036413580200593, 0.0002957187345946846},
    wfWin = {0.24626342261187886, 0.16888077701094037, 0.044989505991291416, 0.0, 0.0, 0.28767432366848095, 0.039292944404431145, 0.043770200240904916, 0.16842100459752324, 0.0007078214745490456},
    wfGro = 0.3607639088953843,
    nrPeople = 8.689651136718751,
    ratioConvectiveHeatPeople = 0.5,
    nrPeopleMachines = 0.7241375947265626,
    ratioConvectiveHeatMachines = 0.75,
    lightingPower = 15.9,
    ratioConvectiveHeatLighting = 0.9,
    useConstantACHrate = false,
    baseACH = 0.2,
    maxUserACH = 1.0,
    maxOverheatingACH = {3.0, 2.0},
    maxSummerACH = {1.0, 283.15, 290.15},
    winterReduction = {0.2, 273.15, 283.15},
    withAHU = false,
    minAHU = 0.0,
    maxAHU = 12.0,
    hHeat = 2075.467605169068,
    lHeat = 0,
    KRHeat = 10000,
    TNHeat = 1,
    HeaterOn = true,
    hCool = 0,
    lCool = 0.0,
    KRCool = 10000,
    TNCool = 1,
    CoolerOn = false);
end Inffeldgasse25F_4_Meeting;
