 
within Inffeldgasse.Inffeldgasse25F_4.Inffeldgasse25F_4_DataBase;
record Inffeldgasse25F_4_Meeting "Inffeldgasse25F_4_Meeting"
  extends AixLib.DataBase.ThermalZones.ZoneBaseRecord(
    T_start = 293.15,
    withAirCap = true,
    VAir = 49.65207092225552,
    AZone = 12.907978515625,
    alphaRad = 5.0,
    lat = 0.88645272708792,
    nOrientations = 10,
    AWin = {0.2067589257913956, 0.14178966438158302, 0.037772487005937834, 0.0, 0.0, 0.24152687195127248, 0.03298974281310638, 0.03674877692960015, 0.14140364663969346, 0.0005942758619110617},
    ATransparent = {0.2067589257913956, 0.14178966438158302, 0.037772487005937834, 0.0, 0.0, 0.24152687195127248, 0.03298974281310638, 0.03674877692960015, 0.14140364663969346, 0.0005942758619110617},
    alphaWin = 2.6999999999999997,
    RWin = 0.19445967290454766,
    gWin = 0.78,
    UWin= 3.001782134105591,
    ratioWinConRad = 0.029999999999999995,
    AExt = {2.5872806119301672, 1.7742868813154853, 0.47266652658781666, 6.453989257812498, 6.453989257812498, 3.0223497760388964, 0.41281759249914207, 0.4598563167136452, 1.769456443085894, 0.007436479028778962},
    alphaExt = 2.1487098607474535,
    nExt = 1,
    RExt = {0.0013010051763394515},
    RExtRem = 0.033291318906638 ,
    CExt = {7367350.243786998},
    AInt = 113.20204193025826,
    alphaInt = 2.3579219342109385,
    nInt = 1,
    RInt = {0.0005966983114398465},
    CInt = {24903561.106594097},
    AFloor = 0.0,
    alphaFloor = 0.0,
    nFloor = 1,
    RFloor = {0.00001},
    RFloorRem =  0.00001,
    CFloor = {0.00001},
    ARoof = 0.0,
    alphaRoof = 0.0,
    nRoof = 1,
    RRoof = {0.00001},
    RRoofRem = 0.00001,
    CRoof = {0.00001},
    nOrientationsRoof = 1,
    tiltRoof = {0.0},
    aziRoof = {0.0},
    wfRoof = {0.0},
    aRoof = 0.0,
    aExt = 0.5,
    TSoil = 286.15,
    alphaWallOut = 20.0,
    alphaRadWall = 5.0,
    alphaWinOut = 19.999999999999996,
    alphaRoofOut = 0.0,
    alphaRadRoof = 0.0,
    tiltExtWalls = {1.5707963267948966, 1.5707963267948966, 1.5707963267948966, 0.0, 0.0, 1.5707963267948966, 1.5707963267948966, 1.5707963267948966, 1.5707963267948966, 1.5707963267948966},
    aziExtWalls = {2.6116180552003017, -2.098694483375733, -2.0986944834464776, 0.0, 0.0, -0.5232514281094849, 2.6356422541235176, 1.0645781037620252, 1.0497689081188906, 1.0694857369765507},
    wfWall = {0.10288569975661958, 0.07055622281997029, 0.018796038634262734, 0.2214489156263816, 0.0, 0.12018664314306596, 0.016416088258950568, 0.01828662832876439, 0.07036413580200594, 0.00029571873459468466},
    wfWin = {0.24626342261187892, 0.16888077701094037, 0.04498950599129143, 0.0, 0.0, 0.2876743236684809, 0.039292944404431145, 0.04377020024090492, 0.1684210045975233, 0.0007078214745490459},
    wfGro = 0.36076390889538423,
    nrPeople = 3.0979148437500004,
    ratioConvectiveHeatPeople = 0.5,
    nrPeopleMachines = 0.25815957031250003,
    ratioConvectiveHeatMachines = 0.75,
    lightingPower = 15.9,
    ratioConvectiveHeatLighting = 0.9,
    useConstantACHrate = false,
    baseACH = 0.2,
    maxUserACH = 1.0,
    maxOverheatingACH = {3.0, 2.0},
    maxSummerACH = {1.0, 283.15, 290.15},
    winterReduction = {0.2, 273.15, 283.15},
    withAHU = false,
    minAHU = 0.0,
    maxAHU = 12.0,
    hHeat = 739.917149792894,
    lHeat = 0,
    KRHeat = 10000,
    TNHeat = 1,
    HeaterOn = true,
    hCool = 0,
    lCool = 0.0,
    KRCool = 10000,
    TNCool = 1,
    CoolerOn = false);
end Inffeldgasse25F_4_Meeting;
