 
within Inffeldgasse.Inffeldgasse25F_4.Inffeldgasse25F_4_DataBase;
record Inffeldgasse25F_4_Laboratory "Inffeldgasse25F_4_Laboratory"
  extends AixLib.DataBase.ThermalZones.ZoneBaseRecord(
    T_start = 293.15,
    withAirCap = true,
    VAir = 639.7669338332622,
    AZone = 166.3193031738281,
    alphaRad = 4.999999999999999,
    lat = 0.88645272708792,
    nOrientations = 10,
    AWin = {2.6640887588221327, 1.8269598255566974, 0.486698495071509, 0.0, 0.0, 3.112073745092146, 0.42507283614687574, 0.4735079907378979, 1.8219859869524502, 0.00765724448072403},
    ATransparent = {2.6640887588221327, 1.8269598255566974, 0.486698495071509, 0.0, 0.0, 3.112073745092146, 0.42507283614687574, 0.4735079907378979, 1.8219859869524502, 0.00765724448072403},
    alphaWin = 2.6999999999999997,
    RWin = 0.015091942018203153,
    gWin = 0.7799999999999999,
    UWin= 3.001782134105591,
    ratioWinConRad = 0.029999999999999992,
    AExt = {33.3371106847202, 22.861686465750026, 6.090308195084018, 83.15965158691405, 83.15965158691405, 38.94297686426118, 5.319154679351446, 5.925248640855318, 22.799446269161745, 0.09581903228581692},
    alphaExt = 2.148709860747454,
    nExt = 1,
    RExt = {0.00010097052202867282},
    RExtRem = 0.0025837267292695386 ,
    CExt = {94928307.89119558},
    AInt = 486.2027700904592,
    alphaInt = 2.3579219342109385,
    nInt = 1,
    RInt = {0.00013892859404885833},
    CInt = {106960794.95282164},
    AFloor = 0.0,
    alphaFloor = 0.0,
    nFloor = 1,
    RFloor = {0.00001},
    RFloorRem =  0.00001,
    CFloor = {0.00001},
    ARoof = 0.0,
    alphaRoof = 0.0,
    nRoof = 1,
    RRoof = {0.00001},
    RRoofRem = 0.00001,
    CRoof = {0.00001},
    nOrientationsRoof = 1,
    tiltRoof = {0.0},
    aziRoof = {0.0},
    wfRoof = {0.0},
    aRoof = 0.0,
    aExt = 0.5,
    TSoil = 286.15,
    alphaWallOut = 20.0,
    alphaRadWall = 5.0,
    alphaWinOut = 20.0,
    alphaRoofOut = 0.0,
    alphaRadRoof = 0.0,
    tiltExtWalls = {1.5707963267948966, 1.5707963267948966, 1.5707963267948966, 0.0, 0.0, 1.5707963267948966, 1.5707963267948966, 1.5707963267948966, 1.5707963267948966, 1.5707963267948966},
    aziExtWalls = {2.6116180552003017, -2.098694483375733, -2.0986944834464776, 0.0, 0.0, -0.5232514281094849, 2.6356422541235176, 1.0645781037620252, 1.0497689081188906, 1.0694857369765507},
    wfWall = {0.10288569975661956, 0.07055622281997026, 0.018796038634262734, 0.2214489156263816, 0.0, 0.12018664314306596, 0.016416088258950568, 0.018286628328764386, 0.07036413580200593, 0.00029571873459468455},
    wfWin = {0.24626342261187892, 0.1688807770109404, 0.04498950599129143, 0.0, 0.0, 0.2876743236684809, 0.03929294440443114, 0.043770200240904916, 0.16842100459752332, 0.0007078214745490458},
    wfGro = 0.36076390889538423,
    nrPeople = 9.979158190429686,
    ratioConvectiveHeatPeople = 0.5,
    nrPeopleMachines = 29.93747457128906,
    ratioConvectiveHeatMachines = 0.75,
    lightingPower = 14.0,
    ratioConvectiveHeatLighting = 0.9,
    useConstantACHrate = false,
    baseACH = 0.2,
    maxUserACH = 1.0,
    maxOverheatingACH = {3.0, 2.0},
    maxSummerACH = {1.0, 283.15, 290.15},
    winterReduction = {0.2, 273.15, 283.15},
    withAHU = false,
    minAHU = 24.0,
    maxAHU = 48.0,
    hHeat = 9533.83247508144,
    lHeat = 0,
    KRHeat = 10000,
    TNHeat = 1,
    HeaterOn = true,
    hCool = 0,
    lCool = 0.0,
    KRCool = 10000,
    TNCool = 1,
    CoolerOn = false);
end Inffeldgasse25F_4_Laboratory;
