 
within Inffeldgasse.Inffeldgasse25F_4.Inffeldgasse25F_4_DataBase;
record Inffeldgasse25F_4_Storage "Inffeldgasse25F_4_Storage"
  extends AixLib.DataBase.ThermalZones.ZoneBaseRecord(
    T_start = 293.15,
    withAirCap = true,
    VAir = 2234.3431915014985,
    AZone = 580.859033203125,
    alphaRad = 5.0,
    lat = 0.88645272708792,
    nOrientations = 10,
    AWin = {9.304151660612803, 6.380534897171237, 1.6997619152672023, 0.0, 0.0, 10.868709237807261, 1.4845384265897872, 1.6536949618320067, 6.363164098786205, 0.026742413785997777},
    ATransparent = {9.304151660612803, 6.380534897171237, 1.6997619152672023, 0.0, 0.0, 10.868709237807261, 1.4845384265897872, 1.6536949618320067, 6.363164098786205, 0.026742413785997777},
    alphaWin = 2.7,
    RWin = 0.004321326064545504,
    gWin = 0.7800000000000001,
    UWin= 3.0017821341055915,
    ratioWinConRad = 0.03,
    AExt = {116.42762753685753, 79.84290965919683, 21.26999369645175, 290.42951660156245, 290.42951660156245, 136.00573992175035, 18.576791662461396, 20.693534252114034, 79.62553993886523, 0.33464155629505327},
    alphaExt = 2.148709860747454,
    nExt = 1,
    RExt = {2.8911226140876646e-05},
    RExtRem = 0.0007398070868141778 ,
    CExt = {331530760.9704153},
    AInt = 6792.122515815497,
    alphaInt = 2.3579219342109385,
    nInt = 1,
    RInt = {9.944971857330777e-06},
    CInt = {1494213666.3956456},
    AFloor = 0.0,
    alphaFloor = 0.0,
    nFloor = 1,
    RFloor = {0.00001},
    RFloorRem =  0.00001,
    CFloor = {0.00001},
    ARoof = 0.0,
    alphaRoof = 0.0,
    nRoof = 1,
    RRoof = {0.00001},
    RRoofRem = 0.00001,
    CRoof = {0.00001},
    nOrientationsRoof = 1,
    tiltRoof = {0.0},
    aziRoof = {0.0},
    wfRoof = {0.0},
    aRoof = 0.0,
    aExt = 0.5,
    TSoil = 286.15,
    alphaWallOut = 20.0,
    alphaRadWall = 5.0,
    alphaWinOut = 20.0,
    alphaRoofOut = 0.0,
    alphaRadRoof = 0.0,
    tiltExtWalls = {1.5707963267948966, 1.5707963267948966, 1.5707963267948966, 0.0, 0.0, 1.5707963267948966, 1.5707963267948966, 1.5707963267948966, 1.5707963267948966, 1.5707963267948966},
    aziExtWalls = {2.6116180552003017, -2.098694483375733, -2.0986944834464776, 0.0, 0.0, -0.5232514281094849, 2.6356422541235176, 1.0645781037620252, 1.0497689081188906, 1.0694857369765507},
    wfWall = {0.10288569975661958, 0.07055622281997026, 0.01879603863426273, 0.2214489156263816, 0.0, 0.12018664314306594, 0.01641608825895057, 0.01828662832876439, 0.07036413580200593, 0.0002957187345946846},
    wfWin = {0.24626342261187886, 0.16888077701094042, 0.044989505991291416, 0.0, 0.0, 0.2876743236684809, 0.03929294440443114, 0.043770200240904916, 0.16842100459752327, 0.0007078214745490455},
    wfGro = 0.3607639088953843,
    nrPeople = 0.0,
    ratioConvectiveHeatPeople = 0.5,
    nrPeopleMachines = 0.0,
    ratioConvectiveHeatMachines = 0.75,
    lightingPower = 11.3,
    ratioConvectiveHeatLighting = 0.9,
    useConstantACHrate = false,
    baseACH = 0.2,
    maxUserACH = 1.0,
    maxOverheatingACH = {3.0, 2.0},
    maxSummerACH = {1.0, 283.15, 290.15},
    winterReduction = {0.2, 273.15, 283.15},
    withAHU = false,
    minAHU = 0.0,
    maxAHU = 0.5,
    hHeat = 33296.27174068023,
    lHeat = 0,
    KRHeat = 10000,
    TNHeat = 1,
    HeaterOn = true,
    hCool = 0,
    lCool = 0.0,
    KRCool = 10000,
    TNCool = 1,
    CoolerOn = false);
end Inffeldgasse25F_4_Storage;
