 
within Inffeldgasse.Inffeldgasse25B_5.Inffeldgasse25B_5_DataBase;
record Inffeldgasse25B_5_Meeting "Inffeldgasse25B_5_Meeting"
  extends AixLib.DataBase.ThermalZones.ZoneBaseRecord(
    T_start = 293.15,
    withAirCap = true,
    VAir = 23.44555442541987,
    AZone = 3.77025966796875,
    alphaRad = 4.999999999999999,
    lat = 0.88645272708792,
    nOrientations = 7,
    AWin = {0.1383224355085333, 0.08076421083573353, 0.217122780882224, 0.0, 0.02385236207011195, 0.14106640747465773, 0.32099314462126116},
    ATransparent = {0.1383224355085333, 0.08076421083573353, 0.217122780882224, 0.0, 0.02385236207011195, 0.14106640747465773, 0.32099314462126116},
    alphaWin = 2.6999999999999997,
    RWin = 0.17705403702716327,
    gWin = 0.7799999999999999,
    UWin= 3.0017821341055915,
    ratioWinConRad = 0.030000000000000002,
    AExt = {1.7308996659581328, 1.010644043701206, 2.716968852661344, 3.77025966796875, 0.2984768550935631, 1.7652363962369333, 4.016752052963349},
    alphaExt = 2.453726489679724,
    nExt = 1,
    RExt = {0.001707185616980616},
    RExtRem = 0.05810639446218969 ,
    CExt = {6197540.9060411425},
    AInt = 46.89110885083974,
    alphaInt = 2.6999999999999997,
    nInt = 1,
    RInt = {0.00044015315611355404},
    CInt = {5221024.821054759},
    AFloor = 0.0,
    alphaFloor = 0.0,
    nFloor = 1,
    RFloor = {0.00001},
    RFloorRem =  0.00001,
    CFloor = {0.00001},
    ARoof = 0.0,
    alphaRoof = 0.0,
    nRoof = 1,
    RRoof = {0.00001},
    RRoofRem = 0.00001,
    CRoof = {0.00001},
    nOrientationsRoof = 1,
    tiltRoof = {0.0},
    aziRoof = {0.0},
    wfRoof = {0.0},
    aRoof = 0.0,
    aExt = 0.5,
    TSoil = 286.15,
    alphaWallOut = 20.0,
    alphaRadWall = 4.999999999999999,
    alphaWinOut = 20.0,
    alphaRoofOut = 0.0,
    alphaRadRoof = 0.0,
    tiltExtWalls = {1.5707963267948966, 1.5707963267948966, 1.5707963267948966, 0.0, 1.5707963267948966, 1.5707963267948966, 1.5707963267948966},
    aziExtWalls = {-0.5459690962164588, -2.098142644045462, -2.088879879463538, 0.0, -2.0888798796879366, 2.5907654808148504, 1.0419016702681971},
    wfWall = {0.11701486052151602, 0.06832306582319143, 0.18367658021326386, 0.2199248100984848, 0.02017807747876637, 0.11933614336844219, 0.27154646249633535},
    wfWin = {0.15000459191156845, 0.08758523115164996, 0.23546009742529186, 0.0, 0.0258668366075248, 0.15298030871038007, 0.34810293419358485},
    wfGro = 0,
    nrPeople = 0.9048623203124999,
    ratioConvectiveHeatPeople = 0.5,
    nrPeopleMachines = 0.075405193359375,
    ratioConvectiveHeatMachines = 0.75,
    lightingPower = 15.9,
    ratioConvectiveHeatLighting = 0.9,
    useConstantACHrate = false,
    baseACH = 0.2,
    maxUserACH = 1.0,
    maxOverheatingACH = {3.0, 2.0},
    maxSummerACH = {1.0, 283.15, 290.15},
    winterReduction = {0.2, 273.15, 283.15},
    withAHU = false,
    minAHU = 0.0,
    maxAHU = 12.0,
    hHeat = 590.2184133312215,
    lHeat = 0,
    KRHeat = 10000,
    TNHeat = 1,
    HeaterOn = true,
    hCool = 0,
    lCool = 0.0,
    KRCool = 10000,
    TNCool = 1,
    CoolerOn = false);
end Inffeldgasse25B_5_Meeting;
