 
within Inffeldgasse.Inffeldgasse25B_5.Inffeldgasse25B_5_DataBase;
record Inffeldgasse25B_5_Restroom "Inffeldgasse25B_5_Restroom"
  extends AixLib.DataBase.ThermalZones.ZoneBaseRecord(
    T_start = 293.15,
    withAirCap = true,
    VAir = 12.286975046476723,
    AZone = 1.9758580078124999,
    alphaRad = 5.0,
    lat = 0.88645272708792,
    nOrientations = 7,
    AWin = {0.07248983251249337, 0.04232562920803147, 0.1137862701949623, 0.0, 0.012500168357598776, 0.07392784990650512, 0.16822100627210476},
    ATransparent = {0.07248983251249337, 0.04232562920803147, 0.1137862701949623, 0.0, 0.012500168357598776, 0.07392784990650512, 0.16822100627210476},
    alphaWin = 2.7000000000000006,
    RWin = 0.33784800942938303,
    gWin = 0.7800000000000001,
    UWin= 3.0017821341055915,
    ratioWinConRad = 0.03,
    AExt = {0.9071024987374171, 0.5296423330626641, 1.423866029736961, 1.9758580078124999, 0.1564210256640063, 0.9250971488300506, 2.1050358352428242},
    alphaExt = 2.453726489679724,
    nExt = 1,
    RExt = {0.0032575888813813803},
    RExtRem = 0.1108764873921375 ,
    CExt = {3247909.137925305},
    AInt = 30.71743761619181,
    alphaInt = 2.6999999999999993,
    nInt = 1,
    RInt = {0.0006719072668835477},
    CInt = {3420190.0565733043},
    AFloor = 0.0,
    alphaFloor = 0.0,
    nFloor = 1,
    RFloor = {0.00001},
    RFloorRem =  0.00001,
    CFloor = {0.00001},
    ARoof = 0.0,
    alphaRoof = 0.0,
    nRoof = 1,
    RRoof = {0.00001},
    RRoofRem = 0.00001,
    CRoof = {0.00001},
    nOrientationsRoof = 1,
    tiltRoof = {0.0},
    aziRoof = {0.0},
    wfRoof = {0.0},
    aRoof = 0.0,
    aExt = 0.5,
    TSoil = 286.15,
    alphaWallOut = 20.0,
    alphaRadWall = 5.0,
    alphaWinOut = 20.000000000000004,
    alphaRoofOut = 0.0,
    alphaRadRoof = 0.0,
    tiltExtWalls = {1.5707963267948966, 1.5707963267948966, 1.5707963267948966, 0.0, 1.5707963267948966, 1.5707963267948966, 1.5707963267948966},
    aziExtWalls = {-0.5459690962164588, -2.098142644045462, -2.088879879463538, 0.0, -2.0888798796879366, 2.5907654808148504, 1.0419016702681971},
    wfWall = {0.11701486052151605, 0.06832306582319145, 0.18367658021326388, 0.21992481009848486, 0.020178077478766376, 0.11933614336844217, 0.27154646249633535},
    wfWin = {0.15000459191156842, 0.08758523115164996, 0.23546009742529192, 0.0, 0.0258668366075248, 0.1529803087103801, 0.34810293419358485},
    wfGro = 0,
    nrPeople = 0.0,
    ratioConvectiveHeatPeople = 0.5,
    nrPeopleMachines = 0.0,
    ratioConvectiveHeatMachines = 0.75,
    lightingPower = 11.1,
    ratioConvectiveHeatLighting = 0.9,
    useConstantACHrate = false,
    baseACH = 0.2,
    maxUserACH = 1.0,
    maxOverheatingACH = {3.0, 2.0},
    maxSummerACH = {1.0, 283.15, 290.15},
    winterReduction = {0.2, 273.15, 283.15},
    withAHU = false,
    minAHU = 0.0,
    maxAHU = 8.0,
    hHeat = 309.3123235639556,
    lHeat = 0,
    KRHeat = 10000,
    TNHeat = 1,
    HeaterOn = true,
    hCool = 0,
    lCool = 0.0,
    KRCool = 10000,
    TNCool = 1,
    CoolerOn = false);
end Inffeldgasse25B_5_Restroom;
