 
within Inffeldgasse.Inffeldgasse25B_5.Inffeldgasse25B_5_DataBase;
record Inffeldgasse25B_5_Laboratory "Inffeldgasse25B_5_Laboratory"
  extends AixLib.DataBase.ThermalZones.ZoneBaseRecord(
    T_start = 293.15,
    withAirCap = true,
    VAir = 107.69909760126025,
    AZone = 17.31900029296875,
    alphaRad = 5.0,
    lat = 0.88645272708792,
    nOrientations = 7,
    AWin = {0.6353955727370593, 0.3709970968336636, 0.997371490790537, 0.0, 0.10956780223650354, 0.6480002354049785, 1.474508616201408},
    ATransparent = {0.6353955727370593, 0.3709970968336636, 0.997371490790537, 0.0, 0.10956780223650354, 0.6480002354049785, 1.474508616201408},
    alphaWin = 2.7,
    RWin = 0.038543777560046025,
    gWin = 0.7799999999999999,
    UWin= 3.0017821341055906,
    ratioWinConRad = 0.029999999999999995,
    AExt = {7.9510310858718505, 4.642477184702331, 12.480621628000504, 17.31900029296875, 1.3710781739324636, 8.108759702500137, 18.45128349462843},
    alphaExt = 2.4537264896797244,
    nExt = 1,
    RExt = {0.00037164576295154275},
    RExtRem = 0.012649471204225233 ,
    CExt = {28468917.851814654},
    AInt = 53.84954880063013,
    alphaInt = 2.7000000000000006,
    nInt = 1,
    RInt = {0.0003832765550325244},
    CInt = {7996465.988421384},
    AFloor = 0.0,
    alphaFloor = 0.0,
    nFloor = 1,
    RFloor = {0.00001},
    RFloorRem =  0.00001,
    CFloor = {0.00001},
    ARoof = 0.0,
    alphaRoof = 0.0,
    nRoof = 1,
    RRoof = {0.00001},
    RRoofRem = 0.00001,
    CRoof = {0.00001},
    nOrientationsRoof = 1,
    tiltRoof = {0.0},
    aziRoof = {0.0},
    wfRoof = {0.0},
    aRoof = 0.0,
    aExt = 0.5,
    TSoil = 286.15,
    alphaWallOut = 20.0,
    alphaRadWall = 5.0,
    alphaWinOut = 19.999999999999993,
    alphaRoofOut = 0.0,
    alphaRadRoof = 0.0,
    tiltExtWalls = {1.5707963267948966, 1.5707963267948966, 1.5707963267948966, 0.0, 1.5707963267948966, 1.5707963267948966, 1.5707963267948966},
    aziExtWalls = {-0.5459690962164588, -2.098142644045462, -2.088879879463538, 0.0, -2.0888798796879366, 2.5907654808148504, 1.0419016702681971},
    wfWall = {0.11701486052151608, 0.06832306582319145, 0.1836765802132639, 0.2199248100984848, 0.020178077478766376, 0.11933614336844217, 0.2715464624963354},
    wfWin = {0.15000459191156845, 0.08758523115164997, 0.235460097425292, 0.0, 0.025866836607524802, 0.15298030871038007, 0.3481029341935849},
    wfGro = 0,
    nrPeople = 1.039140017578125,
    ratioConvectiveHeatPeople = 0.5,
    nrPeopleMachines = 3.117420052734375,
    ratioConvectiveHeatMachines = 0.75,
    lightingPower = 14.0,
    ratioConvectiveHeatLighting = 0.9,
    useConstantACHrate = false,
    baseACH = 0.2,
    maxUserACH = 1.0,
    maxOverheatingACH = {3.0, 2.0},
    maxSummerACH = {1.0, 283.15, 290.15},
    winterReduction = {0.2, 273.15, 283.15},
    withAHU = false,
    minAHU = 24.0,
    maxAHU = 48.0,
    hHeat = 2711.21720348406,
    lHeat = 0,
    KRHeat = 10000,
    TNHeat = 1,
    HeaterOn = true,
    hCool = 0,
    lCool = 0.0,
    KRCool = 10000,
    TNCool = 1,
    CoolerOn = false);
end Inffeldgasse25B_5_Laboratory;
