 
within Inffeldgasse.Inffeldgasse25B_5.Inffeldgasse25B_5_DataBase;
record Inffeldgasse25B_5_ICT "Inffeldgasse25B_5_ICT"
  extends AixLib.DataBase.ThermalZones.ZoneBaseRecord(
    T_start = 293.15,
    withAirCap = true,
    VAir = 15.33782259203047,
    AZone = 2.4664622070312503,
    alphaRad = 5.0,
    lat = 0.88645272708792,
    nOrientations = 7,
    AWin = {0.09048900861253427, 0.052835054147440656, 0.1420393236787455, 0.0, 0.015603951657274665, 0.092284084747236, 0.20999016769340972},
    ATransparent = {0.09048900861253427, 0.052835054147440656, 0.1420393236787455, 0.0, 0.015603951657274665, 0.092284084747236, 0.20999016769340972},
    alphaWin = 2.6999999999999997,
    RWin = 0.27064663425678087,
    gWin = 0.78,
    UWin= 3.001782134105591,
    ratioWinConRad = 0.03,
    AExt = {1.1323354320973882, 0.6611521640612169, 1.7774109963043019, 2.4664622070312503, 0.1952602599275181, 1.154798141566764, 2.6277148011364515},
    alphaExt = 2.453726489679725,
    nExt = 1,
    RExt = {0.0026096216106978897},
    RExtRem = 0.0888220362214943 ,
    CExt = {4054362.767410159},
    AInt = 15.337822592030472,
    alphaInt = 2.7,
    nInt = 1,
    RInt = {0.0013456453437586035},
    CInt = {1707768.3683842223},
    AFloor = 0.0,
    alphaFloor = 0.0,
    nFloor = 1,
    RFloor = {0.00001},
    RFloorRem =  0.00001,
    CFloor = {0.00001},
    ARoof = 0.0,
    alphaRoof = 0.0,
    nRoof = 1,
    RRoof = {0.00001},
    RRoofRem = 0.00001,
    CRoof = {0.00001},
    nOrientationsRoof = 1,
    tiltRoof = {0.0},
    aziRoof = {0.0},
    wfRoof = {0.0},
    aRoof = 0.0,
    aExt = 0.5,
    TSoil = 286.15,
    alphaWallOut = 20.0,
    alphaRadWall = 5.0,
    alphaWinOut = 20.0,
    alphaRoofOut = 0.0,
    alphaRadRoof = 0.0,
    tiltExtWalls = {1.5707963267948966, 1.5707963267948966, 1.5707963267948966, 0.0, 1.5707963267948966, 1.5707963267948966, 1.5707963267948966},
    aziExtWalls = {-0.5459690962164588, -2.098142644045462, -2.088879879463538, 0.0, -2.0888798796879366, 2.5907654808148504, 1.0419016702681971},
    wfWall = {0.11701486052151604, 0.06832306582319146, 0.18367658021326386, 0.21992481009848477, 0.020178077478766373, 0.11933614336844217, 0.27154646249633535},
    wfWin = {0.15000459191156845, 0.08758523115164994, 0.23546009742529192, 0.0, 0.0258668366075248, 0.15298030871038007, 0.3481029341935848},
    wfGro = 0,
    nrPeople = 0.07399386621093751,
    ratioConvectiveHeatPeople = 0.5,
    nrPeopleMachines = 3.6996933105468752,
    ratioConvectiveHeatMachines = 0.75,
    lightingPower = 7.1,
    ratioConvectiveHeatLighting = 0.9,
    useConstantACHrate = false,
    baseACH = 0.2,
    maxUserACH = 1.0,
    maxOverheatingACH = {3.0, 2.0},
    maxSummerACH = {1.0, 283.15, 290.15},
    winterReduction = {0.2, 273.15, 283.15},
    withAHU = false,
    minAHU = 0.0,
    maxAHU = 130.0,
    hHeat = 386.1143630883393,
    lHeat = 0,
    KRHeat = 10000,
    TNHeat = 1,
    HeaterOn = true,
    hCool = 0,
    lCool = 0.0,
    KRCool = 10000,
    TNCool = 1,
    CoolerOn = false);
end Inffeldgasse25B_5_ICT;
