 
within Inffeldgasse.Inffeldgasse25B_5.Inffeldgasse25B_5_DataBase;
record Inffeldgasse25B_5_ICT "Inffeldgasse25B_5_ICT"
  extends AixLib.DataBase.ThermalZones.ZoneBaseRecord(
    T_start = 293.15,
    withAirCap = true,
    VAir = 8.358486426174643,
    AZone = 1.34412109375,
    alphaRad = 5.0,
    lat = 0.88645272708792,
    nOrientations = 7,
    AWin = {0.04931281123298868, 0.028792945039477193, 0.07740562598296755, 0.0, 0.008503515889522976, 0.050291054358166734, 0.11443605868850662},
    ATransparent = {0.04931281123298868, 0.028792945039477193, 0.07740562598296755, 0.0, 0.008503515889522976, 0.050291054358166734, 0.11443605868850662},
    alphaWin = 2.6999999999999997,
    RWin = 0.49663657386119314,
    gWin = 0.7799999999999999,
    UWin= 3.00178213410559,
    ratioWinConRad = 0.029999999999999992,
    AExt = {0.617076529753345, 0.3603009068453497, 0.9686163467598372, 1.3441210937499999, 0.10640886099592266, 0.6293177883197623, 1.4319971668318532},
    alphaExt = 2.4537264896797244,
    nExt = 1,
    RExt = {0.004788655655630628},
    RExtRem = 0.16298843646644215 ,
    CExt = {2209461.9985886416},
    AInt = 4.1792432130873225,
    alphaInt = 2.7,
    nInt = 1,
    RInt = {0.004938518411594074},
    CInt = {620602.715438168},
    AFloor = 0.0,
    alphaFloor = 0.0,
    nFloor = 1,
    RFloor = {0.00001},
    RFloorRem =  0.00001,
    CFloor = {0.00001},
    ARoof = 0.0,
    alphaRoof = 0.0,
    nRoof = 1,
    RRoof = {0.00001},
    RRoofRem = 0.00001,
    CRoof = {0.00001},
    nOrientationsRoof = 1,
    tiltRoof = {0.0},
    aziRoof = {0.0},
    wfRoof = {0.0},
    aRoof = 0.0,
    aExt = 0.5,
    TSoil = 286.15,
    alphaWallOut = 20.0,
    alphaRadWall = 4.999999999999999,
    alphaWinOut = 19.999999999999993,
    alphaRoofOut = 0.0,
    alphaRadRoof = 0.0,
    tiltExtWalls = {1.5707963267948966, 1.5707963267948966, 1.5707963267948966, 0.0, 1.5707963267948966, 1.5707963267948966, 1.5707963267948966},
    aziExtWalls = {-0.5459690962164588, -2.098142644045462, -2.088879879463538, 0.0, -2.0888798796879366, 2.5907654808148504, 1.0419016702681971},
    wfWall = {0.11701486052151605, 0.06832306582319142, 0.18367658021326383, 0.2199248100984847, 0.020178077478766373, 0.11933614336844216, 0.2715464624963353},
    wfWin = {0.15000459191156845, 0.08758523115164998, 0.23546009742529195, 0.0, 0.025866836607524802, 0.15298030871038007, 0.34810293419358485},
    wfGro = 0,
    nrPeople = 0.0403236328125,
    ratioConvectiveHeatPeople = 0.5,
    nrPeopleMachines = 2.016181640625,
    ratioConvectiveHeatMachines = 0.75,
    lightingPower = 7.1,
    ratioConvectiveHeatLighting = 0.9,
    useConstantACHrate = false,
    baseACH = 0.2,
    maxUserACH = 1.0,
    maxOverheatingACH = {3.0, 2.0},
    maxSummerACH = {1.0, 283.15, 290.15},
    winterReduction = {0.2, 273.15, 283.15},
    withAHU = false,
    minAHU = 0.0,
    maxAHU = 130.0,
    hHeat = 210.41654664214673,
    lHeat = 0,
    KRHeat = 10000,
    TNHeat = 1,
    HeaterOn = true,
    hCool = 0,
    lCool = 0.0,
    KRCool = 10000,
    TNCool = 1,
    CoolerOn = false);
end Inffeldgasse25B_5_ICT;
