 
within Inffeldgasse.Inffeldgasse25B_5.Inffeldgasse25B_5_DataBase;
record Inffeldgasse25B_5_Office "Inffeldgasse25B_5_Office"
  extends AixLib.DataBase.ThermalZones.ZoneBaseRecord(
    T_start = 293.15,
    withAirCap = true,
    VAir = 137.07917738926415,
    AZone = 22.0435859375,
    alphaRad = 5.0,
    lat = 0.88645272708792,
    nOrientations = 7,
    AWin = {0.8087301042210147, 0.472204298647426, 1.2694522661206682, 0.0, 0.13945766058817682, 0.8247732914739347, 1.876751362491509},
    ATransparent = {0.8087301042210147, 0.472204298647426, 1.2694522661206682, 0.0, 0.13945766058817682, 0.8247732914739347, 1.876751362491509},
    alphaWin = 2.7000000000000006,
    RWin = 0.030282717918365423,
    gWin = 0.7800000000000001,
    UWin= 3.001782134105591,
    ratioWinConRad = 0.03,
    AExt = {10.120055087954858, 5.908934872263736, 15.885308086861334, 22.0435859375, 1.745105320333132, 10.320811728444102, 23.484753536042398},
    alphaExt = 2.4537264896797244,
    nExt = 1,
    RExt = {0.0002919911985140627},
    RExtRem = 0.009938319296734274 ,
    CExt = {36235176.77685373},
    AInt = 479.77712086242457,
    alphaInt = 2.7000000000000006,
    nInt = 1,
    RInt = {4.301845306266615e-05},
    CInt = {53420111.359811634},
    AFloor = 0.0,
    alphaFloor = 0.0,
    nFloor = 1,
    RFloor = {0.00001},
    RFloorRem =  0.00001,
    CFloor = {0.00001},
    ARoof = 0.0,
    alphaRoof = 0.0,
    nRoof = 1,
    RRoof = {0.00001},
    RRoofRem = 0.00001,
    CRoof = {0.00001},
    nOrientationsRoof = 1,
    tiltRoof = {0.0},
    aziRoof = {0.0},
    wfRoof = {0.0},
    aRoof = 0.0,
    aExt = 0.5,
    TSoil = 286.15,
    alphaWallOut = 20.0,
    alphaRadWall = 4.999999999999999,
    alphaWinOut = 20.0,
    alphaRoofOut = 0.0,
    alphaRadRoof = 0.0,
    tiltExtWalls = {1.5707963267948966, 1.5707963267948966, 1.5707963267948966, 0.0, 1.5707963267948966, 1.5707963267948966, 1.5707963267948966},
    aziExtWalls = {-0.5459690962164588, -2.098142644045462, -2.088879879463538, 0.0, -2.0888798796879366, 2.5907654808148504, 1.0419016702681971},
    wfWall = {0.11701486052151604, 0.06832306582319143, 0.18367658021326383, 0.21992481009848477, 0.02017807747876637, 0.11933614336844216, 0.2715464624963354},
    wfWin = {0.15000459191156845, 0.08758523115164997, 0.23546009742529195, 0.0, 0.025866836607524802, 0.15298030871038007, 0.3481029341935848},
    wfGro = 0,
    nrPeople = 1.1021792968750002,
    ratioConvectiveHeatPeople = 0.5,
    nrPeopleMachines = 1.5430510156250001,
    ratioConvectiveHeatMachines = 0.75,
    lightingPower = 12.5,
    ratioConvectiveHeatLighting = 0.9,
    useConstantACHrate = false,
    baseACH = 0.2,
    maxUserACH = 1.0,
    maxOverheatingACH = {3.0, 2.0},
    maxSummerACH = {1.0, 283.15, 290.15},
    winterReduction = {0.2, 273.15, 283.15},
    withAHU = false,
    minAHU = 0.0,
    maxAHU = 2.6,
    hHeat = 3450.8313649312063,
    lHeat = 0,
    KRHeat = 10000,
    TNHeat = 1,
    HeaterOn = true,
    hCool = 0,
    lCool = 0.0,
    KRCool = 10000,
    TNCool = 1,
    CoolerOn = false);
end Inffeldgasse25B_5_Office;
