 
within Inffeldgasse.Inffeldgasse33_1.Inffeldgasse33_1_DataBase;
record Inffeldgasse33_1_Restroom "Inffeldgasse33_1_Restroom"
  extends AixLib.DataBase.ThermalZones.ZoneBaseRecord(
    T_start = 293.15,
    withAirCap = true,
    VAir = 67.85913339843749,
    AZone = 16.964783349609373,
    alphaRad = 5.0,
    lat = 0.88645272708792,
    nOrientations = 8,
    AWin = {0.08863214354453998, 0.0, 0.0, 0.0835956026357116, 0.2122698754226057, 0.2978904201229109, 0.19862872328619963, 0.29258836634062985},
    ATransparent = {0.08863214354453998, 0.0, 0.0, 0.0835956026357116, 0.2122698754226057, 0.2978904201229109, 0.19862872328619963, 0.29258836634062985},
    alphaWin = 2.6999999999999993,
    RWin = 0.30522101996183276,
    gWin = 0.6699999999999999,
    UWin= 1.8936557576825377,
    ratioWinConRad = 0.029999999999999985,
    AExt = {1.1090995259762708, 16.964783349609373, 16.964783349609373, 1.0460747032522828, 2.656241954612607, 3.7276557977542644, 2.4855432130137958, 3.6613084761003143},
    alphaExt = 2.0020832158425312,
    nExt = 1,
    RExt = {0.0006738226562437452},
    RExtRem = 0.03600704752931778 ,
    CExt = {13722677.611231077},
    AInt = 169.64783349609374,
    alphaInt = 2.7,
    nInt = 1,
    RInt = {0.0007284890059818409},
    CInt = {9797012.822925478},
    AFloor = 0.0,
    alphaFloor = 0.0,
    nFloor = 1,
    RFloor = {0.00001},
    RFloorRem =  0.00001,
    CFloor = {0.00001},
    ARoof = 0.0,
    alphaRoof = 0.0,
    nRoof = 1,
    RRoof = {0.00001},
    RRoofRem = 0.00001,
    CRoof = {0.00001},
    nOrientationsRoof = 1,
    tiltRoof = {0.0},
    aziRoof = {0.0},
    wfRoof = {0.0},
    aRoof = 0.0,
    aExt = 0.5,
    TSoil = 286.15,
    alphaWallOut = 19.999999999999996,
    alphaRadWall = 5.0,
    alphaWinOut = 19.999999999999993,
    alphaRoofOut = 0.0,
    alphaRadRoof = 0.0,
    tiltExtWalls = {1.5707963267948966, 0.0, 0.0, 1.5707963267948966, 1.5707963267948966, 1.5707963267948966, 1.5707963267948966, 1.5707963267948966},
    aziExtWalls = {-2.111215827043918, 0.0, 0.0, -0.5642681888532658, -0.5201910459523376, 2.6269141194401473, -2.088825746919451, 1.038762374211078},
    wfWall = {0.022220283742716552, 0.31760712650020545, 0.0, 0.020957611267468028, 0.053216549586788786, 0.07468181852153664, 0.04979668114034659, 0.07335258135373393},
    wfWin = {0.07552126450094003, 0.0, 0.0, 0.07122975215638877, 0.18086992784188108, 0.25382508321141, 0.169246638396406, 0.24930733389297416},
    wfGro = 0.3881673478872041,
    nrPeople = 0.0,
    ratioConvectiveHeatPeople = 0.5,
    nrPeopleMachines = 0.0,
    ratioConvectiveHeatMachines = 0.75,
    lightingPower = 11.1,
    ratioConvectiveHeatLighting = 0.9,
    useConstantACHrate = false,
    baseACH = 0.2,
    maxUserACH = 1.0,
    maxOverheatingACH = {3.0, 2.0},
    maxSummerACH = {1.0, 283.15, 290.15},
    winterReduction = {0.2, 273.15, 283.15},
    withAHU = false,
    minAHU = 0.0,
    maxAHU = 8.0,
    hHeat = 777.7615908313592,
    lHeat = 0,
    KRHeat = 10000,
    TNHeat = 1,
    HeaterOn = true,
    hCool = 0,
    lCool = 0.0,
    KRCool = 10000,
    TNCool = 1,
    CoolerOn = false);
end Inffeldgasse33_1_Restroom;
