 
within Inffeldgasse.Inffeldgasse33_1.Inffeldgasse33_1_DataBase;
record Inffeldgasse33_1_Meeting "Inffeldgasse33_1_Meeting"
  extends AixLib.DataBase.ThermalZones.ZoneBaseRecord(
    T_start = 293.15,
    withAirCap = true,
    VAir = 129.48630556640623,
    AZone = 32.37157639160156,
    alphaRad = 4.999999999999999,
    lat = 0.88645272708792,
    nOrientations = 8,
    AWin = {0.16912460043703034, 0.0, 0.0, 0.15951405809059252, 0.4050455786125231, 0.5684235567651463, 0.3790160332093809, 0.5583063725071202},
    ATransparent = {0.16912460043703034, 0.0, 0.0, 0.15951405809059252, 0.4050455786125231, 0.5684235567651463, 0.3790160332093809, 0.5583063725071202},
    alphaWin = 2.6999999999999997,
    RWin = 0.15995540083561288,
    gWin = 0.6700000000000002,
    UWin= 1.8936557576825384,
    ratioWinConRad = 0.03,
    AExt = {2.116342973036353, 32.37157639160156, 32.37157639160156, 1.996081321512009, 5.068543321556708, 7.112975858980076, 4.742822253403876, 6.9863743370485585},
    alphaExt = 2.0020832158425312,
    nExt = 1,
    RExt = {0.0003531263118282729},
    RExtRem = 0.018870003518038192 ,
    CExt = {26185109.319389913},
    AInt = 258.97261113281246,
    alphaInt = 2.7,
    nInt = 1,
    RInt = {0.0004772187338651097},
    CInt = {14955439.982751546},
    AFloor = 0.0,
    alphaFloor = 0.0,
    nFloor = 1,
    RFloor = {0.00001},
    RFloorRem =  0.00001,
    CFloor = {0.00001},
    ARoof = 0.0,
    alphaRoof = 0.0,
    nRoof = 1,
    RRoof = {0.00001},
    RRoofRem = 0.00001,
    CRoof = {0.00001},
    nOrientationsRoof = 1,
    tiltRoof = {0.0},
    aziRoof = {0.0},
    wfRoof = {0.0},
    aRoof = 0.0,
    aExt = 0.5,
    TSoil = 286.15,
    alphaWallOut = 19.999999999999996,
    alphaRadWall = 4.999999999999999,
    alphaWinOut = 19.999999999999996,
    alphaRoofOut = 0.0,
    alphaRadRoof = 0.0,
    tiltExtWalls = {1.5707963267948966, 0.0, 0.0, 1.5707963267948966, 1.5707963267948966, 1.5707963267948966, 1.5707963267948966, 1.5707963267948966},
    aziExtWalls = {-2.111215827043918, 0.0, 0.0, -0.5642681888532658, -0.5201910459523376, 2.6269141194401473, -2.088825746919451, 1.038762374211078},
    wfWall = {0.02222028374271655, 0.3176071265002054, 0.0, 0.020957611267468028, 0.05321654958678877, 0.07468181852153664, 0.0497966811403466, 0.07335258135373392},
    wfWin = {0.07552126450094, 0.0, 0.0, 0.07122975215638874, 0.1808699278418811, 0.25382508321141, 0.16924663839640594, 0.24930733389297416},
    wfGro = 0.38816734788720414,
    nrPeople = 7.7691783339843745,
    ratioConvectiveHeatPeople = 0.5,
    nrPeopleMachines = 0.6474315278320312,
    ratioConvectiveHeatMachines = 0.75,
    lightingPower = 15.9,
    ratioConvectiveHeatLighting = 0.9,
    useConstantACHrate = false,
    baseACH = 0.2,
    maxUserACH = 1.0,
    maxOverheatingACH = {3.0, 2.0},
    maxSummerACH = {1.0, 283.15, 290.15},
    winterReduction = {0.2, 273.15, 283.15},
    withAHU = false,
    minAHU = 0.0,
    maxAHU = 12.0,
    hHeat = 1484.0960967904507,
    lHeat = 0,
    KRHeat = 10000,
    TNHeat = 1,
    HeaterOn = true,
    hCool = 0,
    lCool = 0.0,
    KRCool = 10000,
    TNCool = 1,
    CoolerOn = false);
end Inffeldgasse33_1_Meeting;
