 
within Inffeldgasse.Inffeldgasse33_1.Inffeldgasse33_1_DataBase;
record Inffeldgasse33_1_Storage "Inffeldgasse33_1_Storage"
  extends AixLib.DataBase.ThermalZones.ZoneBaseRecord(
    T_start = 293.15,
    withAirCap = true,
    VAir = 2077.32041015625,
    AZone = 519.3301025390625,
    alphaRad = 4.999999999999999,
    lat = 0.88645272708792,
    nOrientations = 8,
    AWin = {2.7132288840165297, 0.0, 0.0, 2.559049060276885, 6.498057410896092, 9.119094493558498, 6.080471121006111, 8.956786724713158},
    ATransparent = {2.7132288840165297, 0.0, 0.0, 2.559049060276885, 6.498057410896092, 9.119094493558498, 6.080471121006111, 8.956786724713158},
    alphaWin = 2.7,
    RWin = 0.009970553318753204,
    gWin = 0.67,
    UWin= 1.8936557576825384,
    ratioWinConRad = 0.029999999999999992,
    AExt = {33.952026305396046, 519.3301025390624, 519.3301025390624, 32.02269499751886, 81.31352922283489, 114.11191217615094, 76.08805754123864, 112.08087171735656},
    alphaExt = 2.0020832158425317,
    nExt = 1,
    RExt = {2.2011540103962327e-05},
    RExtRem = 0.0011762302192910475 ,
    CExt = {420081967.69074756},
    AInt = 4154.6408203125,
    alphaInt = 2.7000000000000006,
    nInt = 1,
    RInt = {2.9746634410925167e-05},
    CInt = {239926844.6430729},
    AFloor = 0.0,
    alphaFloor = 0.0,
    nFloor = 1,
    RFloor = {0.00001},
    RFloorRem =  0.00001,
    CFloor = {0.00001},
    ARoof = 0.0,
    alphaRoof = 0.0,
    nRoof = 1,
    RRoof = {0.00001},
    RRoofRem = 0.00001,
    CRoof = {0.00001},
    nOrientationsRoof = 1,
    tiltRoof = {0.0},
    aziRoof = {0.0},
    wfRoof = {0.0},
    aRoof = 0.0,
    aExt = 0.5,
    TSoil = 286.15,
    alphaWallOut = 20.000000000000004,
    alphaRadWall = 4.999999999999999,
    alphaWinOut = 20.0,
    alphaRoofOut = 0.0,
    alphaRadRoof = 0.0,
    tiltExtWalls = {1.5707963267948966, 0.0, 0.0, 1.5707963267948966, 1.5707963267948966, 1.5707963267948966, 1.5707963267948966, 1.5707963267948966},
    aziExtWalls = {-2.111215827043918, 0.0, 0.0, -0.5642681888532658, -0.5201910459523376, 2.6269141194401473, -2.088825746919451, 1.038762374211078},
    wfWall = {0.022220283742716552, 0.31760712650020534, 0.0, 0.020957611267468024, 0.05321654958678876, 0.07468181852153663, 0.049796681140346584, 0.07335258135373392},
    wfWin = {0.07552126450094002, 0.0, 0.0, 0.07122975215638874, 0.18086992784188105, 0.25382508321141006, 0.16924663839640597, 0.2493073338929741},
    wfGro = 0.3881673478872041,
    nrPeople = 0.0,
    ratioConvectiveHeatPeople = 0.5,
    nrPeopleMachines = 0.0,
    ratioConvectiveHeatMachines = 0.75,
    lightingPower = 11.3,
    ratioConvectiveHeatLighting = 0.9,
    useConstantACHrate = false,
    baseACH = 0.2,
    maxUserACH = 1.0,
    maxOverheatingACH = {3.0, 2.0},
    maxSummerACH = {1.0, 283.15, 290.15},
    winterReduction = {0.2, 273.15, 283.15},
    withAHU = false,
    minAHU = 0.0,
    maxAHU = 0.5,
    hHeat = 23809.028290755898,
    lHeat = 0,
    KRHeat = 10000,
    TNHeat = 1,
    HeaterOn = true,
    hCool = 0,
    lCool = 0.0,
    KRCool = 10000,
    TNCool = 1,
    CoolerOn = false);
end Inffeldgasse33_1_Storage;
