 
within Inffeldgasse.Inffeldgasse33_1.Inffeldgasse33_1_DataBase;
record Inffeldgasse33_1_ICT "Inffeldgasse33_1_ICT"
  extends AixLib.DataBase.ThermalZones.ZoneBaseRecord(
    T_start = 293.15,
    withAirCap = true,
    VAir = 84.70851005859376,
    AZone = 21.17712751464844,
    alphaRad = 4.999999999999999,
    lat = 0.88645272708792,
    nOrientations = 8,
    AWin = {0.11063944449267407, 0.0, 0.0, 0.10435233390240192, 0.26497634108876295, 0.37185640879288545, 0.24794810015658258, 0.3652378586633033},
    ATransparent = {0.11063944449267407, 0.0, 0.0, 0.10435233390240192, 0.26497634108876295, 0.37185640879288545, 0.24794810015658258, 0.3652378586633033},
    alphaWin = 2.7,
    RWin = 0.24450948193127742,
    gWin = 0.67,
    UWin= 1.8936557576825381,
    ratioWinConRad = 0.03,
    AExt = {1.3844881837867058, 21.17712751464844, 21.17712751464844, 1.3058143404543807, 3.3157850249756016, 4.653230196516379, 3.102701901959399, 4.570408880029985},
    alphaExt = 2.0020832158425312,
    nExt = 1,
    RExt = {0.0005397925366094299},
    RExtRem = 0.028844882761905787 ,
    CExt = {17130009.126944933},
    AInt = 84.70851005859376,
    alphaInt = 2.6999999999999997,
    nInt = 1,
    RInt = {0.0014589629956312069},
    CInt = {4891841.776889321},
    AFloor = 0.0,
    alphaFloor = 0.0,
    nFloor = 1,
    RFloor = {0.00001},
    RFloorRem =  0.00001,
    CFloor = {0.00001},
    ARoof = 0.0,
    alphaRoof = 0.0,
    nRoof = 1,
    RRoof = {0.00001},
    RRoofRem = 0.00001,
    CRoof = {0.00001},
    nOrientationsRoof = 1,
    tiltRoof = {0.0},
    aziRoof = {0.0},
    wfRoof = {0.0},
    aRoof = 0.0,
    aExt = 0.5,
    TSoil = 286.15,
    alphaWallOut = 20.000000000000004,
    alphaRadWall = 4.999999999999999,
    alphaWinOut = 20.0,
    alphaRoofOut = 0.0,
    alphaRadRoof = 0.0,
    tiltExtWalls = {1.5707963267948966, 0.0, 0.0, 1.5707963267948966, 1.5707963267948966, 1.5707963267948966, 1.5707963267948966, 1.5707963267948966},
    aziExtWalls = {-2.111215827043918, 0.0, 0.0, -0.5642681888532658, -0.5201910459523376, 2.6269141194401473, -2.088825746919451, 1.038762374211078},
    wfWall = {0.02222028374271655, 0.3176071265002054, 0.0, 0.020957611267468028, 0.05321654958678876, 0.07468181852153664, 0.04979668114034658, 0.0733525813537339},
    wfWin = {0.07552126450094002, 0.0, 0.0, 0.07122975215638878, 0.18086992784188108, 0.25382508321141, 0.16924663839640597, 0.24930733389297421},
    wfGro = 0.3881673478872041,
    nrPeople = 0.6353138254394533,
    ratioConvectiveHeatPeople = 0.5,
    nrPeopleMachines = 31.765691271972663,
    ratioConvectiveHeatMachines = 0.75,
    lightingPower = 7.1,
    ratioConvectiveHeatLighting = 0.9,
    useConstantACHrate = false,
    baseACH = 0.2,
    maxUserACH = 1.0,
    maxOverheatingACH = {3.0, 2.0},
    maxSummerACH = {1.0, 283.15, 290.15},
    winterReduction = {0.2, 273.15, 283.15},
    withAHU = false,
    minAHU = 0.0,
    maxAHU = 130.0,
    hHeat = 970.8792647452685,
    lHeat = 0,
    KRHeat = 10000,
    TNHeat = 1,
    HeaterOn = true,
    hCool = 0,
    lCool = 0.0,
    KRCool = 10000,
    TNCool = 1,
    CoolerOn = false);
end Inffeldgasse33_1_ICT;
