 
within Inffeldgasse.Inffeldgasse33_1.Inffeldgasse33_1_DataBase;
record Inffeldgasse33_1_Floor "Inffeldgasse33_1_Floor"
  extends AixLib.DataBase.ThermalZones.ZoneBaseRecord(
    T_start = 293.15,
    withAirCap = true,
    VAir = 46.16267578125,
    AZone = 11.5406689453125,
    alphaRad = 5.0,
    lat = 0.88645272708792,
    nOrientations = 8,
    AWin = {0.06029397520036733, 0.0, 0.0, 0.05686775689504189, 0.14440127579769094, 0.20264654430129994, 0.13512158046680248, 0.19903970499362575},
    ATransparent = {0.06029397520036733, 0.0, 0.0, 0.05686775689504189, 0.14440127579769094, 0.20264654430129994, 0.13512158046680248, 0.19903970499362575},
    alphaWin = 2.7000000000000006,
    RWin = 0.4486748993438942,
    gWin = 0.6700000000000002,
    UWin= 1.893655757682539,
    ratioWinConRad = 0.030000000000000006,
    AExt = {0.7544894734532454, 11.540668945312499, 11.540668945312499, 0.711615444389308, 1.8069673160629973, 2.535820270581132, 1.6908457231386367, 2.490686038163479},
    alphaExt = 2.0020832158425312,
    nExt = 1,
    RExt = {0.0009905193046783058},
    RExtRem = 0.05293035986809713 ,
    CExt = {9335154.837572161},
    AInt = 250.04782714843748,
    alphaInt = 2.7,
    nInt = 1,
    RInt = {0.0004942517717507567},
    CInt = {14440041.5757405},
    AFloor = 0.0,
    alphaFloor = 0.0,
    nFloor = 1,
    RFloor = {0.00001},
    RFloorRem =  0.00001,
    CFloor = {0.00001},
    ARoof = 0.0,
    alphaRoof = 0.0,
    nRoof = 1,
    RRoof = {0.00001},
    RRoofRem = 0.00001,
    CRoof = {0.00001},
    nOrientationsRoof = 1,
    tiltRoof = {0.0},
    aziRoof = {0.0},
    wfRoof = {0.0},
    aRoof = 0.0,
    aExt = 0.5,
    TSoil = 286.15,
    alphaWallOut = 20.0,
    alphaRadWall = 5.0,
    alphaWinOut = 20.000000000000007,
    alphaRoofOut = 0.0,
    alphaRadRoof = 0.0,
    tiltExtWalls = {1.5707963267948966, 0.0, 0.0, 1.5707963267948966, 1.5707963267948966, 1.5707963267948966, 1.5707963267948966, 1.5707963267948966},
    aziExtWalls = {-2.111215827043918, 0.0, 0.0, -0.5642681888532658, -0.5201910459523376, 2.6269141194401473, -2.088825746919451, 1.038762374211078},
    wfWall = {0.022220283742716545, 0.31760712650020545, 0.0, 0.020957611267468024, 0.053216549586788765, 0.07468181852153663, 0.04979668114034659, 0.07335258135373392},
    wfWin = {0.07552126450094, 0.0, 0.0, 0.07122975215638873, 0.18086992784188108, 0.25382508321141006, 0.16924663839640597, 0.24930733389297413},
    wfGro = 0.38816734788720414,
    nrPeople = 0.0,
    ratioConvectiveHeatPeople = 0.5,
    nrPeopleMachines = 0.0,
    ratioConvectiveHeatMachines = 0.75,
    lightingPower = 7.0,
    ratioConvectiveHeatLighting = 0.9,
    useConstantACHrate = false,
    baseACH = 0.2,
    maxUserACH = 1.0,
    maxOverheatingACH = {3.0, 2.0},
    maxSummerACH = {1.0, 283.15, 290.15},
    winterReduction = {0.2, 273.15, 283.15},
    withAHU = false,
    minAHU = 0.0,
    maxAHU = 2.0,
    hHeat = 529.0895175723532,
    lHeat = 0,
    KRHeat = 10000,
    TNHeat = 1,
    HeaterOn = true,
    hCool = 0,
    lCool = 0.0,
    KRCool = 10000,
    TNCool = 1,
    CoolerOn = false);
end Inffeldgasse33_1_Floor;
