 
within Inffeldgasse.Inffeldgasse33_1.Inffeldgasse33_1_DataBase;
record Inffeldgasse33_1_Storage "Inffeldgasse33_1_Storage"
  extends AixLib.DataBase.ThermalZones.ZoneBaseRecord(
    T_start = 293.15,
    withAirCap = true,
    VAir = 52.625450390625005,
    AZone = 13.156362597656251,
    alphaRad = 5.0,
    lat = 0.88645272708792,
    nOrientations = 8,
    AWin = {0.06873513172841877, 0.0, 0.0, 0.06482924286034779, 0.1646174544093677, 0.23101706050348197, 0.15403860173215483, 0.22690526369273342},
    ATransparent = {0.06873513172841877, 0.0, 0.0, 0.06482924286034779, 0.1646174544093677, 0.23101706050348197, 0.15403860173215483, 0.22690526369273342},
    alphaWin = 2.700000000000001,
    RWin = 0.39357447310867905,
    gWin = 0.6700000000000002,
    UWin= 1.8936557576825386,
    ratioWinConRad = 0.03,
    AExt = {0.8601179997367, 13.156362597656251, 13.156362597656251, 0.8112416066038114, 2.059942740311818, 2.8908351084624915, 1.9275641243780461, 2.839382083506367},
    alphaExt = 2.0020832158425317,
    nExt = 1,
    RExt = {0.0008688765830511435},
    RExtRem = 0.046430140235172904 ,
    CExt = {10642076.514832282},
    AInt = 131.56362597656252,
    alphaInt = 2.7000000000000006,
    nInt = 1,
    RInt = {0.0009393674024502687},
    CInt = {7597683.413697312},
    AFloor = 0.0,
    alphaFloor = 0.0,
    nFloor = 1,
    RFloor = {0.00001},
    RFloorRem =  0.00001,
    CFloor = {0.00001},
    ARoof = 0.0,
    alphaRoof = 0.0,
    nRoof = 1,
    RRoof = {0.00001},
    RRoofRem = 0.00001,
    CRoof = {0.00001},
    nOrientationsRoof = 1,
    tiltRoof = {0.0},
    aziRoof = {0.0},
    wfRoof = {0.0},
    aRoof = 0.0,
    aExt = 0.5,
    TSoil = 286.15,
    alphaWallOut = 20.000000000000004,
    alphaRadWall = 5.0,
    alphaWinOut = 20.0,
    alphaRoofOut = 0.0,
    alphaRadRoof = 0.0,
    tiltExtWalls = {1.5707963267948966, 0.0, 0.0, 1.5707963267948966, 1.5707963267948966, 1.5707963267948966, 1.5707963267948966, 1.5707963267948966},
    aziExtWalls = {-2.111215827043918, 0.0, 0.0, -0.5642681888532658, -0.5201910459523376, 2.6269141194401473, -2.088825746919451, 1.038762374211078},
    wfWall = {0.02222028374271655, 0.3176071265002054, 0.0, 0.02095761126746802, 0.05321654958678878, 0.07468181852153664, 0.049796681140346584, 0.0733525813537339},
    wfWin = {0.07552126450094002, 0.0, 0.0, 0.07122975215638876, 0.18086992784188108, 0.25382508321141, 0.1692466383964059, 0.24930733389297413},
    wfGro = 0.3881673478872041,
    nrPeople = 0.0,
    ratioConvectiveHeatPeople = 0.5,
    nrPeopleMachines = 0.0,
    ratioConvectiveHeatMachines = 0.75,
    lightingPower = 11.3,
    ratioConvectiveHeatLighting = 0.9,
    useConstantACHrate = false,
    baseACH = 0.2,
    maxUserACH = 1.0,
    maxOverheatingACH = {3.0, 2.0},
    maxSummerACH = {1.0, 283.15, 290.15},
    winterReduction = {0.2, 273.15, 283.15},
    withAHU = false,
    minAHU = 0.0,
    maxAHU = 0.5,
    hHeat = 603.1620500324827,
    lHeat = 0,
    KRHeat = 10000,
    TNHeat = 1,
    HeaterOn = true,
    hCool = 0,
    lCool = 0.0,
    KRCool = 10000,
    TNCool = 1,
    CoolerOn = false);
end Inffeldgasse33_1_Storage;
