 
within Inffeldgasse.Inffeldgasse33_1.Inffeldgasse33_1_DataBase;
record Inffeldgasse33_1_Office "Inffeldgasse33_1_Office"
  extends AixLib.DataBase.ThermalZones.ZoneBaseRecord(
    T_start = 293.15,
    withAirCap = true,
    VAir = 757.0678828125,
    AZone = 189.266970703125,
    alphaRad = 4.999999999999999,
    lat = 0.88645272708792,
    nOrientations = 8,
    AWin = {0.9888211932860242, 0.0, 0.0, 0.9326312130786873, 2.368180923082132, 3.323403326541319, 2.2159939196555607, 3.2642511618954626},
    ATransparent = {0.9888211932860242, 0.0, 0.0, 0.9326312130786873, 2.368180923082132, 3.323403326541319, 2.2159939196555607, 3.2642511618954626},
    alphaWin = 2.6999999999999997,
    RWin = 0.02735822556974964,
    gWin = 0.67,
    UWin= 1.8936557576825381,
    ratioWinConRad = 0.03,
    AExt = {12.373627364633226, 189.266970703125, 189.266970703125, 11.670493287984653, 29.634263983433165, 41.58745243753057, 27.729869859473645, 40.84725102588106},
    alphaExt = 2.002083215842531,
    nExt = 1,
    RExt = {6.0397518577945354e-05},
    RExtRem = 0.0032274609675668987 ,
    CExt = {153096539.3361836},
    AInt = 2649.73758984375,
    alphaInt = 2.7000000000000006,
    nInt = 1,
    RInt = {4.6641064407373975e-05},
    CInt = {153020009.80569318},
    AFloor = 0.0,
    alphaFloor = 0.0,
    nFloor = 1,
    RFloor = {0.00001},
    RFloorRem =  0.00001,
    CFloor = {0.00001},
    ARoof = 0.0,
    alphaRoof = 0.0,
    nRoof = 1,
    RRoof = {0.00001},
    RRoofRem = 0.00001,
    CRoof = {0.00001},
    nOrientationsRoof = 1,
    tiltRoof = {0.0},
    aziRoof = {0.0},
    wfRoof = {0.0},
    aRoof = 0.0,
    aExt = 0.5,
    TSoil = 286.15,
    alphaWallOut = 20.0,
    alphaRadWall = 5.0,
    alphaWinOut = 19.999999999999996,
    alphaRoofOut = 0.0,
    alphaRadRoof = 0.0,
    tiltExtWalls = {1.5707963267948966, 0.0, 0.0, 1.5707963267948966, 1.5707963267948966, 1.5707963267948966, 1.5707963267948966, 1.5707963267948966},
    aziExtWalls = {-2.111215827043918, 0.0, 0.0, -0.5642681888532658, -0.5201910459523376, 2.6269141194401473, -2.088825746919451, 1.038762374211078},
    wfWall = {0.022220283742716545, 0.31760712650020545, 0.0, 0.020957611267468028, 0.05321654958678878, 0.07468181852153664, 0.049796681140346605, 0.07335258135373392},
    wfWin = {0.07552126450094002, 0.0, 0.0, 0.07122975215638877, 0.1808699278418811, 0.25382508321141006, 0.169246638396406, 0.24930733389297413},
    wfGro = 0.3881673478872041,
    nrPeople = 9.46334853515625,
    ratioConvectiveHeatPeople = 0.5,
    nrPeopleMachines = 13.24868794921875,
    ratioConvectiveHeatMachines = 0.75,
    lightingPower = 12.5,
    ratioConvectiveHeatLighting = 0.9,
    useConstantACHrate = false,
    baseACH = 0.2,
    maxUserACH = 1.0,
    maxOverheatingACH = {3.0, 2.0},
    maxSummerACH = {1.0, 283.15, 290.15},
    winterReduction = {0.2, 273.15, 283.15},
    withAHU = false,
    minAHU = 0.0,
    maxAHU = 2.6,
    hHeat = 8677.068088186594,
    lHeat = 0,
    KRHeat = 10000,
    TNHeat = 1,
    HeaterOn = true,
    hCool = 0,
    lCool = 0.0,
    KRCool = 10000,
    TNCool = 1,
    CoolerOn = false);
end Inffeldgasse33_1_Office;
