 
within Inffeldgasse.Inffeldgasse25C_1.Inffeldgasse25C_1_DataBase;
record Inffeldgasse25C_1_Office "Inffeldgasse25C_1_Office"
  extends AixLib.DataBase.ThermalZones.ZoneBaseRecord(
    T_start = 293.15,
    withAirCap = true,
    VAir = 999.2029525101187,
    AZone = 146.64867187500002,
    alphaRad = 4.999999999999999,
    lat = 0.88645272708792,
    nOrientations = 13,
    AWin = {3.466511730801914, 3.460328812575841, 2.247240415925425, 2.4862486542861304, 2.435218641569301, 0.7669919713757554, 0.0, 0.2204055398026546, 0.0, 1.7477318042583843, 0.044433935438026664, 0.7787596492061771, 1.6889378690533532},
    ATransparent = {3.466511730801914, 3.460328812575841, 2.247240415925425, 2.4862486542861304, 2.435218641569301, 0.7669919713757554, 0.0, 0.2204055398026546, 0.0, 1.7477318042583843, 0.044433935438026664, 0.7787596492061771, 1.6889378690533532},
    alphaWin = 2.7,
    RWin = 0.008440620279991458,
    gWin = 0.7799999999999999,
    UWin= 3.0017821341055906,
    ratioWinConRad = 0.029999999999999995,
    AExt = {43.378241388142875, 43.30087135736796, 28.120873312796537, 31.111706133364283, 30.473141379637475, 9.597764398566884, 146.64867187500005, 2.758047700773759, 146.64867187500005, 21.870265550584648, 0.5560246515623337, 9.745019394120543, 21.134546847883854},
    alphaExt = 2.152132781546776,
    nExt = 1,
    RExt = {5.686310235551525e-05},
    RExtRem = 0.0014568689592723897 ,
    CExt = {168794121.1259745},
    AInt = 3497.2103337854155,
    alphaInt = 2.7,
    nInt = 1,
    RInt = {5.901638044178251e-06},
    CInt = {389391985.0610626},
    AFloor = 0.0,
    alphaFloor = 0.0,
    nFloor = 1,
    RFloor = {0.00001},
    RFloorRem =  0.00001,
    CFloor = {0.00001},
    ARoof = 0.0,
    alphaRoof = 0.0,
    nRoof = 1,
    RRoof = {0.00001},
    RRoofRem = 0.00001,
    CRoof = {0.00001},
    nOrientationsRoof = 1,
    tiltRoof = {0.0},
    aziRoof = {0.0},
    wfRoof = {0.0},
    aRoof = 0.0,
    aExt = 0.5,
    TSoil = 286.15,
    alphaWallOut = 20.0,
    alphaRadWall = 4.999999999999999,
    alphaWinOut = 20.0,
    alphaRoofOut = 0.0,
    alphaRadRoof = 0.0,
    tiltExtWalls = {1.5707963267948966, 1.5707963267948966, 1.5707963267948966, 1.5707963267948966, 1.5707963267948966, 1.5707963267948966, 0.0, 1.5707963267948966, 0.0, 1.5707963267948966, 1.5707963267948966, 1.5707963267948966, 1.5707963267948966},
    aziExtWalls = {2.611401183890713, 2.622649564387165, -0.539335489875382, -0.5393354898648399, -0.5393354898222061, -2.1270473098629066, 0.0, 2.660705373219366, 0.0, 1.0534142247623586, 1.053414224443236, 1.0534544505454426, -2.082455060174642},
    wfWall = {0.07547697500019976, 0.07534235322458857, 0.048929564318250414, 0.05413353310084549, 0.053022447579378934, 0.016699852285077935, 0.22016816215014012, 0.0047989289260942924, 0.0, 0.03805367468540149, 0.0009674679604908198, 0.016956072022494405, 0.03677354390199666},
    wfWin = {0.17921449394698896, 0.17889484449905674, 0.11617963105064406, 0.12853606997637254, 0.12589787959498897, 0.03965256392763208, 0.0, 0.011394701748119605, 0.0, 0.09035563562993247, 0.002297181106540489, 0.040260938741013254, 0.08731605977871093},
    wfGro = 0.3586774248450411,
    nrPeople = 7.33243359375,
    ratioConvectiveHeatPeople = 0.5,
    nrPeopleMachines = 10.265407031250001,
    ratioConvectiveHeatMachines = 0.75,
    lightingPower = 12.5,
    ratioConvectiveHeatLighting = 0.9,
    useConstantACHrate = false,
    baseACH = 0.2,
    maxUserACH = 1.0,
    maxOverheatingACH = {3.0, 2.0},
    maxSummerACH = {1.0, 283.15, 290.15},
    winterReduction = {0.2, 273.15, 283.15},
    withAHU = false,
    minAHU = 0.0,
    maxAHU = 2.6,
    hHeat = 16651.79387192218,
    lHeat = 0,
    KRHeat = 10000,
    TNHeat = 1,
    HeaterOn = true,
    hCool = 0,
    lCool = 0.0,
    KRCool = 10000,
    TNCool = 1,
    CoolerOn = false);
end Inffeldgasse25C_1_Office;
