 
within Inffeldgasse.Inffeldgasse25C_1.Inffeldgasse25C_1_DataBase;
record Inffeldgasse25C_1_Floor "Inffeldgasse25C_1_Floor"
  extends AixLib.DataBase.ThermalZones.ZoneBaseRecord(
    T_start = 293.15,
    withAirCap = true,
    VAir = 820.3821802163869,
    AZone = 120.40392480468749,
    alphaRad = 5.0,
    lat = 0.88645272708792,
    nOrientations = 13,
    AWin = {2.8461329545882785, 2.841056552520347, 1.845066597587551, 2.041301105485533, 1.9994035980933313, 0.6297284691813746, 0.0, 0.18096101179528923, 0.0, 1.4349517527036062, 0.036481886626404204, 0.6393901632049496, 1.386679780902646},
    ATransparent = {2.8461329545882785, 2.841056552520347, 1.845066597587551, 2.041301105485533, 1.9994035980933313, 0.6297284691813746, 0.0, 0.18096101179528923, 0.0, 1.4349517527036062, 0.036481886626404204, 0.6393901632049496, 1.386679780902646},
    alphaWin = 2.7,
    RWin = 0.01028044356419309,
    gWin = 0.7800000000000002,
    UWin= 3.001782134105591,
    ratioWinConRad = 0.03,
    AExt = {35.61512318849656, 35.55159956261948, 23.088265802244226, 25.543848968643292, 25.019563943708448, 7.8801157089453095, 120.40392480468752, 2.2644580665194303, 120.40392480468752, 17.95628814869648, 0.45651658129797695, 8.00101744767275, 17.35223617724122},
    alphaExt = 2.152132781546776,
    nExt = 1,
    RExt = {6.925769614782416e-05},
    RExtRem = 0.0017744263596039505 ,
    CExt = {138586148.83910027},
    AInt = 5332.484171406516,
    alphaInt = 2.7,
    nInt = 1,
    RInt = {3.870479290877563e-06},
    CInt = {593737979.3119661},
    AFloor = 0.0,
    alphaFloor = 0.0,
    nFloor = 1,
    RFloor = {0.00001},
    RFloorRem =  0.00001,
    CFloor = {0.00001},
    ARoof = 0.0,
    alphaRoof = 0.0,
    nRoof = 1,
    RRoof = {0.00001},
    RRoofRem = 0.00001,
    CRoof = {0.00001},
    nOrientationsRoof = 1,
    tiltRoof = {0.0},
    aziRoof = {0.0},
    wfRoof = {0.0},
    aRoof = 0.0,
    aExt = 0.5,
    TSoil = 286.15,
    alphaWallOut = 20.0,
    alphaRadWall = 4.999999999999998,
    alphaWinOut = 20.0,
    alphaRoofOut = 0.0,
    alphaRadRoof = 0.0,
    tiltExtWalls = {1.5707963267948966, 1.5707963267948966, 1.5707963267948966, 1.5707963267948966, 1.5707963267948966, 1.5707963267948966, 0.0, 1.5707963267948966, 0.0, 1.5707963267948966, 1.5707963267948966, 1.5707963267948966, 1.5707963267948966},
    aziExtWalls = {2.611401183890713, 2.622649564387165, -0.539335489875382, -0.5393354898648399, -0.5393354898222061, -2.1270473098629066, 0.0, 2.660705373219366, 0.0, 1.0534142247623586, 1.053414224443236, 1.0534544505454426, -2.082455060174642},
    wfWall = {0.07547697500019976, 0.07534235322458857, 0.04892956431825043, 0.054133533100845475, 0.05302244757937894, 0.01669985228507794, 0.22016816215014015, 0.0047989289260942924, 0.0, 0.038053674685401495, 0.0009674679604908199, 0.016956072022494405, 0.03677354390199666},
    wfWin = {0.17921449394698896, 0.17889484449905674, 0.11617963105064406, 0.12853606997637257, 0.12589787959498897, 0.03965256392763206, 0.0, 0.0113947017481196, 0.0, 0.09035563562993246, 0.0022971811065404892, 0.04026093874101325, 0.08731605977871092},
    wfGro = 0.35867742484504117,
    nrPeople = 0.0,
    ratioConvectiveHeatPeople = 0.5,
    nrPeopleMachines = 0.0,
    ratioConvectiveHeatMachines = 0.75,
    lightingPower = 7.0,
    ratioConvectiveHeatLighting = 0.9,
    useConstantACHrate = false,
    baseACH = 0.2,
    maxUserACH = 1.0,
    maxOverheatingACH = {3.0, 2.0},
    maxSummerACH = {1.0, 283.15, 290.15},
    winterReduction = {0.2, 273.15, 283.15},
    withAHU = false,
    minAHU = 0.0,
    maxAHU = 2.0,
    hHeat = 13671.731980819033,
    lHeat = 0,
    KRHeat = 10000,
    TNHeat = 1,
    HeaterOn = true,
    hCool = 0,
    lCool = 0.0,
    KRCool = 10000,
    TNCool = 1,
    CoolerOn = false);
end Inffeldgasse25C_1_Floor;
