 
within Inffeldgasse.Inffeldgasse25C_1.Inffeldgasse25C_1_DataBase;
record Inffeldgasse25C_1_ICT "Inffeldgasse25C_1_ICT"
  extends AixLib.DataBase.ThermalZones.ZoneBaseRecord(
    T_start = 293.15,
    withAirCap = true,
    VAir = 111.80106206439437,
    AZone = 16.4085556640625,
    alphaRad = 4.999999999999999,
    lat = 0.88645272708792,
    nOrientations = 13,
    AWin = {0.3878688430500922, 0.38717703482174803, 0.2514442782453143, 0.2781869683301859, 0.27247720776095535, 0.08581891874844579, 0.0, 0.02466122960596775, 0.0, 0.19555413785452042, 0.004971723873706032, 0.08713560709105701, 0.1889756701044453},
    ATransparent = {0.3878688430500922, 0.38717703482174803, 0.2514442782453143, 0.2781869683301859, 0.27247720776095535, 0.08581891874844579, 0.0, 0.02466122960596775, 0.0, 0.19555413785452042, 0.004971723873706032, 0.08713560709105701, 0.1889756701044453},
    alphaWin = 2.7000000000000006,
    RWin = 0.07543660631708987,
    gWin = 0.78,
    UWin= 3.0017821341055906,
    ratioWinConRad = 0.029999999999999995,
    AExt = {4.85360200897818, 4.844945057364037, 3.146451373718393, 3.4810963874831375, 3.409647221441144, 1.0738961994737946, 16.408555664062504, 0.308598629934137, 16.408555664062504, 2.447069346666026, 0.062213733879078185, 1.090372596842146, 2.3647496015772482},
    alphaExt = 2.1521327815467757,
    nExt = 1,
    RExt = {0.0005082042935315807},
    RExtRem = 0.013020518219110183 ,
    CExt = {18886415.382083125},
    AInt = 111.80106206439439,
    alphaInt = 2.7000000000000006,
    nInt = 1,
    RInt = {0.00018460709740372288},
    CInt = {12448332.623467771},
    AFloor = 0.0,
    alphaFloor = 0.0,
    nFloor = 1,
    RFloor = {0.00001},
    RFloorRem =  0.00001,
    CFloor = {0.00001},
    ARoof = 0.0,
    alphaRoof = 0.0,
    nRoof = 1,
    RRoof = {0.00001},
    RRoofRem = 0.00001,
    CRoof = {0.00001},
    nOrientationsRoof = 1,
    tiltRoof = {0.0},
    aziRoof = {0.0},
    wfRoof = {0.0},
    aRoof = 0.0,
    aExt = 0.5,
    TSoil = 286.15,
    alphaWallOut = 20.0,
    alphaRadWall = 5.0,
    alphaWinOut = 20.0,
    alphaRoofOut = 0.0,
    alphaRadRoof = 0.0,
    tiltExtWalls = {1.5707963267948966, 1.5707963267948966, 1.5707963267948966, 1.5707963267948966, 1.5707963267948966, 1.5707963267948966, 0.0, 1.5707963267948966, 0.0, 1.5707963267948966, 1.5707963267948966, 1.5707963267948966, 1.5707963267948966},
    aziExtWalls = {2.611401183890713, 2.622649564387165, -0.539335489875382, -0.5393354898648399, -0.5393354898222061, -2.1270473098629066, 0.0, 2.660705373219366, 0.0, 1.0534142247623586, 1.053414224443236, 1.0534544505454426, -2.082455060174642},
    wfWall = {0.07547697500019976, 0.07534235322458857, 0.048929564318250414, 0.05413353310084549, 0.05302244757937891, 0.016699852285077935, 0.22016816215014015, 0.004798928926094291, 0.0, 0.03805367468540149, 0.0009674679604908196, 0.0169560720224944, 0.036773543901996664},
    wfWin = {0.17921449394698893, 0.17889484449905674, 0.11617963105064404, 0.12853606997637254, 0.12589787959498897, 0.03965256392763208, 0.0, 0.011394701748119601, 0.0, 0.09035563562993246, 0.0022971811065404892, 0.04026093874101325, 0.0873160597787109},
    wfGro = 0.3586774248450411,
    nrPeople = 0.49225666992187506,
    ratioConvectiveHeatPeople = 0.5,
    nrPeopleMachines = 24.612833496093753,
    ratioConvectiveHeatMachines = 0.75,
    lightingPower = 7.1,
    ratioConvectiveHeatLighting = 0.9,
    useConstantACHrate = false,
    baseACH = 0.2,
    maxUserACH = 1.0,
    maxOverheatingACH = {3.0, 2.0},
    maxSummerACH = {1.0, 283.15, 290.15},
    winterReduction = {0.2, 273.15, 283.15},
    withAHU = false,
    minAHU = 0.0,
    maxAHU = 130.0,
    hHeat = 1863.1732777425123,
    lHeat = 0,
    KRHeat = 10000,
    TNHeat = 1,
    HeaterOn = true,
    hCool = 0,
    lCool = 0.0,
    KRCool = 10000,
    TNCool = 1,
    CoolerOn = false);
end Inffeldgasse25C_1_ICT;
