 
within Inffeldgasse.Inffeldgasse25C_1.Inffeldgasse25C_1_DataBase;
record Inffeldgasse25C_1_Meeting "Inffeldgasse25C_1_Meeting"
  extends AixLib.DataBase.ThermalZones.ZoneBaseRecord(
    T_start = 293.15,
    withAirCap = true,
    VAir = 60.927009299397476,
    AZone = 8.9419921875,
    alphaRad = 4.999999999999999,
    lat = 0.88645272708792,
    nOrientations = 13,
    AWin = {0.2113726665123118, 0.2109956593034049, 0.13702685462959904, 0.15160052770037377, 0.14848894155910372, 0.046767803132668, 0.0, 0.013439362183088692, 0.0, 0.10656901245477951, 0.002709386307196747, 0.047485344463791275, 0.10298401640569224},
    ATransparent = {0.2113726665123118, 0.2109956593034049, 0.13702685462959904, 0.15160052770037377, 0.14848894155910372, 0.046767803132668, 0.0, 0.013439362183088692, 0.0, 0.10656901245477951, 0.002709386307196747, 0.047485344463791275, 0.10298401640569224},
    alphaWin = 2.7,
    RWin = 0.13842617259185994,
    gWin = 0.78,
    UWin= 3.0017821341055915,
    ratioWinConRad = 0.030000000000000002,
    AExt = {2.6450147187891986, 2.6402970339858505, 1.7146873971217398, 1.897055252034407, 1.8581183768071627, 0.5852295364979807, 8.941992187500002, 0.16817364029108284, 8.941992187500002, 1.3335527774746734, 0.033903942168434974, 0.5942084996414964, 1.2886918809685275},
    alphaExt = 2.1521327815467766,
    nExt = 1,
    RExt = {0.0009325548786304506},
    RExtRem = 0.023892650932067192 ,
    CExt = {10292324.458900886},
    AInt = 91.39051394909623,
    alphaInt = 2.7,
    nInt = 1,
    RInt = {0.00022583601582388765},
    CInt = {10175748.738529513},
    AFloor = 0.0,
    alphaFloor = 0.0,
    nFloor = 1,
    RFloor = {0.00001},
    RFloorRem =  0.00001,
    CFloor = {0.00001},
    ARoof = 0.0,
    alphaRoof = 0.0,
    nRoof = 1,
    RRoof = {0.00001},
    RRoofRem = 0.00001,
    CRoof = {0.00001},
    nOrientationsRoof = 1,
    tiltRoof = {0.0},
    aziRoof = {0.0},
    wfRoof = {0.0},
    aRoof = 0.0,
    aExt = 0.5,
    TSoil = 286.15,
    alphaWallOut = 20.0,
    alphaRadWall = 5.0,
    alphaWinOut = 20.0,
    alphaRoofOut = 0.0,
    alphaRadRoof = 0.0,
    tiltExtWalls = {1.5707963267948966, 1.5707963267948966, 1.5707963267948966, 1.5707963267948966, 1.5707963267948966, 1.5707963267948966, 0.0, 1.5707963267948966, 0.0, 1.5707963267948966, 1.5707963267948966, 1.5707963267948966, 1.5707963267948966},
    aziExtWalls = {2.611401183890713, 2.622649564387165, -0.539335489875382, -0.5393354898648399, -0.5393354898222061, -2.1270473098629066, 0.0, 2.660705373219366, 0.0, 1.0534142247623586, 1.053414224443236, 1.0534544505454426, -2.082455060174642},
    wfWall = {0.07547697500019974, 0.07534235322458857, 0.048929564318250414, 0.05413353310084549, 0.05302244757937892, 0.016699852285077938, 0.22016816215014015, 0.0047989289260942924, 0.0, 0.03805367468540148, 0.0009674679604908194, 0.016956072022494398, 0.03677354390199666},
    wfWin = {0.1792144939469889, 0.17889484449905674, 0.11617963105064405, 0.12853606997637254, 0.12589787959498894, 0.03965256392763208, 0.0, 0.0113947017481196, 0.0, 0.09035563562993246, 0.002297181106540489, 0.04026093874101323, 0.0873160597787109},
    wfGro = 0.35867742484504117,
    nrPeople = 2.146078125,
    ratioConvectiveHeatPeople = 0.5,
    nrPeopleMachines = 0.17883984375,
    ratioConvectiveHeatMachines = 0.75,
    lightingPower = 15.9,
    ratioConvectiveHeatLighting = 0.9,
    useConstantACHrate = false,
    baseACH = 0.2,
    maxUserACH = 1.0,
    maxOverheatingACH = {3.0, 2.0},
    maxSummerACH = {1.0, 283.15, 290.15},
    winterReduction = {0.2, 273.15, 283.15},
    withAHU = false,
    minAHU = 0.0,
    maxAHU = 12.0,
    hHeat = 1015.3532848733036,
    lHeat = 0,
    KRHeat = 10000,
    TNHeat = 1,
    HeaterOn = true,
    hCool = 0,
    lCool = 0.0,
    KRCool = 10000,
    TNCool = 1,
    CoolerOn = false);
end Inffeldgasse25C_1_Meeting;
