 
within Inffeldgasse.Inffeldgasse25C_1.Inffeldgasse25C_1_DataBase;
record Inffeldgasse25C_1_Storage "Inffeldgasse25C_1_Storage"
  extends AixLib.DataBase.ThermalZones.ZoneBaseRecord(
    T_start = 293.15,
    withAirCap = true,
    VAir = 2741.7154184728865,
    AZone = 402.3896484375,
    alphaRad = 5.0,
    lat = 0.88645272708792,
    nOrientations = 13,
    AWin = {9.511769993054031, 9.49480466865322, 6.1662084583319565, 6.82202374651682, 6.682002370159667, 2.10455114097006, 0.0, 0.6047712982389911, 0.0, 4.795605560465077, 0.12192238382385362, 2.1368405008706075, 4.634280738256151},
    ATransparent = {9.511769993054031, 9.49480466865322, 6.1662084583319565, 6.82202374651682, 6.682002370159667, 2.10455114097006, 0.0, 0.6047712982389911, 0.0, 4.795605560465077, 0.12192238382385362, 2.1368405008706075, 4.634280738256151},
    alphaWin = 2.7,
    RWin = 0.0030761371687079986,
    gWin = 0.78,
    UWin= 3.0017821341055906,
    ratioWinConRad = 0.030000000000000002,
    AExt = {119.02566234551394, 118.81336652936326, 77.16093287047828, 85.36748634154831, 83.61532695632232, 26.335329142409133, 402.3896484375001, 7.567813813098727, 402.3896484375001, 60.0098749863603, 1.5256773975795739, 26.739382483867335, 57.991134643583734},
    alphaExt = 2.152132781546776,
    nExt = 1,
    RExt = {2.0723441747343347e-05},
    RExtRem = 0.000530947798490382 ,
    CExt = {463154600.6505399},
    AInt = 5483.430836945773,
    alphaInt = 2.7,
    nInt = 1,
    RInt = {3.7639335970647954e-06},
    CInt = {610544924.3117707},
    AFloor = 0.0,
    alphaFloor = 0.0,
    nFloor = 1,
    RFloor = {0.00001},
    RFloorRem =  0.00001,
    CFloor = {0.00001},
    ARoof = 0.0,
    alphaRoof = 0.0,
    nRoof = 1,
    RRoof = {0.00001},
    RRoofRem = 0.00001,
    CRoof = {0.00001},
    nOrientationsRoof = 1,
    tiltRoof = {0.0},
    aziRoof = {0.0},
    wfRoof = {0.0},
    aRoof = 0.0,
    aExt = 0.5,
    TSoil = 286.15,
    alphaWallOut = 20.0,
    alphaRadWall = 5.0,
    alphaWinOut = 20.0,
    alphaRoofOut = 0.0,
    alphaRadRoof = 0.0,
    tiltExtWalls = {1.5707963267948966, 1.5707963267948966, 1.5707963267948966, 1.5707963267948966, 1.5707963267948966, 1.5707963267948966, 0.0, 1.5707963267948966, 0.0, 1.5707963267948966, 1.5707963267948966, 1.5707963267948966, 1.5707963267948966},
    aziExtWalls = {2.611401183890713, 2.622649564387165, -0.539335489875382, -0.5393354898648399, -0.5393354898222061, -2.1270473098629066, 0.0, 2.660705373219366, 0.0, 1.0534142247623586, 1.053414224443236, 1.0534544505454426, -2.082455060174642},
    wfWall = {0.07547697500019974, 0.07534235322458854, 0.04892956431825041, 0.054133533100845475, 0.05302244757937892, 0.016699852285077938, 0.22016816215014012, 0.00479892892609429, 0.0, 0.03805367468540149, 0.0009674679604908194, 0.016956072022494394, 0.03677354390199666},
    wfWin = {0.17921449394698893, 0.17889484449905677, 0.11617963105064406, 0.12853606997637254, 0.12589787959498902, 0.03965256392763208, 0.0, 0.011394701748119601, 0.0, 0.09035563562993246, 0.002297181106540489, 0.040260938741013254, 0.08731605977871093},
    wfGro = 0.35867742484504117,
    nrPeople = 0.0,
    ratioConvectiveHeatPeople = 0.5,
    nrPeopleMachines = 0.0,
    ratioConvectiveHeatMachines = 0.75,
    lightingPower = 11.3,
    ratioConvectiveHeatLighting = 0.9,
    useConstantACHrate = false,
    baseACH = 0.2,
    maxUserACH = 1.0,
    maxOverheatingACH = {3.0, 2.0},
    maxSummerACH = {1.0, 283.15, 290.15},
    winterReduction = {0.2, 273.15, 283.15},
    withAHU = false,
    minAHU = 0.0,
    maxAHU = 0.5,
    hHeat = 45690.89781929866,
    lHeat = 0,
    KRHeat = 10000,
    TNHeat = 1,
    HeaterOn = true,
    hCool = 0,
    lCool = 0.0,
    KRCool = 10000,
    TNCool = 1,
    CoolerOn = false);
end Inffeldgasse25C_1_Storage;
