 
within Inffeldgasse.Inffeldgasse25C_1.Inffeldgasse25C_1_DataBase;
record Inffeldgasse25C_1_Storage "Inffeldgasse25C_1_Storage"
  extends AixLib.DataBase.ThermalZones.ZoneBaseRecord(
    T_start = 293.15,
    withAirCap = true,
    VAir = 69.45679060131313,
    AZone = 10.193871093750001,
    alphaRad = 5.0,
    lat = 0.88645272708792,
    nOrientations = 13,
    AWin = {0.2409648398240355, 0.24053505160588162, 0.15621061427774294, 0.17282460157842613, 0.16927739337737827, 0.05331529557124153, 0.0, 0.015320872888721112, 0.0, 0.12148867419844867, 0.0030887003902042927, 0.05413329268872207, 0.11740177870248918},
    ATransparent = {0.2409648398240355, 0.24053505160588162, 0.15621061427774294, 0.17282460157842613, 0.16927739337737827, 0.05331529557124153, 0.0, 0.015320872888721112, 0.0, 0.12148867419844867, 0.0030887003902042927, 0.05413329268872207, 0.11740177870248918},
    alphaWin = 2.7000000000000006,
    RWin = 0.12142646718584205,
    gWin = 0.7800000000000001,
    UWin= 3.0017821341055915,
    ratioWinConRad = 0.03000000000000001,
    AExt = {3.0153167794196873, 3.0099386187438704, 1.9547436327187837, 2.1626429873192246, 2.118254949560166, 0.6671616716076981, 10.193871093750003, 0.19171794993183444, 10.193871093750003, 1.520250166321128, 0.03865049407201588, 0.6773976895913061, 1.4691087443041215},
    alphaExt = 2.152132781546776,
    nExt = 1,
    RExt = {0.0008180305952898689},
    RExtRem = 0.020958465729883496 ,
    CExt = {11733249.88314701},
    AInt = 173.64197650328288,
    alphaInt = 2.6999999999999993,
    nInt = 1,
    RInt = {0.00011886106095994086},
    CInt = {19333922.60320608},
    AFloor = 0.0,
    alphaFloor = 0.0,
    nFloor = 1,
    RFloor = {0.00001},
    RFloorRem =  0.00001,
    CFloor = {0.00001},
    ARoof = 0.0,
    alphaRoof = 0.0,
    nRoof = 1,
    RRoof = {0.00001},
    RRoofRem = 0.00001,
    CRoof = {0.00001},
    nOrientationsRoof = 1,
    tiltRoof = {0.0},
    aziRoof = {0.0},
    wfRoof = {0.0},
    aRoof = 0.0,
    aExt = 0.5,
    TSoil = 286.15,
    alphaWallOut = 19.999999999999996,
    alphaRadWall = 4.999999999999999,
    alphaWinOut = 20.0,
    alphaRoofOut = 0.0,
    alphaRadRoof = 0.0,
    tiltExtWalls = {1.5707963267948966, 1.5707963267948966, 1.5707963267948966, 1.5707963267948966, 1.5707963267948966, 1.5707963267948966, 0.0, 1.5707963267948966, 0.0, 1.5707963267948966, 1.5707963267948966, 1.5707963267948966, 1.5707963267948966},
    aziExtWalls = {2.611401183890713, 2.622649564387165, -0.539335489875382, -0.5393354898648399, -0.5393354898222061, -2.1270473098629066, 0.0, 2.660705373219366, 0.0, 1.0534142247623586, 1.053414224443236, 1.0534544505454426, -2.082455060174642},
    wfWall = {0.07547697500019976, 0.07534235322458856, 0.048929564318250414, 0.054133533100845475, 0.05302244757937891, 0.016699852285077935, 0.22016816215014012, 0.0047989289260942924, 0.0, 0.03805367468540149, 0.0009674679604908196, 0.0169560720224944, 0.03677354390199666},
    wfWin = {0.17921449394698893, 0.17889484449905677, 0.11617963105064408, 0.12853606997637257, 0.12589787959498902, 0.03965256392763208, 0.0, 0.011394701748119601, 0.0, 0.09035563562993247, 0.0022971811065404897, 0.04026093874101326, 0.0873160597787109},
    wfGro = 0.3586774248450411,
    nrPeople = 0.0,
    ratioConvectiveHeatPeople = 0.5,
    nrPeopleMachines = 0.0,
    ratioConvectiveHeatMachines = 0.75,
    lightingPower = 11.3,
    ratioConvectiveHeatLighting = 0.9,
    useConstantACHrate = false,
    baseACH = 0.2,
    maxUserACH = 1.0,
    maxOverheatingACH = {3.0, 2.0},
    maxSummerACH = {1.0, 283.15, 290.15},
    winterReduction = {0.2, 273.15, 283.15},
    withAHU = false,
    minAHU = 0.0,
    maxAHU = 0.5,
    hHeat = 1157.5027447555663,
    lHeat = 0,
    KRHeat = 10000,
    TNHeat = 1,
    HeaterOn = true,
    hCool = 0,
    lCool = 0.0,
    KRCool = 10000,
    TNCool = 1,
    CoolerOn = false);
end Inffeldgasse25C_1_Storage;
