 
within Inffeldgasse.Inffeldgasse25C_1.Inffeldgasse25C_1_DataBase;
record Inffeldgasse25C_1_Restroom "Inffeldgasse25C_1_Restroom"
  extends AixLib.DataBase.ThermalZones.ZoneBaseRecord(
    T_start = 293.15,
    withAirCap = true,
    VAir = 89.56270367011429,
    AZone = 13.144728515625,
    alphaRad = 5.0,
    lat = 0.88645272708792,
    nOrientations = 13,
    AWin = {0.31071781977309837, 0.3101636191760052, 0.20142947630551059, 0.22285277571954945, 0.21827874409188244, 0.06874867060502196, 0.0, 0.019755862409140377, 0.0, 0.15665644830852588, 0.003982797871579218, 0.06980345636177318, 0.15138650411636762},
    ATransparent = {0.31071781977309837, 0.3101636191760052, 0.20142947630551059, 0.22285277571954945, 0.21827874409188244, 0.06874867060502196, 0.0, 0.019755862409140377, 0.0, 0.15665644830852588, 0.003982797871579218, 0.06980345636177318, 0.15138650411636762},
    alphaWin = 2.7,
    RWin = 0.09416746434820404,
    gWin = 0.78,
    UWin= 3.001782134105592,
    ratioWinConRad = 0.030000000000000002,
    AExt = {3.8881716366201227, 3.8812366399592007, 2.5205904737689573, 2.7886712204905786, 2.7314340139065294, 0.8602874186520316, 13.144728515625003, 0.24721525122789173, 13.144728515625003, 1.96032258288777, 0.04983879498759942, 0.8734864944729998, 1.8943770650237353},
    alphaExt = 2.152132781546776,
    nExt = 1,
    RExt = {0.0006343910738982648},
    RExtRem = 0.01625350403541986 ,
    CExt = {15129716.954584325},
    AInt = 223.9067591752857,
    alphaInt = 2.7,
    nInt = 1,
    RInt = {9.217796564240317e-05},
    CInt = {24930584.4093973},
    AFloor = 0.0,
    alphaFloor = 0.0,
    nFloor = 1,
    RFloor = {0.00001},
    RFloorRem =  0.00001,
    CFloor = {0.00001},
    ARoof = 0.0,
    alphaRoof = 0.0,
    nRoof = 1,
    RRoof = {0.00001},
    RRoofRem = 0.00001,
    CRoof = {0.00001},
    nOrientationsRoof = 1,
    tiltRoof = {0.0},
    aziRoof = {0.0},
    wfRoof = {0.0},
    aRoof = 0.0,
    aExt = 0.5,
    TSoil = 286.15,
    alphaWallOut = 20.000000000000004,
    alphaRadWall = 5.0,
    alphaWinOut = 20.0,
    alphaRoofOut = 0.0,
    alphaRadRoof = 0.0,
    tiltExtWalls = {1.5707963267948966, 1.5707963267948966, 1.5707963267948966, 1.5707963267948966, 1.5707963267948966, 1.5707963267948966, 0.0, 1.5707963267948966, 0.0, 1.5707963267948966, 1.5707963267948966, 1.5707963267948966, 1.5707963267948966},
    aziExtWalls = {2.611401183890713, 2.622649564387165, -0.539335489875382, -0.5393354898648399, -0.5393354898222061, -2.1270473098629066, 0.0, 2.660705373219366, 0.0, 1.0534142247623586, 1.053414224443236, 1.0534544505454426, -2.082455060174642},
    wfWall = {0.07547697500019974, 0.07534235322458854, 0.0489295643182504, 0.054133533100845475, 0.05302244757937891, 0.016699852285077935, 0.22016816215014012, 0.00479892892609429, 0.0, 0.03805367468540148, 0.0009674679604908194, 0.0169560720224944, 0.03677354390199664},
    wfWin = {0.17921449394698893, 0.17889484449905674, 0.11617963105064404, 0.1285360699763725, 0.12589787959498894, 0.03965256392763207, 0.0, 0.0113947017481196, 0.0, 0.09035563562993246, 0.002297181106540489, 0.04026093874101323, 0.08731605977871092},
    wfGro = 0.3586774248450411,
    nrPeople = 0.0,
    ratioConvectiveHeatPeople = 0.5,
    nrPeopleMachines = 0.0,
    ratioConvectiveHeatMachines = 0.75,
    lightingPower = 11.1,
    ratioConvectiveHeatLighting = 0.9,
    useConstantACHrate = false,
    baseACH = 0.2,
    maxUserACH = 1.0,
    maxOverheatingACH = {3.0, 2.0},
    maxSummerACH = {1.0, 283.15, 290.15},
    winterReduction = {0.2, 273.15, 283.15},
    withAHU = false,
    minAHU = 0.0,
    maxAHU = 8.0,
    hHeat = 1492.5693287637566,
    lHeat = 0,
    KRHeat = 10000,
    TNHeat = 1,
    HeaterOn = true,
    hCool = 0,
    lCool = 0.0,
    KRCool = 10000,
    TNCool = 1,
    CoolerOn = false);
end Inffeldgasse25C_1_Restroom;
