 
within Inffeldgasse.Inffeldgasse25C_1.Inffeldgasse25C_1_DataBase;
record Inffeldgasse25C_1_Meeting "Inffeldgasse25C_1_Meeting"
  extends AixLib.DataBase.ThermalZones.ZoneBaseRecord(
    T_start = 293.15,
    withAirCap = true,
    VAir = 170.90026108480993,
    AZone = 25.0822880859375,
    alphaRad = 5.0,
    lat = 0.88645272708792,
    nOrientations = 13,
    AWin = {0.5929003295670346, 0.5918428243460507, 0.3843603272360253, 0.4252394801995485, 0.4165114810732859, 0.13118368778713374, 0.0, 0.03769741092356378, 0.0, 0.2989260799356565, 0.007599828591686877, 0.13319639122093455, 0.2888701660179668},
    ATransparent = {0.5929003295670346, 0.5918428243460507, 0.3843603272360253, 0.4252394801995485, 0.4165114810732859, 0.13118368778713374, 0.0, 0.03769741092356378, 0.0, 0.2989260799356565, 0.007599828591686877, 0.13319639122093455, 0.2888701660179668},
    alphaWin = 2.7000000000000006,
    RWin = 0.049349794150395705,
    gWin = 0.78,
    UWin= 3.0017821341055915,
    ratioWinConRad = 0.03,
    AExt = {7.419266286203704, 7.406033180330311, 4.80969814892648, 5.321239981956512, 5.212022046944091, 1.641568849876836, 25.082288085937506, 0.4717270610164873, 25.082288085937506, 3.740615540816459, 0.09510055778246011, 1.6667548414943976, 3.6147807261167193},
    alphaExt = 2.152132781546776,
    nExt = 1,
    RExt = {0.000332461632310321},
    RExtRem = 0.008517879120166556 ,
    CExt = {28869970.10721699},
    AInt = 341.80052216961985,
    alphaInt = 2.7,
    nInt = 1,
    RInt = {6.038396145023735e-05},
    CInt = {38057300.282100365},
    AFloor = 0.0,
    alphaFloor = 0.0,
    nFloor = 1,
    RFloor = {0.00001},
    RFloorRem =  0.00001,
    CFloor = {0.00001},
    ARoof = 0.0,
    alphaRoof = 0.0,
    nRoof = 1,
    RRoof = {0.00001},
    RRoofRem = 0.00001,
    CRoof = {0.00001},
    nOrientationsRoof = 1,
    tiltRoof = {0.0},
    aziRoof = {0.0},
    wfRoof = {0.0},
    aRoof = 0.0,
    aExt = 0.5,
    TSoil = 286.15,
    alphaWallOut = 20.0,
    alphaRadWall = 4.999999999999999,
    alphaWinOut = 19.999999999999996,
    alphaRoofOut = 0.0,
    alphaRadRoof = 0.0,
    tiltExtWalls = {1.5707963267948966, 1.5707963267948966, 1.5707963267948966, 1.5707963267948966, 1.5707963267948966, 1.5707963267948966, 0.0, 1.5707963267948966, 0.0, 1.5707963267948966, 1.5707963267948966, 1.5707963267948966, 1.5707963267948966},
    aziExtWalls = {2.611401183890713, 2.622649564387165, -0.539335489875382, -0.5393354898648399, -0.5393354898222061, -2.1270473098629066, 0.0, 2.660705373219366, 0.0, 1.0534142247623586, 1.053414224443236, 1.0534544505454426, -2.082455060174642},
    wfWall = {0.07547697500019974, 0.07534235322458856, 0.048929564318250414, 0.05413353310084548, 0.053022447579378906, 0.016699852285077938, 0.2201681621501401, 0.004798928926094291, 0.0, 0.03805367468540149, 0.0009674679604908193, 0.0169560720224944, 0.03677354390199665},
    wfWin = {0.17921449394698893, 0.1788948444990567, 0.11617963105064405, 0.12853606997637254, 0.12589787959498894, 0.03965256392763207, 0.0, 0.011394701748119598, 0.0, 0.09035563562993244, 0.0022971811065404892, 0.04026093874101324, 0.0873160597787109},
    wfGro = 0.3586774248450411,
    nrPeople = 6.019749140625,
    ratioConvectiveHeatPeople = 0.5,
    nrPeopleMachines = 0.50164576171875,
    ratioConvectiveHeatMachines = 0.75,
    lightingPower = 15.9,
    ratioConvectiveHeatLighting = 0.9,
    useConstantACHrate = false,
    baseACH = 0.2,
    maxUserACH = 1.0,
    maxOverheatingACH = {3.0, 2.0},
    maxSummerACH = {1.0, 283.15, 290.15},
    winterReduction = {0.2, 273.15, 283.15},
    withAHU = false,
    minAHU = 0.0,
    maxAHU = 12.0,
    hHeat = 2848.065964069617,
    lHeat = 0,
    KRHeat = 10000,
    TNHeat = 1,
    HeaterOn = true,
    hCool = 0,
    lCool = 0.0,
    KRCool = 10000,
    TNCool = 1,
    CoolerOn = false);
end Inffeldgasse25C_1_Meeting;
