 
within Inffeldgasse.Inffeldgasse25A_9.Inffeldgasse25A_9_DataBase;
record Inffeldgasse25A_9_Office "Inffeldgasse25A_9_Office"
  extends AixLib.DataBase.ThermalZones.ZoneBaseRecord(
    T_start = 293.15,
    withAirCap = true,
    VAir = 103.06959283167124,
    AZone = 23.393462890625003,
    alphaRad = 5.000000000000001,
    lat = 0.88645272708792,
    nOrientations = 8,
    AWin = {0.08314521502733872, 3.187204900755146, 0.24643585802683743, 0.0, 0.0, 0.2520174313157623, 0.0731106544416033, 3.202432903623543},
    ATransparent = {0.08314521502733872, 3.187204900755146, 0.24643585802683743, 0.0, 0.0, 0.2520174313157623, 0.0731106544416033, 3.202432903623543},
    alphaWin = 2.7,
    RWin = 0.023176783735324377,
    gWin = 0.7799999999999999,
    UWin= 3.0017821341055906,
    ratioWinConRad = 0.029999999999999995,
    AExt = {1.0404387718285901, 39.883131595936014, 3.083778439633128, 23.393462890625003, 23.393462890625003, 3.1536235324107555, 0.9148711623368199, 40.07368741561353},
    alphaExt = 2.3532669752429216,
    nExt = 1,
    RExt = {0.00021585118683257575},
    RExtRem = 0.005977511840941896 ,
    CExt = {47675242.31974234},
    AInt = 360.74357491084936,
    alphaInt = 2.6999999999999997,
    nInt = 1,
    RInt = {5.721313140355144e-05},
    CInt = {40166487.950558275},
    AFloor = 0.0,
    alphaFloor = 0.0,
    nFloor = 1,
    RFloor = {0.00001},
    RFloorRem =  0.00001,
    CFloor = {0.00001},
    ARoof = 0.0,
    alphaRoof = 0.0,
    nRoof = 1,
    RRoof = {0.00001},
    RRoofRem = 0.00001,
    CRoof = {0.00001},
    nOrientationsRoof = 1,
    tiltRoof = {0.0},
    aziRoof = {0.0},
    wfRoof = {0.0},
    aRoof = 0.0,
    aExt = 0.5,
    TSoil = 286.15,
    alphaWallOut = 20.0,
    alphaRadWall = 5.000000000000001,
    alphaWinOut = 20.0,
    alphaRoofOut = 0.0,
    alphaRadRoof = 0.0,
    tiltExtWalls = {1.5707963267948966, 1.5707963267948966, 1.5707963267948966, 0.0, 0.0, 1.5707963267948966, 1.5707963267948966, 1.5707963267948966},
    aziExtWalls = {-2.0992863179630548, -2.099330906802024, -0.5390474264841385, 0.0, 0.0, 2.6233670592121547, 1.0405587943101928, 1.040558794283784},
    wfWall = {0.0073676073117122255, 0.2824224355305063, 0.02183700684242151, 0.14293490422975347, 0.0, 0.02233159742301979, 0.006478431645776734, 0.2837718089759786},
    wfWin = {0.01180311183730849, 0.45244859706792906, 0.034983492339967316, 0.0, 0.0, 0.03577584020671651, 0.010378627688789067, 0.45461033085928965},
    wfGro = 0.23285620804083146,
    nrPeople = 1.16967314453125,
    ratioConvectiveHeatPeople = 0.5,
    nrPeopleMachines = 1.6375424023437501,
    ratioConvectiveHeatMachines = 0.75,
    lightingPower = 12.5,
    ratioConvectiveHeatLighting = 0.9,
    useConstantACHrate = false,
    baseACH = 0.2,
    maxUserACH = 1.0,
    maxOverheatingACH = {3.0, 2.0},
    maxSummerACH = {1.0, 283.15, 290.15},
    winterReduction = {0.2, 273.15, 283.15},
    withAHU = false,
    minAHU = 0.0,
    maxAHU = 2.6,
    hHeat = 4416.298008260292,
    lHeat = 0,
    KRHeat = 10000,
    TNHeat = 1,
    HeaterOn = true,
    hCool = 0,
    lCool = 0.0,
    KRCool = 10000,
    TNCool = 1,
    CoolerOn = false);
end Inffeldgasse25A_9_Office;
