 
within Inffeldgasse.Inffeldgasse25A_9.Inffeldgasse25A_9_DataBase;
record Inffeldgasse25A_9_Office "Inffeldgasse25A_9_Office"
  extends AixLib.DataBase.ThermalZones.ZoneBaseRecord(
    T_start = 293.15,
    withAirCap = true,
    VAir = 6.284731270223856,
    AZone = 1.4264306640625,
    alphaRad = 4.999999999999999,
    lat = 0.88645272708792,
    nOrientations = 8,
    AWin = {0.0050698301845938255, 0.19434176224116745, 0.015026576708953502, 0.0, 0.0, 0.015366916543644046, 0.004457966734244105, 0.19527029900143555},
    ATransparent = {0.0050698301845938255, 0.19434176224116745, 0.015026576708953502, 0.0, 0.0, 0.015366916543644046, 0.004457966734244105, 0.19527029900143555},
    alphaWin = 2.7,
    RWin = 0.38009925325931976,
    gWin = 0.78,
    UWin= 3.0017821341055915,
    ratioWinConRad = 0.030000000000000002,
    AExt = {0.06344138852613354, 2.431898268044879, 0.1880352707093371, 1.4264306640625002, 1.4264306640625002, 0.19229411782992414, 0.05578482697175731, 2.4435175253422887},
    alphaExt = 2.353266975242921,
    nExt = 1,
    RExt = {0.003539959464054243},
    RExtRem = 0.09803119419144708 ,
    CExt = {2907026.970715995},
    AInt = 18.85419381067157,
    alphaInt = 2.700000000000001,
    nInt = 1,
    RInt = {0.00109467791418795},
    CInt = {2099293.7953253463},
    AFloor = 0.0,
    alphaFloor = 0.0,
    nFloor = 1,
    RFloor = {0.00001},
    RFloorRem =  0.00001,
    CFloor = {0.00001},
    ARoof = 0.0,
    alphaRoof = 0.0,
    nRoof = 1,
    RRoof = {0.00001},
    RRoofRem = 0.00001,
    CRoof = {0.00001},
    nOrientationsRoof = 1,
    tiltRoof = {0.0},
    aziRoof = {0.0},
    wfRoof = {0.0},
    aRoof = 0.0,
    aExt = 0.5,
    TSoil = 286.15,
    alphaWallOut = 20.0,
    alphaRadWall = 5.0,
    alphaWinOut = 19.999999999999996,
    alphaRoofOut = 0.0,
    alphaRadRoof = 0.0,
    tiltExtWalls = {1.5707963267948966, 1.5707963267948966, 1.5707963267948966, 0.0, 0.0, 1.5707963267948966, 1.5707963267948966, 1.5707963267948966},
    aziExtWalls = {-2.0992863179630548, -2.099330906802024, -0.5390474264841385, 0.0, 0.0, 2.6233670592121547, 1.0405587943101928, 1.040558794283784},
    wfWall = {0.007367607311712224, 0.2824224355305062, 0.021837006842421507, 0.14293490422975344, 0.0, 0.022331597423019794, 0.006478431645776731, 0.2837718089759786},
    wfWin = {0.011803111837308491, 0.45244859706792895, 0.034983492339967316, 0.0, 0.0, 0.035775840206716494, 0.010378627688789069, 0.4546103308592896},
    wfGro = 0.23285620804083143,
    nrPeople = 0.071321533203125,
    ratioConvectiveHeatPeople = 0.5,
    nrPeopleMachines = 0.099850146484375,
    ratioConvectiveHeatMachines = 0.75,
    lightingPower = 12.5,
    ratioConvectiveHeatLighting = 0.9,
    useConstantACHrate = false,
    baseACH = 0.2,
    maxUserACH = 1.0,
    maxOverheatingACH = {3.0, 2.0},
    maxSummerACH = {1.0, 283.15, 290.15},
    winterReduction = {0.2, 273.15, 283.15},
    withAHU = false,
    minAHU = 0.0,
    maxAHU = 2.6,
    hHeat = 269.2864639183105,
    lHeat = 0,
    KRHeat = 10000,
    TNHeat = 1,
    HeaterOn = true,
    hCool = 0,
    lCool = 0.0,
    KRCool = 10000,
    TNCool = 1,
    CoolerOn = false);
end Inffeldgasse25A_9_Office;
