 
within Inffeldgasse.Inffeldgasse25A_9.Inffeldgasse25A_9_DataBase;
record Inffeldgasse25A_9_Storage "Inffeldgasse25A_9_Storage"
  extends AixLib.DataBase.ThermalZones.ZoneBaseRecord(
    T_start = 293.15,
    withAirCap = true,
    VAir = 282.8129071600735,
    AZone = 64.1893798828125,
    alphaRad = 4.999999999999999,
    lat = 0.88645272708792,
    nOrientations = 8,
    AWin = {0.22814235830672214, 8.745379300852536, 0.6761959519029076, 0.0, 0.0, 0.6915112444639822, 0.20060850304098474, 8.7871634550646},
    ATransparent = {0.22814235830672214, 8.745379300852536, 0.6761959519029076, 0.0, 0.0, 0.6915112444639822, 0.20060850304098474, 8.7871634550646},
    alphaWin = 2.7,
    RWin = 0.008446650072429328,
    gWin = 0.7800000000000001,
    UWin= 3.001782134105591,
    ratioWinConRad = 0.03,
    AExt = {2.8548624836760097, 109.43542206201957, 8.46158718192017, 64.18937988281252, 64.18937988281252, 8.653235302346587, 2.510317213729079, 109.95828864040298},
    alphaExt = 2.3532669752429203,
    nExt = 1,
    RExt = {7.866576586787195e-05},
    RExtRem = 0.0021784709820321575 ,
    CExt = {130816213.6822199},
    AInt = 565.6258143201471,
    alphaInt = 2.7,
    nInt = 1,
    RInt = {3.6489263806265016e-05},
    CInt = {62978813.85976039},
    AFloor = 0.0,
    alphaFloor = 0.0,
    nFloor = 1,
    RFloor = {0.00001},
    RFloorRem =  0.00001,
    CFloor = {0.00001},
    ARoof = 0.0,
    alphaRoof = 0.0,
    nRoof = 1,
    RRoof = {0.00001},
    RRoofRem = 0.00001,
    CRoof = {0.00001},
    nOrientationsRoof = 1,
    tiltRoof = {0.0},
    aziRoof = {0.0},
    wfRoof = {0.0},
    aRoof = 0.0,
    aExt = 0.5,
    TSoil = 286.15,
    alphaWallOut = 20.0,
    alphaRadWall = 4.999999999999999,
    alphaWinOut = 19.999999999999996,
    alphaRoofOut = 0.0,
    alphaRadRoof = 0.0,
    tiltExtWalls = {1.5707963267948966, 1.5707963267948966, 1.5707963267948966, 0.0, 0.0, 1.5707963267948966, 1.5707963267948966, 1.5707963267948966},
    aziExtWalls = {-2.0992863179630548, -2.099330906802024, -0.5390474264841385, 0.0, 0.0, 2.6233670592121547, 1.0405587943101928, 1.040558794283784},
    wfWall = {0.007367607311712226, 0.28242243553050633, 0.021837006842421514, 0.14293490422975344, 0.0, 0.022331597423019794, 0.006478431645776733, 0.28377180897597853},
    wfWin = {0.011803111837308491, 0.452448597067929, 0.034983492339967316, 0.0, 0.0, 0.03577584020671651, 0.010378627688789069, 0.45461033085928965},
    wfGro = 0.23285620804083146,
    nrPeople = 0.0,
    ratioConvectiveHeatPeople = 0.5,
    nrPeopleMachines = 0.0,
    ratioConvectiveHeatMachines = 0.75,
    lightingPower = 11.3,
    ratioConvectiveHeatLighting = 0.9,
    useConstantACHrate = false,
    baseACH = 0.2,
    maxUserACH = 1.0,
    maxOverheatingACH = {3.0, 2.0},
    maxSummerACH = {1.0, 283.15, 290.15},
    winterReduction = {0.2, 273.15, 283.15},
    withAHU = false,
    minAHU = 0.0,
    maxAHU = 0.5,
    hHeat = 12117.890876323972,
    lHeat = 0,
    KRHeat = 10000,
    TNHeat = 1,
    HeaterOn = true,
    hCool = 0,
    lCool = 0.0,
    KRCool = 10000,
    TNCool = 1,
    CoolerOn = false);
end Inffeldgasse25A_9_Storage;
