 
within Inffeldgasse.Inffeldgasse25A_9.Inffeldgasse25A_9_DataBase;
record Inffeldgasse25A_9_Storage "Inffeldgasse25A_9_Storage"
  extends AixLib.DataBase.ThermalZones.ZoneBaseRecord(
    T_start = 293.15,
    withAirCap = true,
    VAir = 7.164593648055196,
    AZone = 1.62613095703125,
    alphaRad = 4.999999999999999,
    lat = 0.88645272708792,
    nOrientations = 8,
    AWin = {0.00577960641043696, 0.22154960895493087, 0.01713029744820699, 0.0, 0.0, 0.017518284859754207, 0.0050820820770382785, 0.2226081408616365},
    ATransparent = {0.00577960641043696, 0.22154960895493087, 0.01713029744820699, 0.0, 0.0, 0.017518284859754207, 0.0050820820770382785, 0.2226081408616365},
    alphaWin = 2.6999999999999997,
    RWin = 0.33342039759589454,
    gWin = 0.7799999999999999,
    UWin= 3.0017821341055915,
    ratioWinConRad = 0.029999999999999992,
    AExt = {0.07232318291979223, 2.7723640255711617, 0.21436020860864424, 1.62613095703125, 1.62613095703125, 0.2192152943261135, 0.06359470274780334, 2.7856099788902084},
    alphaExt = 2.3532669752429207,
    nExt = 1,
    RExt = {0.003105227600047579},
    RExtRem = 0.08599227560653255 ,
    CExt = {3314010.7466162345},
    AInt = 17.91148412013799,
    alphaInt = 2.7,
    nInt = 1,
    RInt = {0.0011522925412504738},
    CInt = {1994329.1055590785},
    AFloor = 0.0,
    alphaFloor = 0.0,
    nFloor = 1,
    RFloor = {0.00001},
    RFloorRem =  0.00001,
    CFloor = {0.00001},
    ARoof = 0.0,
    alphaRoof = 0.0,
    nRoof = 1,
    RRoof = {0.00001},
    RRoofRem = 0.00001,
    CRoof = {0.00001},
    nOrientationsRoof = 1,
    tiltRoof = {0.0},
    aziRoof = {0.0},
    wfRoof = {0.0},
    aRoof = 0.0,
    aExt = 0.5,
    TSoil = 286.15,
    alphaWallOut = 19.999999999999996,
    alphaRadWall = 4.999999999999999,
    alphaWinOut = 20.0,
    alphaRoofOut = 0.0,
    alphaRadRoof = 0.0,
    tiltExtWalls = {1.5707963267948966, 1.5707963267948966, 1.5707963267948966, 0.0, 0.0, 1.5707963267948966, 1.5707963267948966, 1.5707963267948966},
    aziExtWalls = {-2.0992863179630548, -2.099330906802024, -0.5390474264841385, 0.0, 0.0, 2.6233670592121547, 1.0405587943101928, 1.040558794283784},
    wfWall = {0.007367607311712225, 0.2824224355305061, 0.0218370068424215, 0.14293490422975344, 0.0, 0.02233159742301979, 0.006478431645776733, 0.28377180897597853},
    wfWin = {0.01180311183730849, 0.452448597067929, 0.03498349233996731, 0.0, 0.0, 0.035775840206716494, 0.010378627688789065, 0.4546103308592895},
    wfGro = 0.23285620804083143,
    nrPeople = 0.0,
    ratioConvectiveHeatPeople = 0.5,
    nrPeopleMachines = 0.0,
    ratioConvectiveHeatMachines = 0.75,
    lightingPower = 11.3,
    ratioConvectiveHeatLighting = 0.9,
    useConstantACHrate = false,
    baseACH = 0.2,
    maxUserACH = 1.0,
    maxOverheatingACH = {3.0, 2.0},
    maxSummerACH = {1.0, 283.15, 290.15},
    winterReduction = {0.2, 273.15, 283.15},
    withAHU = false,
    minAHU = 0.0,
    maxAHU = 0.5,
    hHeat = 306.986568866874,
    lHeat = 0,
    KRHeat = 10000,
    TNHeat = 1,
    HeaterOn = true,
    hCool = 0,
    lCool = 0.0,
    KRCool = 10000,
    TNCool = 1,
    CoolerOn = false);
end Inffeldgasse25A_9_Storage;
