 
within Inffeldgasse.Inffeldgasse25A_9.Inffeldgasse25A_9_DataBase;
record Inffeldgasse25A_9_Laboratory "Inffeldgasse25A_9_Laboratory"
  extends AixLib.DataBase.ThermalZones.ZoneBaseRecord(
    T_start = 293.15,
    withAirCap = true,
    VAir = 80.97876241683437,
    AZone = 18.37955910644531,
    alphaRad = 5.0,
    lat = 0.88645272708792,
    nOrientations = 8,
    AWin = {0.06532476192849142, 2.5040936064774417, 0.19361744089486582, 0.0, 0.0, 0.19800271966485344, 0.057440901370735264, 2.516057802633496},
    ATransparent = {0.06532476192849142, 2.5040936064774417, 0.19361744089486582, 0.0, 0.0, 0.19800271966485344, 0.057440901370735264, 2.516057802633496},
    alphaWin = 2.7,
    RWin = 0.02949935997355994,
    gWin = 0.7800000000000001,
    UWin= 3.001782134105591,
    ratioWinConRad = 0.03,
    AExt = {0.8174422911592304, 31.335009183758256, 2.4228344630898078, 18.37955910644531, 18.37955910644531, 2.4777097082385717, 0.7187874955310928, 31.484723314035374},
    alphaExt = 2.3532669752429207,
    nExt = 1,
    RExt = {0.0002747349215408799},
    RExtRem = 0.007608164081602414 ,
    CExt = {37457042.51767559},
    AInt = 40.489381208417186,
    alphaInt = 2.7,
    nInt = 1,
    RInt = {0.0005097452452563217},
    CInt = {6012528.738616791},
    AFloor = 0.0,
    alphaFloor = 0.0,
    nFloor = 1,
    RFloor = {0.00001},
    RFloorRem =  0.00001,
    CFloor = {0.00001},
    ARoof = 0.0,
    alphaRoof = 0.0,
    nRoof = 1,
    RRoof = {0.00001},
    RRoofRem = 0.00001,
    CRoof = {0.00001},
    nOrientationsRoof = 1,
    tiltRoof = {0.0},
    aziRoof = {0.0},
    wfRoof = {0.0},
    aRoof = 0.0,
    aExt = 0.5,
    TSoil = 286.15,
    alphaWallOut = 19.999999999999996,
    alphaRadWall = 4.999999999999999,
    alphaWinOut = 20.0,
    alphaRoofOut = 0.0,
    alphaRadRoof = 0.0,
    tiltExtWalls = {1.5707963267948966, 1.5707963267948966, 1.5707963267948966, 0.0, 0.0, 1.5707963267948966, 1.5707963267948966, 1.5707963267948966},
    aziExtWalls = {-2.0992863179630548, -2.099330906802024, -0.5390474264841385, 0.0, 0.0, 2.6233670592121547, 1.0405587943101928, 1.040558794283784},
    wfWall = {0.007367607311712226, 0.2824224355305063, 0.021837006842421514, 0.14293490422975347, 0.0, 0.022331597423019794, 0.006478431645776735, 0.28377180897597853},
    wfWin = {0.011803111837308493, 0.452448597067929, 0.03498349233996732, 0.0, 0.0, 0.035775840206716494, 0.010378627688789069, 0.45461033085928965},
    wfGro = 0.2328562080408315,
    nrPeople = 1.1027735463867185,
    ratioConvectiveHeatPeople = 0.5,
    nrPeopleMachines = 3.3083206391601556,
    ratioConvectiveHeatMachines = 0.75,
    lightingPower = 14.0,
    ratioConvectiveHeatLighting = 0.9,
    useConstantACHrate = false,
    baseACH = 0.2,
    maxUserACH = 1.0,
    maxOverheatingACH = {3.0, 2.0},
    maxSummerACH = {1.0, 283.15, 290.15},
    winterReduction = {0.2, 273.15, 283.15},
    withAHU = false,
    minAHU = 24.0,
    maxAHU = 48.0,
    hHeat = 3469.756087587429,
    lHeat = 0,
    KRHeat = 10000,
    TNHeat = 1,
    HeaterOn = true,
    hCool = 0,
    lCool = 0.0,
    KRCool = 10000,
    TNCool = 1,
    CoolerOn = false);
end Inffeldgasse25A_9_Laboratory;
