 
within Inffeldgasse.Inffeldgasse25A_9.Inffeldgasse25A_9_DataBase;
record Inffeldgasse25A_9_Meeting "Inffeldgasse25A_9_Meeting"
  extends AixLib.DataBase.ThermalZones.ZoneBaseRecord(
    T_start = 293.15,
    withAirCap = true,
    VAir = 17.628671212977917,
    AZone = 4.001138012695312,
    alphaRad = 5.0,
    lat = 0.88645272708792,
    nOrientations = 8,
    AWin = {0.014220873667785676, 0.5451286430864746, 0.04214954766861456, 0.0, 0.0, 0.043104200904921536, 0.01250459668955471, 0.5477331886990267},
    ATransparent = {0.014220873667785676, 0.5451286430864746, 0.04214954766861456, 0.0, 0.0, 0.043104200904921536, 0.01250459668955471, 0.5477331886990267},
    alphaWin = 2.7,
    RWin = 0.13550775517266303,
    gWin = 0.7799999999999999,
    UWin= 3.001782134105591,
    ratioWinConRad = 0.029999999999999995,
    AExt = {0.17795309481580454, 6.821474641865884, 0.5274389343396905, 4.001138012695312, 4.001138012695312, 0.5393850005129371, 0.15647643965577923, 6.8540666585851175},
    alphaExt = 2.353266975242921,
    nExt = 1,
    RExt = {0.001262017634243936},
    RExtRem = 0.0349487323320667 ,
    CExt = {8154210.652858368},
    AInt = 35.257342425955834,
    alphaInt = 2.7,
    nInt = 1,
    RInt = {0.0005853892589240378},
    CInt = {3925679.3972583967},
    AFloor = 0.0,
    alphaFloor = 0.0,
    nFloor = 1,
    RFloor = {0.00001},
    RFloorRem =  0.00001,
    CFloor = {0.00001},
    ARoof = 0.0,
    alphaRoof = 0.0,
    nRoof = 1,
    RRoof = {0.00001},
    RRoofRem = 0.00001,
    CRoof = {0.00001},
    nOrientationsRoof = 1,
    tiltRoof = {0.0},
    aziRoof = {0.0},
    wfRoof = {0.0},
    aRoof = 0.0,
    aExt = 0.5,
    TSoil = 286.15,
    alphaWallOut = 20.000000000000004,
    alphaRadWall = 5.0,
    alphaWinOut = 19.999999999999996,
    alphaRoofOut = 0.0,
    alphaRadRoof = 0.0,
    tiltExtWalls = {1.5707963267948966, 1.5707963267948966, 1.5707963267948966, 0.0, 0.0, 1.5707963267948966, 1.5707963267948966, 1.5707963267948966},
    aziExtWalls = {-2.0992863179630548, -2.099330906802024, -0.5390474264841385, 0.0, 0.0, 2.6233670592121547, 1.0405587943101928, 1.040558794283784},
    wfWall = {0.007367607311712227, 0.2824224355305062, 0.021837006842421517, 0.14293490422975344, 0.0, 0.022331597423019798, 0.006478431645776736, 0.28377180897597865},
    wfWin = {0.01180311183730849, 0.45244859706792906, 0.03498349233996731, 0.0, 0.0, 0.035775840206716494, 0.010378627688789065, 0.45461033085928965},
    wfGro = 0.23285620804083149,
    nrPeople = 0.9602731230468751,
    ratioConvectiveHeatPeople = 0.5,
    nrPeopleMachines = 0.08002276025390626,
    ratioConvectiveHeatMachines = 0.75,
    lightingPower = 15.9,
    ratioConvectiveHeatLighting = 0.9,
    useConstantACHrate = false,
    baseACH = 0.2,
    maxUserACH = 1.0,
    maxOverheatingACH = {3.0, 2.0},
    maxSummerACH = {1.0, 283.15, 290.15},
    winterReduction = {0.2, 273.15, 283.15},
    withAHU = false,
    minAHU = 0.0,
    maxAHU = 12.0,
    hHeat = 755.3485312908607,
    lHeat = 0,
    KRHeat = 10000,
    TNHeat = 1,
    HeaterOn = true,
    hCool = 0,
    lCool = 0.0,
    KRCool = 10000,
    TNCool = 1,
    CoolerOn = false);
end Inffeldgasse25A_9_Meeting;
