 
within Inffeldgasse.Inffeldgasse25A_9.Inffeldgasse25A_9_DataBase;
record Inffeldgasse25A_9_Floor "Inffeldgasse25A_9_Floor"
  extends AixLib.DataBase.ThermalZones.ZoneBaseRecord(
    T_start = 293.15,
    withAirCap = true,
    VAir = 84.62390655356421,
    AZone = 19.20688889160156,
    alphaRad = 5.0,
    lat = 0.88645272708792,
    nOrientations = 8,
    AWin = {0.06826526343555583, 2.616811828577319, 0.20233285538605886, 0.0, 0.0, 0.206915531260167, 0.06002652207659685, 2.629314576054329},
    ATransparent = {0.06826526343555583, 2.616811828577319, 0.20233285538605886, 0.0, 0.0, 0.206915531260167, 0.06002652207659685, 2.629314576054329},
    alphaWin = 2.6999999999999993,
    RWin = 0.028228685722935003,
    gWin = 0.7799999999999998,
    UWin= 3.00178213410559,
    ratioWinConRad = 0.029999999999999992,
    AExt = {0.854238296504388, 32.74551017922429, 2.5318949201012235, 19.20688889160156, 19.20688889160156, 2.589240296579928, 0.7511426951747121, 32.901963478733904},
    alphaExt = 2.3532669752429203,
    nExt = 1,
    RExt = {0.0002629008142632186},
    RExtRem = 0.00728044516832136 ,
    CExt = {39143118.160690896},
    AInt = 550.0553925981675,
    alphaInt = 2.7,
    nInt = 1,
    RInt = {3.752216564384989e-05},
    CInt = {61245147.06712084},
    AFloor = 0.0,
    alphaFloor = 0.0,
    nFloor = 1,
    RFloor = {0.00001},
    RFloorRem =  0.00001,
    CFloor = {0.00001},
    ARoof = 0.0,
    alphaRoof = 0.0,
    nRoof = 1,
    RRoof = {0.00001},
    RRoofRem = 0.00001,
    CRoof = {0.00001},
    nOrientationsRoof = 1,
    tiltRoof = {0.0},
    aziRoof = {0.0},
    wfRoof = {0.0},
    aRoof = 0.0,
    aExt = 0.5,
    TSoil = 286.15,
    alphaWallOut = 20.0,
    alphaRadWall = 5.0,
    alphaWinOut = 19.999999999999996,
    alphaRoofOut = 0.0,
    alphaRadRoof = 0.0,
    tiltExtWalls = {1.5707963267948966, 1.5707963267948966, 1.5707963267948966, 0.0, 0.0, 1.5707963267948966, 1.5707963267948966, 1.5707963267948966},
    aziExtWalls = {-2.0992863179630548, -2.099330906802024, -0.5390474264841385, 0.0, 0.0, 2.6233670592121547, 1.0405587943101928, 1.040558794283784},
    wfWall = {0.007367607311712227, 0.2824224355305062, 0.021837006842421507, 0.14293490422975344, 0.0, 0.022331597423019794, 0.006478431645776736, 0.2837718089759786},
    wfWin = {0.011803111837308493, 0.452448597067929, 0.034983492339967316, 0.0, 0.0, 0.0357758402067165, 0.01037862768878907, 0.4546103308592897},
    wfGro = 0.23285620804083149,
    nrPeople = 0.0,
    ratioConvectiveHeatPeople = 0.5,
    nrPeopleMachines = 0.0,
    ratioConvectiveHeatMachines = 0.75,
    lightingPower = 7.0,
    ratioConvectiveHeatLighting = 0.9,
    useConstantACHrate = false,
    baseACH = 0.2,
    maxUserACH = 1.0,
    maxOverheatingACH = {3.0, 2.0},
    maxSummerACH = {1.0, 283.15, 290.15},
    winterReduction = {0.2, 273.15, 283.15},
    withAHU = false,
    minAHU = 0.0,
    maxAHU = 2.0,
    hHeat = 3625.9422366600493,
    lHeat = 0,
    KRHeat = 10000,
    TNHeat = 1,
    HeaterOn = true,
    hCool = 0,
    lCool = 0.0,
    KRCool = 10000,
    TNCool = 1,
    CoolerOn = false);
end Inffeldgasse25A_9_Floor;
