 
within Inffeldgasse.Inffeldgasse25A_9.Inffeldgasse25A_9_DataBase;
record Inffeldgasse25A_9_ICT "Inffeldgasse25A_9_ICT"
  extends AixLib.DataBase.ThermalZones.ZoneBaseRecord(
    T_start = 293.15,
    withAirCap = true,
    VAir = 11.532481880860775,
    AZone = 2.6175002685546875,
    alphaRad = 5.0,
    lat = 0.88645272708792,
    nOrientations = 8,
    AWin = {0.009303138388729667, 0.3566171337125422, 0.027573768260929672, 0.0, 0.0, 0.028198291857586818, 0.00818036895733793, 0.35832099866763417},
    ATransparent = {0.009303138388729667, 0.3566171337125422, 0.027573768260929672, 0.0, 0.0, 0.028198291857586818, 0.00818036895733793, 0.35832099866763417},
    alphaWin = 2.7000000000000006,
    RWin = 0.2071385576345067,
    gWin = 0.7799999999999999,
    UWin= 3.0017821341055915,
    ratioWinConRad = 0.03,
    AExt = {0.11641494794545504, 4.462533321862352, 0.3450447217516335, 2.6175002685546875, 2.6175002685546875, 0.35285970621791074, 0.10236515749317465, 4.483854659003098},
    alphaExt = 2.3532669752429207,
    nExt = 1,
    RExt = {0.0019291332229178426},
    RExtRem = 0.05342299410978044 ,
    CExt = {5334394.491263852},
    AInt = 11.532481880860775,
    alphaInt = 2.7,
    nInt = 1,
    RInt = {0.0017896641648849332},
    CInt = {1284068.0381406697},
    AFloor = 0.0,
    alphaFloor = 0.0,
    nFloor = 1,
    RFloor = {0.00001},
    RFloorRem =  0.00001,
    CFloor = {0.00001},
    ARoof = 0.0,
    alphaRoof = 0.0,
    nRoof = 1,
    RRoof = {0.00001},
    RRoofRem = 0.00001,
    CRoof = {0.00001},
    nOrientationsRoof = 1,
    tiltRoof = {0.0},
    aziRoof = {0.0},
    wfRoof = {0.0},
    aRoof = 0.0,
    aExt = 0.5,
    TSoil = 286.15,
    alphaWallOut = 20.0,
    alphaRadWall = 5.000000000000001,
    alphaWinOut = 20.0,
    alphaRoofOut = 0.0,
    alphaRadRoof = 0.0,
    tiltExtWalls = {1.5707963267948966, 1.5707963267948966, 1.5707963267948966, 0.0, 0.0, 1.5707963267948966, 1.5707963267948966, 1.5707963267948966},
    aziExtWalls = {-2.0992863179630548, -2.099330906802024, -0.5390474264841385, 0.0, 0.0, 2.6233670592121547, 1.0405587943101928, 1.040558794283784},
    wfWall = {0.007367607311712228, 0.28242243553050633, 0.021837006842421507, 0.14293490422975347, 0.0, 0.022331597423019798, 0.0064784316457767365, 0.28377180897597865},
    wfWin = {0.01180311183730849, 0.45244859706792895, 0.03498349233996731, 0.0, 0.0, 0.0357758402067165, 0.010378627688789067, 0.45461033085928954},
    wfGro = 0.2328562080408315,
    nrPeople = 0.07852500805664063,
    ratioConvectiveHeatPeople = 0.5,
    nrPeopleMachines = 3.9262504028320313,
    ratioConvectiveHeatMachines = 0.75,
    lightingPower = 7.1,
    ratioConvectiveHeatLighting = 0.9,
    useConstantACHrate = false,
    baseACH = 0.2,
    maxUserACH = 1.0,
    maxOverheatingACH = {3.0, 2.0},
    maxSummerACH = {1.0, 283.15, 290.15},
    winterReduction = {0.2, 273.15, 283.15},
    withAHU = false,
    minAHU = 0.0,
    maxAHU = 130.0,
    hHeat = 494.14066129009956,
    lHeat = 0,
    KRHeat = 10000,
    TNHeat = 1,
    HeaterOn = true,
    hCool = 0,
    lCool = 0.0,
    KRCool = 10000,
    TNCool = 1,
    CoolerOn = false);
end Inffeldgasse25A_9_ICT;
