 
within Inffeldgasse.Inffeldgasse25A_9.Inffeldgasse25A_9_DataBase;
record Inffeldgasse25A_9_Restroom "Inffeldgasse25A_9_Restroom"
  extends AixLib.DataBase.ThermalZones.ZoneBaseRecord(
    T_start = 293.15,
    withAirCap = true,
    VAir = 9.238554967229067,
    AZone = 2.096853076171875,
    alphaRad = 4.999999999999999,
    lat = 0.88645272708792,
    nOrientations = 8,
    AWin = {0.0074526503713529205, 0.28568239049451605, 0.022089067762161643, 0.0, 0.0, 0.02258936731915674, 0.006553211099338832, 0.2870473395321102},
    ATransparent = {0.0074526503713529205, 0.28568239049451605, 0.022089067762161643, 0.0, 0.0, 0.02258936731915674, 0.006553211099338832, 0.2870473395321102},
    alphaWin = 2.7000000000000006,
    RWin = 0.2585709205845713,
    gWin = 0.78,
    UWin= 3.0017821341055915,
    ratioWinConRad = 0.029999999999999995,
    AExt = {0.09325884113341629, 3.5748904540259714, 0.27641184794272544, 2.096853076171875, 2.096853076171875, 0.2826723532099884, 0.08200369564848323, 3.591970762253163},
    alphaExt = 2.353266975242921,
    nExt = 1,
    RExt = {0.0024081356898328177},
    RExtRem = 0.06668788720506606 ,
    CExt = {4273329.646952513},
    AInt = 23.09638741807267,
    alphaInt = 2.6999999999999993,
    nInt = 1,
    RInt = {0.0008936146238268984},
    CInt = {2571634.8992735487},
    AFloor = 0.0,
    alphaFloor = 0.0,
    nFloor = 1,
    RFloor = {0.00001},
    RFloorRem =  0.00001,
    CFloor = {0.00001},
    ARoof = 0.0,
    alphaRoof = 0.0,
    nRoof = 1,
    RRoof = {0.00001},
    RRoofRem = 0.00001,
    CRoof = {0.00001},
    nOrientationsRoof = 1,
    tiltRoof = {0.0},
    aziRoof = {0.0},
    wfRoof = {0.0},
    aRoof = 0.0,
    aExt = 0.5,
    TSoil = 286.15,
    alphaWallOut = 20.000000000000007,
    alphaRadWall = 5.000000000000002,
    alphaWinOut = 20.0,
    alphaRoofOut = 0.0,
    alphaRadRoof = 0.0,
    tiltExtWalls = {1.5707963267948966, 1.5707963267948966, 1.5707963267948966, 0.0, 0.0, 1.5707963267948966, 1.5707963267948966, 1.5707963267948966},
    aziExtWalls = {-2.0992863179630548, -2.099330906802024, -0.5390474264841385, 0.0, 0.0, 2.6233670592121547, 1.0405587943101928, 1.040558794283784},
    wfWall = {0.007367607311712227, 0.2824224355305063, 0.02183700684242151, 0.14293490422975347, 0.0, 0.022331597423019798, 0.006478431645776735, 0.2837718089759786},
    wfWin = {0.011803111837308493, 0.45244859706792895, 0.034983492339967316, 0.0, 0.0, 0.0357758402067165, 0.010378627688789069, 0.45461033085928965},
    wfGro = 0.23285620804083149,
    nrPeople = 0.0,
    ratioConvectiveHeatPeople = 0.5,
    nrPeopleMachines = 0.0,
    ratioConvectiveHeatMachines = 0.75,
    lightingPower = 11.1,
    ratioConvectiveHeatLighting = 0.9,
    useConstantACHrate = false,
    baseACH = 0.2,
    maxUserACH = 1.0,
    maxOverheatingACH = {3.0, 2.0},
    maxSummerACH = {1.0, 283.15, 290.15},
    winterReduction = {0.2, 273.15, 283.15},
    withAHU = false,
    minAHU = 0.0,
    maxAHU = 8.0,
    hHeat = 395.85110195991626,
    lHeat = 0,
    KRHeat = 10000,
    TNHeat = 1,
    HeaterOn = true,
    hCool = 0,
    lCool = 0.0,
    KRCool = 10000,
    TNCool = 1,
    CoolerOn = false);
end Inffeldgasse25A_9_Restroom;
