 
within Inffeldgasse.Inffeldgasse25A_11.Inffeldgasse25A_11_DataBase;
record Inffeldgasse25A_11_ICT "Inffeldgasse25A_11_ICT"
  extends AixLib.DataBase.ThermalZones.ZoneBaseRecord(
    T_start = 293.15,
    withAirCap = true,
    VAir = 168.35242075200827,
    AZone = 14.611868457031251,
    alphaRad = 5.0,
    lat = 0.88645272708792,
    nOrientations = 7,
    AWin = {0.3106017914164979, 1.2139392746375643, 0.0, 0.24767009179209862, 0.3292635025045006, 0.025356889777263615, 0.9502585734583233},
    ATransparent = {0.3106017914164979, 1.2139392746375643, 0.0, 0.24767009179209862, 0.3292635025045006, 0.025356889777263615, 0.9502585734583233},
    alphaWin = 2.7,
    RWin = 0.05305834394352044,
    gWin = 0.78,
    UWin= 3.001782134105591,
    ratioWinConRad = 0.030000000000000002,
    AExt = {3.8867197142118513, 15.190645517761958, 14.611868457031251, 3.099223040533558, 4.120243288096859, 0.317303782888461, 11.891073500302804},
    alphaExt = 2.4249120396011734,
    nExt = 1,
    RExt = {0.0004905736888014961},
    RExtRem = 0.01682293473583585 ,
    CExt = {21415319.93743654},
    AInt = 168.35242075200827,
    alphaInt = 2.7,
    nInt = 1,
    RInt = {0.00012259562091336968},
    CInt = {18744964.428691443},
    AFloor = 0.0,
    alphaFloor = 0.0,
    nFloor = 1,
    RFloor = {0.00001},
    RFloorRem =  0.00001,
    CFloor = {0.00001},
    ARoof = 0.0,
    alphaRoof = 0.0,
    nRoof = 1,
    RRoof = {0.00001},
    RRoofRem = 0.00001,
    CRoof = {0.00001},
    nOrientationsRoof = 1,
    tiltRoof = {0.0},
    aziRoof = {0.0},
    wfRoof = {0.0},
    aRoof = 0.0,
    aExt = 0.5,
    TSoil = 286.15,
    alphaWallOut = 20.0,
    alphaRadWall = 4.999999999999999,
    alphaWinOut = 19.999999999999996,
    alphaRoofOut = 0.0,
    alphaRadRoof = 0.0,
    tiltExtWalls = {1.5707963267948966, 1.5707963267948966, 0.0, 1.5707963267948966, 1.5707963267948966, 1.5707963267948966, 1.5707963267948966},
    aziExtWalls = {-0.5439697811941129, -2.095626025571561, 0.0, 1.030678130233289, 2.626660121543646, 1.0306384305402927, 1.0306781301888022},
    wfWall = {0.07604168061225812, 0.297197199615903, 0.24666530954060997, 0.060634711510756174, 0.08061044973545116, 0.006207886004035766, 0.23264276298098566},
    wfWin = {0.10094010215550712, 0.3945088463066391, 0.0, 0.08048841010332423, 0.1070048290040835, 0.008240541797232442, 0.3088172706332137},
    wfGro = 0,
    nrPeople = 0.43835605371093755,
    ratioConvectiveHeatPeople = 0.5,
    nrPeopleMachines = 21.917802685546878,
    ratioConvectiveHeatMachines = 0.75,
    lightingPower = 7.1,
    ratioConvectiveHeatLighting = 0.9,
    useConstantACHrate = false,
    baseACH = 0.2,
    maxUserACH = 1.0,
    maxOverheatingACH = {3.0, 2.0},
    maxSummerACH = {1.0, 283.15, 290.15},
    winterReduction = {0.2, 273.15, 283.15},
    withAHU = false,
    minAHU = 0.0,
    maxAHU = 130.0,
    hHeat = 2223.43284845859,
    lHeat = 0,
    KRHeat = 10000,
    TNHeat = 1,
    HeaterOn = true,
    hCool = 0,
    lCool = 0.0,
    KRCool = 10000,
    TNCool = 1,
    CoolerOn = false);
end Inffeldgasse25A_11_ICT;
