 
within Inffeldgasse.Inffeldgasse25A_11.Inffeldgasse25A_11_DataBase;
record Inffeldgasse25A_11_Meeting "Inffeldgasse25A_11_Meeting"
  extends AixLib.DataBase.ThermalZones.ZoneBaseRecord(
    T_start = 293.15,
    withAirCap = true,
    VAir = 257.3452535200998,
    AZone = 22.33585341796875,
    alphaRad = 5.0,
    lat = 0.88645272708792,
    nOrientations = 7,
    AWin = {0.4747891143996057, 1.8556401446094648, 0.0, 0.37859106674487003, 0.5033155991962529, 0.03876080426442748, 1.4525750945779818},
    ATransparent = {0.4747891143996057, 1.8556401446094648, 0.0, 0.37859106674487003, 0.5033155991962529, 0.03876080426442748, 1.4525750945779818},
    alphaWin = 2.6999999999999997,
    RWin = 0.03471018222330126,
    gWin = 0.7799999999999999,
    UWin= 3.001782134105591,
    ratioWinConRad = 0.03,
    AExt = {5.941279999108579, 23.22057802578871, 22.33585341796875, 4.737504429807427, 6.2982465521044615, 0.48503384795756566, 18.17681807539475},
    alphaExt = 2.4249120396011734,
    nExt = 1,
    RExt = {0.0003209278855439378},
    RExtRem = 0.011005377982266949 ,
    CExt = {32735679.79537302},
    AInt = 514.6905070401996,
    alphaInt = 2.7,
    nInt = 1,
    RInt = {4.0100350156155684e-05},
    CInt = {57307493.43049536},
    AFloor = 0.0,
    alphaFloor = 0.0,
    nFloor = 1,
    RFloor = {0.00001},
    RFloorRem =  0.00001,
    CFloor = {0.00001},
    ARoof = 0.0,
    alphaRoof = 0.0,
    nRoof = 1,
    RRoof = {0.00001},
    RRoofRem = 0.00001,
    CRoof = {0.00001},
    nOrientationsRoof = 1,
    tiltRoof = {0.0},
    aziRoof = {0.0},
    wfRoof = {0.0},
    aRoof = 0.0,
    aExt = 0.5,
    TSoil = 286.15,
    alphaWallOut = 20.0,
    alphaRadWall = 5.0,
    alphaWinOut = 19.999999999999996,
    alphaRoofOut = 0.0,
    alphaRadRoof = 0.0,
    tiltExtWalls = {1.5707963267948966, 1.5707963267948966, 0.0, 1.5707963267948966, 1.5707963267948966, 1.5707963267948966, 1.5707963267948966},
    aziExtWalls = {-0.5439697811941129, -2.095626025571561, 0.0, 1.030678130233289, 2.626660121543646, 1.0306384305402927, 1.0306781301888022},
    wfWall = {0.07604168061225813, 0.297197199615903, 0.24666530954061, 0.06063471151075619, 0.08061044973545115, 0.006207886004035767, 0.2326427629809857},
    wfWin = {0.1009401021555071, 0.3945088463066391, 0.0, 0.08048841010332422, 0.1070048290040835, 0.008240541797232439, 0.3088172706332136},
    wfGro = 0,
    nrPeople = 5.3606048203125,
    ratioConvectiveHeatPeople = 0.5,
    nrPeopleMachines = 0.446717068359375,
    ratioConvectiveHeatMachines = 0.75,
    lightingPower = 15.9,
    ratioConvectiveHeatLighting = 0.9,
    useConstantACHrate = false,
    baseACH = 0.2,
    maxUserACH = 1.0,
    maxOverheatingACH = {3.0, 2.0},
    maxSummerACH = {1.0, 283.15, 290.15},
    winterReduction = {0.2, 273.15, 283.15},
    withAHU = false,
    minAHU = 0.0,
    maxAHU = 12.0,
    hHeat = 3398.7624740743017,
    lHeat = 0,
    KRHeat = 10000,
    TNHeat = 1,
    HeaterOn = true,
    hCool = 0,
    lCool = 0.0,
    KRCool = 10000,
    TNCool = 1,
    CoolerOn = false);
end Inffeldgasse25A_11_Meeting;
