 
within Inffeldgasse.Inffeldgasse25A_11.Inffeldgasse25A_11_DataBase;
record Inffeldgasse25A_11_Floor "Inffeldgasse25A_11_Floor"
  extends AixLib.DataBase.ThermalZones.ZoneBaseRecord(
    T_start = 293.15,
    withAirCap = true,
    VAir = 1235.3489620848998,
    AZone = 107.22005927734375,
    alphaRad = 4.999999999999999,
    lat = 0.88645272708792,
    nOrientations = 7,
    AWin = {2.279157014399533, 8.907734241414062, 0.0, 1.8173720904526471, 2.4160943112932425, 0.1860656789377954, 6.972878306057941},
    ATransparent = {2.279157014399533, 8.907734241414062, 0.0, 1.8173720904526471, 2.4160943112932425, 0.1860656789377954, 6.972878306057941},
    alphaWin = 2.6999999999999997,
    RWin = 0.007230750919893058,
    gWin = 0.7800000000000001,
    UWin= 3.0017821341055915,
    ratioWinConRad = 0.029999999999999995,
    AExt = {28.52026209910767, 111.46705280472193, 107.22005927734375, 22.741710212961504, 30.233828814291115, 2.32833538778917, 87.25520691094128},
    alphaExt = 2.424912039601173,
    nExt = 1,
    RExt = {6.68550106907349e-05},
    RExtRem = 0.0022926168020986843 ,
    CExt = {157142933.4918709},
    AInt = 8029.768253551849,
    alphaInt = 2.7000000000000006,
    nInt = 1,
    RInt = {2.57034436146172e-06},
    CInt = {894063296.5722871},
    AFloor = 0.0,
    alphaFloor = 0.0,
    nFloor = 1,
    RFloor = {0.00001},
    RFloorRem =  0.00001,
    CFloor = {0.00001},
    ARoof = 0.0,
    alphaRoof = 0.0,
    nRoof = 1,
    RRoof = {0.00001},
    RRoofRem = 0.00001,
    CRoof = {0.00001},
    nOrientationsRoof = 1,
    tiltRoof = {0.0},
    aziRoof = {0.0},
    wfRoof = {0.0},
    aRoof = 0.0,
    aExt = 0.5,
    TSoil = 286.15,
    alphaWallOut = 20.0,
    alphaRadWall = 5.0,
    alphaWinOut = 19.999999999999996,
    alphaRoofOut = 0.0,
    alphaRadRoof = 0.0,
    tiltExtWalls = {1.5707963267948966, 1.5707963267948966, 0.0, 1.5707963267948966, 1.5707963267948966, 1.5707963267948966, 1.5707963267948966},
    aziExtWalls = {-0.5439697811941129, -2.095626025571561, 0.0, 1.030678130233289, 2.626660121543646, 1.0306384305402927, 1.0306781301888022},
    wfWall = {0.07604168061225813, 0.2971971996159031, 0.24666530954060994, 0.060634711510756195, 0.08061044973545119, 0.0062078860040357675, 0.23264276298098568},
    wfWin = {0.10094010215550707, 0.39450884630663907, 0.0, 0.08048841010332425, 0.10700482900408345, 0.00824054179723244, 0.30881727063321357},
    wfGro = 0,
    nrPeople = 0.0,
    ratioConvectiveHeatPeople = 0.5,
    nrPeopleMachines = 0.0,
    ratioConvectiveHeatMachines = 0.75,
    lightingPower = 7.0,
    ratioConvectiveHeatLighting = 0.9,
    useConstantACHrate = false,
    baseACH = 0.2,
    maxUserACH = 1.0,
    maxOverheatingACH = {3.0, 2.0},
    maxSummerACH = {1.0, 283.15, 290.15},
    winterReduction = {0.2, 273.15, 283.15},
    withAHU = false,
    minAHU = 0.0,
    maxAHU = 2.0,
    hHeat = 16315.271555583056,
    lHeat = 0,
    KRHeat = 10000,
    TNHeat = 1,
    HeaterOn = true,
    hCool = 0,
    lCool = 0.0,
    KRCool = 10000,
    TNCool = 1,
    CoolerOn = false);
end Inffeldgasse25A_11_Floor;
