 
within Inffeldgasse.Inffeldgasse25A_11.Inffeldgasse25A_11_DataBase;
record Inffeldgasse25A_11_Meeting "Inffeldgasse25A_11_Meeting"
  extends AixLib.DataBase.ThermalZones.ZoneBaseRecord(
    T_start = 293.15,
    withAirCap = true,
    VAir = 91.74518842071295,
    AZone = 7.9628710937500005,
    alphaRad = 5.0,
    lat = 0.88645272708792,
    nOrientations = 7,
    AWin = {0.1692652814258844, 0.6615472886308253, 0.0, 0.13497007727089844, 0.17943515122861065, 0.01381846854346791, 0.5178520836285141},
    ATransparent = {0.1692652814258844, 0.6615472886308253, 0.0, 0.13497007727089844, 0.17943515122861065, 0.01381846854346791, 0.5178520836285141},
    alphaWin = 2.6999999999999997,
    RWin = 0.09736206113636002,
    gWin = 0.78,
    UWin= 3.001782134105592,
    ratioWinConRad = 0.03,
    AExt = {2.1181033864914722, 8.27828093611006, 7.9628710937500005, 1.6889498858493506, 2.2453641896985603, 0.17291759285474714, 6.480149046486542},
    alphaExt = 2.4249120396011734,
    nExt = 1,
    RExt = {0.0009002027189507449},
    RExtRem = 0.030870085240258787 ,
    CExt = {11670474.08034689},
    AInt = 137.61778263106942,
    alphaInt = 2.7,
    nInt = 1,
    RInt = {0.00014997530958402224},
    CInt = {15322859.206014806},
    AFloor = 0.0,
    alphaFloor = 0.0,
    nFloor = 1,
    RFloor = {0.00001},
    RFloorRem =  0.00001,
    CFloor = {0.00001},
    ARoof = 0.0,
    alphaRoof = 0.0,
    nRoof = 1,
    RRoof = {0.00001},
    RRoofRem = 0.00001,
    CRoof = {0.00001},
    nOrientationsRoof = 1,
    tiltRoof = {0.0},
    aziRoof = {0.0},
    wfRoof = {0.0},
    aRoof = 0.0,
    aExt = 0.5,
    TSoil = 286.15,
    alphaWallOut = 20.0,
    alphaRadWall = 4.999999999999999,
    alphaWinOut = 19.999999999999996,
    alphaRoofOut = 0.0,
    alphaRadRoof = 0.0,
    tiltExtWalls = {1.5707963267948966, 1.5707963267948966, 0.0, 1.5707963267948966, 1.5707963267948966, 1.5707963267948966, 1.5707963267948966},
    aziExtWalls = {-0.5439697811941129, -2.095626025571561, 0.0, 1.030678130233289, 2.626660121543646, 1.0306384305402927, 1.0306781301888022},
    wfWall = {0.07604168061225813, 0.2971971996159031, 0.24666530954061, 0.060634711510756195, 0.08061044973545115, 0.006207886004035767, 0.23264276298098566},
    wfWin = {0.10094010215550707, 0.39450884630663907, 0.0, 0.08048841010332423, 0.10700482900408344, 0.008240541797232437, 0.30881727063321357},
    wfGro = 0,
    nrPeople = 1.9110890624999999,
    ratioConvectiveHeatPeople = 0.5,
    nrPeopleMachines = 0.159257421875,
    ratioConvectiveHeatMachines = 0.75,
    lightingPower = 15.9,
    ratioConvectiveHeatLighting = 0.9,
    useConstantACHrate = false,
    baseACH = 0.2,
    maxUserACH = 1.0,
    maxOverheatingACH = {3.0, 2.0},
    maxSummerACH = {1.0, 283.15, 290.15},
    winterReduction = {0.2, 273.15, 283.15},
    withAHU = false,
    minAHU = 0.0,
    maxAHU = 12.0,
    hHeat = 1211.680026407951,
    lHeat = 0,
    KRHeat = 10000,
    TNHeat = 1,
    HeaterOn = true,
    hCool = 0,
    lCool = 0.0,
    KRCool = 10000,
    TNCool = 1,
    CoolerOn = false);
end Inffeldgasse25A_11_Meeting;
