 
within Inffeldgasse.Inffeldgasse24_1.Inffeldgasse24_1_DataBase;
record Inffeldgasse24_1_Floor "Inffeldgasse24_1_Floor"
  extends AixLib.DataBase.ThermalZones.ZoneBaseRecord(
    T_start = 293.15,
    withAirCap = true,
    VAir = 6662.607109692389,
    AZone = 515.2904281738281,
    alphaRad = 5.0,
    lat = 0.88645272708792,
    nOrientations = 11,
    AWin = {13.21704987170936, 2.4272998129680894, 1.3790817025888475, 2.4619696778403792, 2.1748941484447237, 0.0, 2.4770739883882666, 13.173507354316069, 5.704634539410765, 5.896845573038269, 5.657277953382186},
    ATransparent = {13.21704987170936, 2.4272998129680894, 1.3790817025888475, 2.4619696778403792, 2.1748941484447237, 0.0, 2.4770739883882666, 13.173507354316069, 5.704634539410765, 5.896845573038269, 5.657277953382186},
    alphaWin = 2.7000000000000006,
    RWin = 0.006564254235979366,
    gWin = 0.6700000000000002,
    UWin= 1.8936557576825388,
    ratioWinConRad = 0.030000000000000002,
    AExt = {165.39173217841713, 30.374049010925013, 17.257157521584773, 30.8078908335161, 27.21556731702452, 515.2904281738281, 30.99689882766939, 164.84686229860384, 71.38502139857255, 73.79025676531674, 70.79242411935006},
    alphaExt = 2.269927668266611,
    nExt = 1,
    RExt = {2.1812150296295744e-05},
    RExtRem = 0.0015502196302448863 ,
    CExt = {475397370.0239713},
    AInt = 43306.94621300053,
    alphaInt = 2.7,
    nInt = 1,
    RInt = {2.853735772148304e-06},
    CInt = {2500937964.4113135},
    AFloor = 0.0,
    alphaFloor = 0.0,
    nFloor = 1,
    RFloor = {0.00001},
    RFloorRem =  0.00001,
    CFloor = {0.00001},
    ARoof = 0.0,
    alphaRoof = 0.0,
    nRoof = 1,
    RRoof = {0.00001},
    RRoofRem = 0.00001,
    CRoof = {0.00001},
    nOrientationsRoof = 1,
    tiltRoof = {0.0},
    aziRoof = {0.0},
    wfRoof = {0.0},
    aRoof = 0.0,
    aExt = 0.5,
    TSoil = 286.15,
    alphaWallOut = 20.0,
    alphaRadWall = 4.999999999999998,
    alphaWinOut = 20.0,
    alphaRoofOut = 0.0,
    alphaRadRoof = 0.0,
    tiltExtWalls = {1.5707963267948966, 1.5707963267948966, 1.5707963267948966, 1.5707963267948966, 1.5707963267948966, 0.0, 1.5707963267948966, 1.5707963267948966, 1.5707963267948966, 1.5707963267948966, 1.5707963267948966},
    aziExtWalls = {2.618357654299074, 2.6183576543440927, -2.095011044687597, -2.095011044710169, -2.0950110447304984, 0.0, -0.5176491093927049, -0.5176491093656165, -0.517649109367318, 1.055593021076617, 2.6183576542917195},
    wfWall = {0.1420429275461997, 0.026086061171965602, 0.014820917244203693, 0.02645865635408958, 0.023373471005011342, 0.413543057483733, 0.02662098157110954, 0.14157497844232955, 0.06130740206205147, 0.0633730837526057, 0.06079846336670079},
    wfWin = {0.24220521107098966, 0.04448077817962234, 0.025271961451445505, 0.04511611072513762, 0.03985539143713524, 0.0, 0.04539290038393761, 0.2414072853070582, 0.104538624436782, 0.10806093194275358, 0.10367080506513805},
    wfGro = 0,
    nrPeople = 0.0,
    ratioConvectiveHeatPeople = 0.5,
    nrPeopleMachines = 0.0,
    ratioConvectiveHeatMachines = 0.75,
    lightingPower = 7.0,
    ratioConvectiveHeatLighting = 0.9,
    useConstantACHrate = false,
    baseACH = 0.2,
    maxUserACH = 1.0,
    maxOverheatingACH = {3.0, 2.0},
    maxSummerACH = {1.0, 283.15, 290.15},
    winterReduction = {0.2, 273.15, 283.15},
    withAHU = false,
    minAHU = 0.0,
    maxAHU = 2.0,
    hHeat = 36742.42396654367,
    lHeat = 0,
    KRHeat = 10000,
    TNHeat = 1,
    HeaterOn = true,
    hCool = 0,
    lCool = 0.0,
    KRCool = 10000,
    TNCool = 1,
    CoolerOn = false);
end Inffeldgasse24_1_Floor;
