 
within Inffeldgasse.Inffeldgasse24_1.Inffeldgasse24_1_DataBase;
record Inffeldgasse24_1_ICT "Inffeldgasse24_1_ICT"
  extends AixLib.DataBase.ThermalZones.ZoneBaseRecord(
    T_start = 293.15,
    withAirCap = true,
    VAir = 907.9750498541058,
    AZone = 70.22338920898439,
    alphaRad = 5.0,
    lat = 0.88645272708792,
    nOrientations = 11,
    AWin = {1.8012095443436078, 0.33079057978436277, 0.1879402097475333, 0.3355153627060599, 0.29639292702533004, 0.0, 0.3375737667057163, 1.795275603057556, 0.7774232736590239, 0.803617647718175, 0.7709695539885862},
    ATransparent = {1.8012095443436078, 0.33079057978436277, 0.1879402097475333, 0.3355153627060599, 0.29639292702533004, 0.0, 0.3375737667057163, 1.795275603057556, 0.7774232736590239, 0.803617647718175, 0.7709695539885862},
    alphaWin = 2.6999999999999997,
    RWin = 0.04816767481605567,
    gWin = 0.67,
    UWin= 1.8936557576825386,
    ratioWinConRad = 0.03,
    AExt = {22.53945997381326, 4.139352390274594, 2.351792354408323, 4.198476025213669, 3.7089168976412923, 70.22338920898439, 4.224233891479639, 22.465205519341858, 9.72829664065211, 10.056080294419328, 9.64753793234366},
    alphaExt = 2.269927668266611,
    nExt = 1,
    RExt = {0.00016005482492622466},
    RExtRem = 0.011375317341279232 ,
    CExt = {64786793.46409112},
    AInt = 907.9750498541058,
    alphaInt = 2.6999999999999997,
    nInt = 1,
    RInt = {0.0001361123101459673},
    CInt = {52434758.65857077},
    AFloor = 0.0,
    alphaFloor = 0.0,
    nFloor = 1,
    RFloor = {0.00001},
    RFloorRem =  0.00001,
    CFloor = {0.00001},
    ARoof = 0.0,
    alphaRoof = 0.0,
    nRoof = 1,
    RRoof = {0.00001},
    RRoofRem = 0.00001,
    CRoof = {0.00001},
    nOrientationsRoof = 1,
    tiltRoof = {0.0},
    aziRoof = {0.0},
    wfRoof = {0.0},
    aRoof = 0.0,
    aExt = 0.5,
    TSoil = 286.15,
    alphaWallOut = 20.0,
    alphaRadWall = 4.999999999999999,
    alphaWinOut = 20.0,
    alphaRoofOut = 0.0,
    alphaRadRoof = 0.0,
    tiltExtWalls = {1.5707963267948966, 1.5707963267948966, 1.5707963267948966, 1.5707963267948966, 1.5707963267948966, 0.0, 1.5707963267948966, 1.5707963267948966, 1.5707963267948966, 1.5707963267948966, 1.5707963267948966},
    aziExtWalls = {2.618357654299074, 2.6183576543440927, -2.095011044687597, -2.095011044710169, -2.0950110447304984, 0.0, -0.5176491093927049, -0.5176491093656165, -0.517649109367318, 1.055593021076617, 2.6183576542917195},
    wfWall = {0.14204292754619974, 0.0260860611719656, 0.014820917244203693, 0.026458656354089578, 0.023373471005011345, 0.413543057483733, 0.026620981571109533, 0.14157497844232952, 0.061307402062051486, 0.0633730837526057, 0.06079846336670078},
    wfWin = {0.24220521107098972, 0.04448077817962234, 0.02527196145144551, 0.045116110725137624, 0.03985539143713525, 0.0, 0.04539290038393762, 0.24140728530705824, 0.10453862443678197, 0.10806093194275358, 0.10367080506513805},
    wfGro = 0,
    nrPeople = 2.1067016762695316,
    ratioConvectiveHeatPeople = 0.5,
    nrPeopleMachines = 105.33508381347659,
    ratioConvectiveHeatMachines = 0.75,
    lightingPower = 7.1,
    ratioConvectiveHeatLighting = 0.9,
    useConstantACHrate = false,
    baseACH = 0.2,
    maxUserACH = 1.0,
    maxOverheatingACH = {3.0, 2.0},
    maxSummerACH = {1.0, 283.15, 290.15},
    winterReduction = {0.2, 273.15, 283.15},
    withAHU = false,
    minAHU = 0.0,
    maxAHU = 130.0,
    hHeat = 5007.229705058124,
    lHeat = 0,
    KRHeat = 10000,
    TNHeat = 1,
    HeaterOn = true,
    hCool = 0,
    lCool = 0.0,
    KRCool = 10000,
    TNCool = 1,
    CoolerOn = false);
end Inffeldgasse24_1_ICT;
