 
within Inffeldgasse.Inffeldgasse24_1.Inffeldgasse24_1_DataBase;
record Inffeldgasse24_1_Storage "Inffeldgasse24_1_Storage"
  extends AixLib.DataBase.ThermalZones.ZoneBaseRecord(
    T_start = 293.15,
    withAirCap = true,
    VAir = 22266.41811631322,
    AZone = 1722.099462890625,
    alphaRad = 4.999999999999999,
    lat = 0.88645272708792,
    nOrientations = 11,
    AWin = {44.17135122368519, 8.112030566918977, 4.608887977459943, 8.227897178077761, 7.268491398441333, 0.0, 8.278375750276421, 44.02583222756948, 19.064875920793497, 19.707244766930717, 18.906610315796385},
    ATransparent = {44.17135122368519, 8.112030566918977, 4.608887977459943, 8.227897178077761, 7.268491398441333, 0.0, 8.278375750276421, 44.02583222756948, 19.064875920793497, 19.707244766930717, 18.906610315796385},
    alphaWin = 2.6999999999999997,
    RWin = 0.0019641707397213817,
    gWin = 0.67,
    UWin= 1.8936557576825384,
    ratioWinConRad = 0.029999999999999992,
    AExt = {552.7388004477364, 101.5100041211753, 57.67338198821498, 102.95990252567579, 90.95436533725238, 1722.0994628906249, 103.59156682102656, 550.9178465233696, 238.5685824683078, 246.60687370510604, 236.58812368145212},
    alphaExt = 2.2699276682666114,
    nExt = 1,
    RExt = {6.5266800831027175e-06},
    RExtRem = 0.0004638601626943866 ,
    CExt = {1588776951.435477},
    AInt = 44532.83623262645,
    alphaInt = 2.7,
    nInt = 1,
    RInt = {2.7751787679761117e-06},
    CInt = {2571732032.3004746},
    AFloor = 0.0,
    alphaFloor = 0.0,
    nFloor = 1,
    RFloor = {0.00001},
    RFloorRem =  0.00001,
    CFloor = {0.00001},
    ARoof = 0.0,
    alphaRoof = 0.0,
    nRoof = 1,
    RRoof = {0.00001},
    RRoofRem = 0.00001,
    CRoof = {0.00001},
    nOrientationsRoof = 1,
    tiltRoof = {0.0},
    aziRoof = {0.0},
    wfRoof = {0.0},
    aRoof = 0.0,
    aExt = 0.5,
    TSoil = 286.15,
    alphaWallOut = 20.000000000000007,
    alphaRadWall = 5.0,
    alphaWinOut = 19.999999999999996,
    alphaRoofOut = 0.0,
    alphaRadRoof = 0.0,
    tiltExtWalls = {1.5707963267948966, 1.5707963267948966, 1.5707963267948966, 1.5707963267948966, 1.5707963267948966, 0.0, 1.5707963267948966, 1.5707963267948966, 1.5707963267948966, 1.5707963267948966, 1.5707963267948966},
    aziExtWalls = {2.618357654299074, 2.6183576543440927, -2.095011044687597, -2.095011044710169, -2.0950110447304984, 0.0, -0.5176491093927049, -0.5176491093656165, -0.517649109367318, 1.055593021076617, 2.6183576542917195},
    wfWall = {0.1420429275461997, 0.026086061171965602, 0.014820917244203697, 0.02645865635408958, 0.023373471005011345, 0.41354305748373305, 0.02662098157110954, 0.14157497844232952, 0.06130740206205148, 0.0633730837526057, 0.06079846336670079},
    wfWin = {0.2422052110709897, 0.044480778179622336, 0.025271961451445498, 0.04511611072513763, 0.03985539143713525, 0.0, 0.045392900383937625, 0.2414072853070582, 0.10453862443678201, 0.10806093194275362, 0.10367080506513805},
    wfGro = 0,
    nrPeople = 0.0,
    ratioConvectiveHeatPeople = 0.5,
    nrPeopleMachines = 0.0,
    ratioConvectiveHeatMachines = 0.75,
    lightingPower = 11.3,
    ratioConvectiveHeatLighting = 0.9,
    useConstantACHrate = false,
    baseACH = 0.2,
    maxUserACH = 1.0,
    maxOverheatingACH = {3.0, 2.0},
    maxSummerACH = {1.0, 283.15, 290.15},
    winterReduction = {0.2, 273.15, 283.15},
    withAHU = false,
    minAHU = 0.0,
    maxAHU = 0.5,
    hHeat = 122793.09903412292,
    lHeat = 0,
    KRHeat = 10000,
    TNHeat = 1,
    HeaterOn = true,
    hCool = 0,
    lCool = 0.0,
    KRCool = 10000,
    TNCool = 1,
    CoolerOn = false);
end Inffeldgasse24_1_Storage;
