 
within Inffeldgasse.Inffeldgasse24_1.Inffeldgasse24_1_DataBase;
record Inffeldgasse24_1_Restroom "Inffeldgasse24_1_Restroom"
  extends AixLib.DataBase.ThermalZones.ZoneBaseRecord(
    T_start = 293.15,
    withAirCap = true,
    VAir = 727.3696584662318,
    AZone = 56.25524912109375,
    alphaRad = 5.000000000000001,
    lat = 0.88645272708792,
    nOrientations = 11,
    AWin = {1.4429308066403832, 0.26499299851935326, 0.1505570072636915, 0.2687779744838735, 0.23743738568241693, 0.0, 0.2704269411756964, 1.4381771861006032, 0.6227859467459209, 0.6437699957197368, 0.617615936982682},
    ATransparent = {1.4429308066403832, 0.26499299851935326, 0.1505570072636915, 0.2687779744838735, 0.23743738568241693, 0.0, 0.2704269411756964, 1.4381771861006032, 0.6227859467459209, 0.6437699957197368, 0.617615936982682},
    alphaWin = 2.6999999999999997,
    RWin = 0.06012767570575656,
    gWin = 0.67,
    UWin= 1.8936557576825384,
    ratioWinConRad = 0.029999999999999992,
    AExt = {18.05613414795939, 3.3159934679583936, 1.8839971449483561, 3.3633568158387424, 2.9711759343502444, 56.25524912109375, 3.3839911828202007, 17.996649653096743, 7.793240360631389, 8.055824541033465, 7.728545373594102},
    alphaExt = 2.2699276682666114,
    nExt = 1,
    RExt = {0.00019979632907457303},
    RExtRem = 0.01419980089880775 ,
    CExt = {51900047.08022558},
    AInt = 1818.4241461655795,
    alphaInt = 2.7,
    nInt = 1,
    RInt = {6.79635616647211e-05},
    CInt = {105012391.31893599},
    AFloor = 0.0,
    alphaFloor = 0.0,
    nFloor = 1,
    RFloor = {0.00001},
    RFloorRem =  0.00001,
    CFloor = {0.00001},
    ARoof = 0.0,
    alphaRoof = 0.0,
    nRoof = 1,
    RRoof = {0.00001},
    RRoofRem = 0.00001,
    CRoof = {0.00001},
    nOrientationsRoof = 1,
    tiltRoof = {0.0},
    aziRoof = {0.0},
    wfRoof = {0.0},
    aRoof = 0.0,
    aExt = 0.5,
    TSoil = 286.15,
    alphaWallOut = 20.0,
    alphaRadWall = 5.000000000000001,
    alphaWinOut = 20.0,
    alphaRoofOut = 0.0,
    alphaRadRoof = 0.0,
    tiltExtWalls = {1.5707963267948966, 1.5707963267948966, 1.5707963267948966, 1.5707963267948966, 1.5707963267948966, 0.0, 1.5707963267948966, 1.5707963267948966, 1.5707963267948966, 1.5707963267948966, 1.5707963267948966},
    aziExtWalls = {2.618357654299074, 2.6183576543440927, -2.095011044687597, -2.095011044710169, -2.0950110447304984, 0.0, -0.5176491093927049, -0.5176491093656165, -0.517649109367318, 1.055593021076617, 2.6183576542917195},
    wfWall = {0.1420429275461997, 0.026086061171965602, 0.014820917244203693, 0.026458656354089578, 0.023373471005011342, 0.41354305748373305, 0.026620981571109533, 0.14157497844232955, 0.06130740206205148, 0.06337308375260568, 0.060798463366700785},
    wfWin = {0.24220521107098972, 0.044480778179622336, 0.0252719614514455, 0.04511611072513762, 0.03985539143713525, 0.0, 0.04539290038393761, 0.24140728530705824, 0.10453862443678201, 0.10806093194275357, 0.10367080506513807},
    wfGro = 0,
    nrPeople = 0.0,
    ratioConvectiveHeatPeople = 0.5,
    nrPeopleMachines = 0.0,
    ratioConvectiveHeatMachines = 0.75,
    lightingPower = 11.1,
    ratioConvectiveHeatLighting = 0.9,
    useConstantACHrate = false,
    baseACH = 0.2,
    maxUserACH = 1.0,
    maxOverheatingACH = {3.0, 2.0},
    maxSummerACH = {1.0, 283.15, 290.15},
    winterReduction = {0.2, 273.15, 283.15},
    withAHU = false,
    minAHU = 0.0,
    maxAHU = 8.0,
    hHeat = 4011.2412351146822,
    lHeat = 0,
    KRHeat = 10000,
    TNHeat = 1,
    HeaterOn = true,
    hCool = 0,
    lCool = 0.0,
    KRCool = 10000,
    TNCool = 1,
    CoolerOn = false);
end Inffeldgasse24_1_Restroom;
