 
within Inffeldgasse.Inffeldgasse24_1.Inffeldgasse24_1_DataBase;
record Inffeldgasse24_1_Office "Inffeldgasse24_1_Office"
  extends AixLib.DataBase.ThermalZones.ZoneBaseRecord(
    T_start = 293.15,
    withAirCap = true,
    VAir = 8114.872380167485,
    AZone = 627.60958203125,
    alphaRad = 5.0,
    lat = 0.88645272708792,
    nOrientations = 11,
    AWin = {16.098003557076385, 2.9563844732771387, 1.6796836184520687, 2.9986114160105624, 2.6489613096541755, 0.0, 3.0170080512118513, 16.04496996738088, 6.948088113355853, 7.182195870614751, 6.890409092868018},
    ATransparent = {16.098003557076385, 2.9563844732771387, 1.6796836184520687, 2.9986114160105624, 2.6489613096541755, 0.0, 3.0170080512118513, 16.04496996738088, 6.948088113355853, 7.182195870614751, 6.890409092868018},
    alphaWin = 2.700000000000001,
    RWin = 0.005389492883381839,
    gWin = 0.6700000000000002,
    UWin= 1.8936557576825386,
    ratioWinConRad = 0.030000000000000002,
    AExt = {201.44258505206398, 36.99475705749501, 21.018743657927242, 37.52316447602407, 33.147813145131984, 627.60958203125, 37.75337101921857, 200.77894851073918, 86.94499449956109, 89.87450508363867, 86.22322729724034},
    alphaExt = 2.2699276682666114,
    nExt = 1,
    RExt = {1.7908573398757453e-05},
    RExtRem = 0.0012727870317833776 ,
    CExt = {579020933.4120407},
    AInt = 28402.053330586197,
    alphaInt = 2.6999999999999997,
    nInt = 1,
    RInt = {4.3513255943876315e-06},
    CInt = {1640193540.6005244},
    AFloor = 0.0,
    alphaFloor = 0.0,
    nFloor = 1,
    RFloor = {0.00001},
    RFloorRem =  0.00001,
    CFloor = {0.00001},
    ARoof = 0.0,
    alphaRoof = 0.0,
    nRoof = 1,
    RRoof = {0.00001},
    RRoofRem = 0.00001,
    CRoof = {0.00001},
    nOrientationsRoof = 1,
    tiltRoof = {0.0},
    aziRoof = {0.0},
    wfRoof = {0.0},
    aRoof = 0.0,
    aExt = 0.5,
    TSoil = 286.15,
    alphaWallOut = 20.000000000000007,
    alphaRadWall = 5.000000000000001,
    alphaWinOut = 20.0,
    alphaRoofOut = 0.0,
    alphaRadRoof = 0.0,
    tiltExtWalls = {1.5707963267948966, 1.5707963267948966, 1.5707963267948966, 1.5707963267948966, 1.5707963267948966, 0.0, 1.5707963267948966, 1.5707963267948966, 1.5707963267948966, 1.5707963267948966, 1.5707963267948966},
    aziExtWalls = {2.618357654299074, 2.6183576543440927, -2.095011044687597, -2.095011044710169, -2.0950110447304984, 0.0, -0.5176491093927049, -0.5176491093656165, -0.517649109367318, 1.055593021076617, 2.6183576542917195},
    wfWall = {0.1420429275461997, 0.0260860611719656, 0.01482091724420369, 0.026458656354089578, 0.023373471005011345, 0.41354305748373305, 0.026620981571109533, 0.14157497844232952, 0.061307402062051486, 0.06337308375260568, 0.060798463366700785},
    wfWin = {0.24220521107098977, 0.04448077817962234, 0.025271961451445512, 0.04511611072513764, 0.03985539143713525, 0.0, 0.04539290038393762, 0.2414072853070582, 0.10453862443678202, 0.10806093194275361, 0.10367080506513807},
    wfGro = 0,
    nrPeople = 31.3804791015625,
    ratioConvectiveHeatPeople = 0.5,
    nrPeopleMachines = 43.932670742187504,
    ratioConvectiveHeatMachines = 0.75,
    lightingPower = 12.5,
    ratioConvectiveHeatLighting = 0.9,
    useConstantACHrate = false,
    baseACH = 0.2,
    maxUserACH = 1.0,
    maxOverheatingACH = {3.0, 2.0},
    maxSummerACH = {1.0, 283.15, 290.15},
    winterReduction = {0.2, 273.15, 283.15},
    withAHU = false,
    minAHU = 0.0,
    maxAHU = 2.6,
    hHeat = 44751.26275910258,
    lHeat = 0,
    KRHeat = 10000,
    TNHeat = 1,
    HeaterOn = true,
    hCool = 0,
    lCool = 0.0,
    KRCool = 10000,
    TNCool = 1,
    CoolerOn = false);
end Inffeldgasse24_1_Office;
