 
within Inffeldgasse.Inffeldgasse24_1.Inffeldgasse24_1_DataBase;
record Inffeldgasse24_1_Laboratory "Inffeldgasse24_1_Laboratory"
  extends AixLib.DataBase.ThermalZones.ZoneBaseRecord(
    T_start = 293.15,
    withAirCap = true,
    VAir = 6375.617720637684,
    AZone = 493.0944795410156,
    alphaRad = 5.0,
    lat = 0.88645272708792,
    nOrientations = 11,
    AWin = {12.647730233715194, 2.3227447523278, 1.3196782575460304, 2.3559212253229322, 2.0812113704203687, 0.0, 2.3703749231624816, 12.606063294494062, 5.458909471987204, 5.642841084931161, 5.413592753756365},
    ATransparent = {12.647730233715194, 2.3227447523278, 1.3196782575460304, 2.3559212253229322, 2.0812113704203687, 0.0, 2.3703749231624816, 12.606063294494062, 5.458909471987204, 5.642841084931161, 5.413592753756365},
    alphaWin = 2.6999999999999997,
    RWin = 0.006859734830226013,
    gWin = 0.6699999999999999,
    UWin= 1.8936557576825381,
    ratioWinConRad = 0.03,
    AExt = {158.26754319486852, 29.06569784669653, 16.513811709292224, 29.480852089851833, 26.043266608233264, 493.0944795410156, 29.66171863308727, 157.74614338785815, 68.3101374467588, 70.61176817089536, 67.74306608078912},
    alphaExt = 2.2699276682666114,
    nExt = 1,
    RExt = {2.2793993305364552e-05},
    RExtRem = 0.0016200005681992545 ,
    CExt = {454919800.42769164},
    AInt = 3187.808860318842,
    alphaInt = 2.7,
    nInt = 1,
    RInt = {3.876850432562671e-05},
    CInt = {199132406.80073112},
    AFloor = 0.0,
    alphaFloor = 0.0,
    nFloor = 1,
    RFloor = {0.00001},
    RFloorRem =  0.00001,
    CFloor = {0.00001},
    ARoof = 0.0,
    alphaRoof = 0.0,
    nRoof = 1,
    RRoof = {0.00001},
    RRoofRem = 0.00001,
    CRoof = {0.00001},
    nOrientationsRoof = 1,
    tiltRoof = {0.0},
    aziRoof = {0.0},
    wfRoof = {0.0},
    aRoof = 0.0,
    aExt = 0.5,
    TSoil = 286.15,
    alphaWallOut = 20.000000000000007,
    alphaRadWall = 5.0,
    alphaWinOut = 19.999999999999996,
    alphaRoofOut = 0.0,
    alphaRadRoof = 0.0,
    tiltExtWalls = {1.5707963267948966, 1.5707963267948966, 1.5707963267948966, 1.5707963267948966, 1.5707963267948966, 0.0, 1.5707963267948966, 1.5707963267948966, 1.5707963267948966, 1.5707963267948966, 1.5707963267948966},
    aziExtWalls = {2.618357654299074, 2.6183576543440927, -2.095011044687597, -2.095011044710169, -2.0950110447304984, 0.0, -0.5176491093927049, -0.5176491093656165, -0.517649109367318, 1.055593021076617, 2.6183576542917195},
    wfWall = {0.14204292754619977, 0.026086061171965602, 0.014820917244203695, 0.026458656354089578, 0.02337347100501135, 0.41354305748373305, 0.02662098157110954, 0.14157497844232952, 0.06130740206205149, 0.0633730837526057, 0.06079846336670079},
    wfWin = {0.2422052110709897, 0.04448077817962234, 0.0252719614514455, 0.04511611072513763, 0.03985539143713525, 0.0, 0.04539290038393762, 0.24140728530705824, 0.10453862443678201, 0.10806093194275357, 0.10367080506513807},
    wfGro = 0,
    nrPeople = 29.585668772460934,
    ratioConvectiveHeatPeople = 0.5,
    nrPeopleMachines = 88.7570063173828,
    ratioConvectiveHeatMachines = 0.75,
    lightingPower = 14.0,
    ratioConvectiveHeatLighting = 0.9,
    useConstantACHrate = false,
    baseACH = 0.2,
    maxUserACH = 1.0,
    maxOverheatingACH = {3.0, 2.0},
    maxSummerACH = {1.0, 283.15, 290.15},
    winterReduction = {0.2, 273.15, 283.15},
    withAHU = false,
    minAHU = 24.0,
    maxAHU = 48.0,
    hHeat = 35159.757356770526,
    lHeat = 0,
    KRHeat = 10000,
    TNHeat = 1,
    HeaterOn = true,
    hCool = 0,
    lCool = 0.0,
    KRCool = 10000,
    TNCool = 1,
    CoolerOn = false);
end Inffeldgasse24_1_Laboratory;
