 
within Inffeldgasse.Inffeldgasse24_1.Inffeldgasse24_1_DataBase;
record Inffeldgasse24_1_Meeting "Inffeldgasse24_1_Meeting"
  extends AixLib.DataBase.ThermalZones.ZoneBaseRecord(
    T_start = 293.15,
    withAirCap = true,
    VAir = 1387.940062583524,
    AZone = 107.34419985351562,
    alphaRad = 5.0,
    lat = 0.88645272708792,
    nOrientations = 11,
    AWin = {2.753347559609711, 0.5056499053379495, 0.28728735059500315, 0.5128722574335138, 0.45306929716950983, 0.0, 0.5160187551005635, 2.744276875518498, 1.1883772657294613, 1.2284182571386812, 1.1785120430179747},
    ATransparent = {2.753347559609711, 0.5056499053379495, 0.28728735059500315, 0.5128722574335138, 0.45306929716950983, 0.0, 0.5160187551005635, 2.744276875518498, 1.1883772657294613, 1.2284182571386812, 1.1785120430179747},
    alphaWin = 2.7,
    RWin = 0.03151076053028954,
    gWin = 0.67,
    UWin= 1.8936557576825384,
    ratioWinConRad = 0.030000000000000002,
    AExt = {34.45405189457557, 6.327456923553261, 3.5949741439320673, 6.417833924100457, 5.669488772688732, 107.34419985351562, 6.4572076651773225, 34.34054576662337, 14.870774973857854, 15.371828460951612, 14.747326376143848},
    alphaExt = 2.2699276682666114,
    nExt = 1,
    RExt = {0.00010470609758988319},
    RExtRem = 0.007441606888145239 ,
    CExt = {99033763.30614473},
    AInt = 2775.8801251670475,
    alphaInt = 2.7,
    nInt = 1,
    RInt = {4.4521584512985745e-05},
    CInt = {160304630.0133962},
    AFloor = 0.0,
    alphaFloor = 0.0,
    nFloor = 1,
    RFloor = {0.00001},
    RFloorRem =  0.00001,
    CFloor = {0.00001},
    ARoof = 0.0,
    alphaRoof = 0.0,
    nRoof = 1,
    RRoof = {0.00001},
    RRoofRem = 0.00001,
    CRoof = {0.00001},
    nOrientationsRoof = 1,
    tiltRoof = {0.0},
    aziRoof = {0.0},
    wfRoof = {0.0},
    aRoof = 0.0,
    aExt = 0.5,
    TSoil = 286.15,
    alphaWallOut = 20.000000000000004,
    alphaRadWall = 5.000000000000001,
    alphaWinOut = 20.0,
    alphaRoofOut = 0.0,
    alphaRadRoof = 0.0,
    tiltExtWalls = {1.5707963267948966, 1.5707963267948966, 1.5707963267948966, 1.5707963267948966, 1.5707963267948966, 0.0, 1.5707963267948966, 1.5707963267948966, 1.5707963267948966, 1.5707963267948966, 1.5707963267948966},
    aziExtWalls = {2.618357654299074, 2.6183576543440927, -2.095011044687597, -2.095011044710169, -2.0950110447304984, 0.0, -0.5176491093927049, -0.5176491093656165, -0.517649109367318, 1.055593021076617, 2.6183576542917195},
    wfWall = {0.1420429275461997, 0.026086061171965606, 0.014820917244203693, 0.026458656354089574, 0.02337347100501135, 0.41354305748373305, 0.02662098157110954, 0.14157497844232952, 0.06130740206205149, 0.0633730837526057, 0.060798463366700785},
    wfWin = {0.24220521107098977, 0.04448077817962234, 0.025271961451445512, 0.045116110725137645, 0.039855391437135256, 0.0, 0.045392900383937625, 0.24140728530705827, 0.10453862443678202, 0.10806093194275358, 0.10367080506513808},
    wfGro = 0,
    nrPeople = 25.76260796484375,
    ratioConvectiveHeatPeople = 0.5,
    nrPeopleMachines = 2.1468839970703124,
    ratioConvectiveHeatMachines = 0.75,
    lightingPower = 15.9,
    ratioConvectiveHeatLighting = 0.9,
    useConstantACHrate = false,
    baseACH = 0.2,
    maxUserACH = 1.0,
    maxOverheatingACH = {3.0, 2.0},
    maxSummerACH = {1.0, 283.15, 290.15},
    winterReduction = {0.2, 273.15, 283.15},
    withAHU = false,
    minAHU = 0.0,
    maxAHU = 12.0,
    hHeat = 7654.103173126996,
    lHeat = 0,
    KRHeat = 10000,
    TNHeat = 1,
    HeaterOn = true,
    hCool = 0,
    lCool = 0.0,
    KRCool = 10000,
    TNCool = 1,
    CoolerOn = false);
end Inffeldgasse24_1_Meeting;
