 
within Inffeldgasse.Inffeldgasse24_1.Inffeldgasse24_1_DataBase;
record Inffeldgasse24_1_Storage "Inffeldgasse24_1_Storage"
  extends AixLib.DataBase.ThermalZones.ZoneBaseRecord(
    T_start = 293.15,
    withAirCap = true,
    VAir = 564.0825922799348,
    AZone = 43.6265197265625,
    alphaRad = 4.999999999999999,
    lat = 0.88645272708792,
    nOrientations = 11,
    AWin = {1.1190075643333584, 0.20550477436194742, 0.11675849542898524, 0.20844006184463665, 0.18413511542718047, 0.0, 0.20971885234033597, 1.115321083098427, 0.4829768566601019, 0.49925020076224486, 0.4789674613335085},
    ATransparent = {1.1190075643333584, 0.20550477436194742, 0.11675849542898524, 0.20844006184463665, 0.18413511542718047, 0.0, 0.20971885234033597, 1.115321083098427, 0.4829768566601019, 0.49925020076224486, 0.4789674613335085},
    alphaWin = 2.6999999999999993,
    RWin = 0.07753305551531768,
    gWin = 0.6700000000000002,
    UWin= 1.8936557576825381,
    ratioWinConRad = 0.029999999999999995,
    AExt = {14.002716278009324, 2.5715867710697746, 1.461059010368113, 2.6083175306504534, 2.304177255210394, 43.6265197265625, 2.6243196927993395, 13.956585445258698, 6.043737422530465, 6.247374133862687, 5.993565799930121},
    alphaExt = 2.2699276682666114,
    nExt = 1,
    RExt = {0.0002576321085435284},
    RExtRem = 0.018310269580041574 ,
    CExt = {40249016.103032075},
    AInt = 1410.2064806998371,
    alphaInt = 2.6999999999999997,
    nInt = 1,
    RInt = {8.763722425187721e-05},
    CInt = {81438181.02284832},
    AFloor = 0.0,
    alphaFloor = 0.0,
    nFloor = 1,
    RFloor = {0.00001},
    RFloorRem =  0.00001,
    CFloor = {0.00001},
    ARoof = 0.0,
    alphaRoof = 0.0,
    nRoof = 1,
    RRoof = {0.00001},
    RRoofRem = 0.00001,
    CRoof = {0.00001},
    nOrientationsRoof = 1,
    tiltRoof = {0.0},
    aziRoof = {0.0},
    wfRoof = {0.0},
    aRoof = 0.0,
    aExt = 0.5,
    TSoil = 286.15,
    alphaWallOut = 20.0,
    alphaRadWall = 4.999999999999999,
    alphaWinOut = 20.0,
    alphaRoofOut = 0.0,
    alphaRadRoof = 0.0,
    tiltExtWalls = {1.5707963267948966, 1.5707963267948966, 1.5707963267948966, 1.5707963267948966, 1.5707963267948966, 0.0, 1.5707963267948966, 1.5707963267948966, 1.5707963267948966, 1.5707963267948966, 1.5707963267948966},
    aziExtWalls = {2.618357654299074, 2.6183576543440927, -2.095011044687597, -2.095011044710169, -2.0950110447304984, 0.0, -0.5176491093927049, -0.5176491093656165, -0.517649109367318, 1.055593021076617, 2.6183576542917195},
    wfWall = {0.14204292754619977, 0.026086061171965602, 0.014820917244203693, 0.026458656354089574, 0.023373471005011345, 0.41354305748373305, 0.026620981571109533, 0.1415749784423295, 0.06130740206205148, 0.06337308375260568, 0.060798463366700785},
    wfWin = {0.24220521107098977, 0.04448077817962235, 0.025271961451445505, 0.04511611072513763, 0.03985539143713525, 0.0, 0.045392900383937625, 0.24140728530705827, 0.10453862443678201, 0.10806093194275361, 0.10367080506513807},
    wfGro = 0,
    nrPeople = 0.0,
    ratioConvectiveHeatPeople = 0.5,
    nrPeopleMachines = 0.0,
    ratioConvectiveHeatMachines = 0.75,
    lightingPower = 11.3,
    ratioConvectiveHeatLighting = 0.9,
    useConstantACHrate = false,
    baseACH = 0.2,
    maxUserACH = 1.0,
    maxOverheatingACH = {3.0, 2.0},
    maxSummerACH = {1.0, 283.15, 290.15},
    winterReduction = {0.2, 273.15, 283.15},
    withAHU = false,
    minAHU = 0.0,
    maxAHU = 0.5,
    hHeat = 3110.7585088644473,
    lHeat = 0,
    KRHeat = 10000,
    TNHeat = 1,
    HeaterOn = true,
    hCool = 0,
    lCool = 0.0,
    KRCool = 10000,
    TNCool = 1,
    CoolerOn = false);
end Inffeldgasse24_1_Storage;
