 
within Inffeldgasse.Inffeldgasse25B_6.Inffeldgasse25B_6_DataBase;
record Inffeldgasse25B_6_ICT "Inffeldgasse25B_6_ICT"
  extends AixLib.DataBase.ThermalZones.ZoneBaseRecord(
    T_start = 293.15,
    withAirCap = true,
    VAir = 17.354324340820316,
    AZone = 2.3139099121093754,
    alphaRad = 5.0,
    lat = 0.88645272708792,
    nOrientations = 8,
    AWin = {0.05675526025761765, 0.0621675115255373, 0.0, 0.0, 0.06663750885322922, 0.18297130432641082, 0.12101489766712718, 0.2470225145795115},
    ATransparent = {0.05675526025761765, 0.0621675115255373, 0.0, 0.0, 0.06663750885322922, 0.18297130432641082, 0.12101489766712718, 0.2470225145795115},
    alphaWin = 2.7,
    RWin = 0.22165650026134165,
    gWin = 0.7800000000000001,
    UWin= 3.0017821341055915,
    ratioWinConRad = 0.030000000000000002,
    AExt = {0.7102077161966751, 0.7779339955763181, 2.313909912109376, 2.313909912109376, 0.8338693675417604, 2.2896138892737357, 1.514321557294051, 3.0911195743328066},
    alphaExt = 2.3657379591657484,
    nExt = 1,
    RExt = {0.002097551306039795},
    RExtRem = 0.05838211802542272 ,
    CExt = {4924285.448418173},
    AInt = 17.354324340820316,
    alphaInt = 2.7,
    nInt = 1,
    RInt = {0.0011892868399269371},
    CInt = {1932292.9305058438},
    AFloor = 0.0,
    alphaFloor = 0.0,
    nFloor = 1,
    RFloor = {0.00001},
    RFloorRem =  0.00001,
    CFloor = {0.00001},
    ARoof = 0.0,
    alphaRoof = 0.0,
    nRoof = 1,
    RRoof = {0.00001},
    RRoofRem = 0.00001,
    CRoof = {0.00001},
    nOrientationsRoof = 1,
    tiltRoof = {0.0},
    aziRoof = {0.0},
    wfRoof = {0.0},
    aRoof = 0.0,
    aExt = 0.5,
    TSoil = 286.15,
    alphaWallOut = 19.999999999999996,
    alphaRadWall = 4.999999999999999,
    alphaWinOut = 20.000000000000004,
    alphaRoofOut = 0.0,
    alphaRadRoof = 0.0,
    tiltExtWalls = {1.5707963267948966, 1.5707963267948966, 0.0, 0.0, 1.5707963267948966, 1.5707963267948966, 1.5707963267948966, 1.5707963267948966},
    aziExtWalls = {-0.5485494023871503, -0.5270624030048108, 0.0, 0.0, 1.018737140556955, 1.0501341068750925, 2.625665717782264, -2.0913685216791946},
    wfWall = {0.049094248389814826, 0.0537759361644678, 0.13801475339483435, 0.0, 0.05764255853764354, 0.15827323532717902, 0.10467990839916108, 0.21367860236383038},
    wfWin = {0.0770535557057665, 0.08440147733758173, 0.0, 0.0, 0.09047015161606337, 0.24841027116212624, 0.1642953995153263, 0.33536914466313594},
    wfGro = 0.224840757423069,
    nrPeople = 0.06941729736328126,
    ratioConvectiveHeatPeople = 0.5,
    nrPeopleMachines = 3.470864868164063,
    ratioConvectiveHeatMachines = 0.75,
    lightingPower = 7.1,
    ratioConvectiveHeatLighting = 0.9,
    useConstantACHrate = false,
    baseACH = 0.2,
    maxUserACH = 1.0,
    maxOverheatingACH = {3.0, 2.0},
    maxSummerACH = {1.0, 283.15, 290.15},
    winterReduction = {0.2, 273.15, 283.15},
    withAHU = false,
    minAHU = 0.0,
    maxAHU = 130.0,
    hHeat = 471.72176634574134,
    lHeat = 0,
    KRHeat = 10000,
    TNHeat = 1,
    HeaterOn = true,
    hCool = 0,
    lCool = 0.0,
    KRCool = 10000,
    TNCool = 1,
    CoolerOn = false);
end Inffeldgasse25B_6_ICT;
