 
within Inffeldgasse.Inffeldgasse25B_6.Inffeldgasse25B_6_DataBase;
record Inffeldgasse25B_6_Laboratory "Inffeldgasse25B_6_Laboratory"
  extends AixLib.DataBase.ThermalZones.ZoneBaseRecord(
    T_start = 293.15,
    withAirCap = true,
    VAir = 121.85856628417967,
    AZone = 16.247808837890624,
    alphaRad = 4.999999999999999,
    lat = 0.88645272708792,
    nOrientations = 8,
    AWin = {0.3985239936890481, 0.4365277307937591, 0.0, 0.0, 0.4679151507214487, 1.2847876055835439, 0.849742210594514, 1.734542289022891},
    ATransparent = {0.3985239936890481, 0.4365277307937591, 0.0, 0.0, 0.4679151507214487, 1.2847876055835439, 0.849742210594514, 1.734542289022891},
    alphaWin = 2.6999999999999997,
    RWin = 0.03156691330846426,
    gWin = 0.7799999999999999,
    UWin= 3.001782134105591,
    ratioWinConRad = 0.03,
    AExt = {4.986935380487279, 5.462495658311094, 16.247808837890627, 16.247808837890627, 5.855262561730561, 16.07720706446435, 10.633260635277297, 21.70521837344861},
    alphaExt = 2.3657379591657484,
    nExt = 1,
    RExt = {0.000298719957049517},
    RExtRem = 0.008314411065320196 ,
    CExt = {34577339.51109981},
    AInt = 60.92928314208984,
    alphaInt = 2.7,
    nInt = 1,
    RInt = {0.0003387413816477967},
    CInt = {9047781.294295942},
    AFloor = 0.0,
    alphaFloor = 0.0,
    nFloor = 1,
    RFloor = {0.00001},
    RFloorRem =  0.00001,
    CFloor = {0.00001},
    ARoof = 0.0,
    alphaRoof = 0.0,
    nRoof = 1,
    RRoof = {0.00001},
    RRoofRem = 0.00001,
    CRoof = {0.00001},
    nOrientationsRoof = 1,
    tiltRoof = {0.0},
    aziRoof = {0.0},
    wfRoof = {0.0},
    aRoof = 0.0,
    aExt = 0.5,
    TSoil = 286.15,
    alphaWallOut = 19.999999999999996,
    alphaRadWall = 4.999999999999999,
    alphaWinOut = 20.0,
    alphaRoofOut = 0.0,
    alphaRadRoof = 0.0,
    tiltExtWalls = {1.5707963267948966, 1.5707963267948966, 0.0, 0.0, 1.5707963267948966, 1.5707963267948966, 1.5707963267948966, 1.5707963267948966},
    aziExtWalls = {-0.5485494023871503, -0.5270624030048108, 0.0, 0.0, 1.018737140556955, 1.0501341068750925, 2.625665717782264, -2.0913685216791946},
    wfWall = {0.04909424838981481, 0.053775936164467804, 0.13801475339483432, 0.0, 0.05764255853764354, 0.15827323532717907, 0.10467990839916107, 0.21367860236383038},
    wfWin = {0.07705355570576647, 0.08440147733758173, 0.0, 0.0, 0.09047015161606335, 0.24841027116212627, 0.16429539951532632, 0.3353691446631359},
    wfGro = 0.22484075742306903,
    nrPeople = 0.9748685302734375,
    ratioConvectiveHeatPeople = 0.5,
    nrPeopleMachines = 2.9246055908203124,
    ratioConvectiveHeatMachines = 0.75,
    lightingPower = 14.0,
    ratioConvectiveHeatLighting = 0.9,
    useConstantACHrate = false,
    baseACH = 0.2,
    maxUserACH = 1.0,
    maxOverheatingACH = {3.0, 2.0},
    maxSummerACH = {1.0, 283.15, 290.15},
    winterReduction = {0.2, 273.15, 283.15},
    withAHU = false,
    minAHU = 24.0,
    maxAHU = 48.0,
    hHeat = 3312.335127719278,
    lHeat = 0,
    KRHeat = 10000,
    TNHeat = 1,
    HeaterOn = true,
    hCool = 0,
    lCool = 0.0,
    KRCool = 10000,
    TNCool = 1,
    CoolerOn = false);
end Inffeldgasse25B_6_Laboratory;
