 
within Inffeldgasse.Inffeldgasse25B_6.Inffeldgasse25B_6_DataBase;
record Inffeldgasse25B_6_Storage "Inffeldgasse25B_6_Storage"
  extends AixLib.DataBase.ThermalZones.ZoneBaseRecord(
    T_start = 293.15,
    withAirCap = true,
    VAir = 425.5828857421875,
    AZone = 56.744384765625,
    alphaRad = 5.0,
    lat = 0.88645272708792,
    nOrientations = 8,
    AWin = {1.3918183714402146, 1.524543879372849, 0.0, 0.0, 1.6341623424497627, 4.4870347110018995, 2.967667790202028, 6.057772837099735},
    ATransparent = {1.3918183714402146, 1.524543879372849, 0.0, 0.0, 1.6341623424497627, 4.4870347110018995, 2.967667790202028, 6.057772837099735},
    alphaWin = 2.700000000000001,
    RWin = 0.009038659510656933,
    gWin = 0.7800000000000001,
    UWin= 3.001782134105592,
    ratioWinConRad = 0.030000000000000002,
    AExt = {17.416537999373496, 19.077400436476463, 56.744384765625, 56.744384765625, 20.449112555520003, 56.14856949172648, 37.13595099631186, 75.80402225884265},
    alphaExt = 2.365737959165748,
    nExt = 1,
    RExt = {8.553348103517837e-05},
    RExtRem = 0.002380693035036683 ,
    CExt = {120759043.69417861},
    AInt = 851.165771484375,
    alphaInt = 2.7,
    nInt = 1,
    RInt = {2.4248237236288105e-05},
    CInt = {94771860.35178527},
    AFloor = 0.0,
    alphaFloor = 0.0,
    nFloor = 1,
    RFloor = {0.00001},
    RFloorRem =  0.00001,
    CFloor = {0.00001},
    ARoof = 0.0,
    alphaRoof = 0.0,
    nRoof = 1,
    RRoof = {0.00001},
    RRoofRem = 0.00001,
    CRoof = {0.00001},
    nOrientationsRoof = 1,
    tiltRoof = {0.0},
    aziRoof = {0.0},
    wfRoof = {0.0},
    aRoof = 0.0,
    aExt = 0.5,
    TSoil = 286.15,
    alphaWallOut = 19.999999999999996,
    alphaRadWall = 4.999999999999999,
    alphaWinOut = 20.000000000000004,
    alphaRoofOut = 0.0,
    alphaRadRoof = 0.0,
    tiltExtWalls = {1.5707963267948966, 1.5707963267948966, 0.0, 0.0, 1.5707963267948966, 1.5707963267948966, 1.5707963267948966, 1.5707963267948966},
    aziExtWalls = {-0.5485494023871503, -0.5270624030048108, 0.0, 0.0, 1.018737140556955, 1.0501341068750925, 2.625665717782264, -2.0913685216791946},
    wfWall = {0.04909424838981482, 0.0537759361644678, 0.13801475339483432, 0.0, 0.05764255853764353, 0.1582732353271791, 0.10467990839916108, 0.2136786023638304},
    wfWin = {0.07705355570576648, 0.08440147733758169, 0.0, 0.0, 0.09047015161606337, 0.24841027116212624, 0.1642953995153263, 0.3353691446631359},
    wfGro = 0.22484075742306897,
    nrPeople = 0.0,
    ratioConvectiveHeatPeople = 0.5,
    nrPeopleMachines = 0.0,
    ratioConvectiveHeatMachines = 0.75,
    lightingPower = 11.3,
    ratioConvectiveHeatLighting = 0.9,
    useConstantACHrate = false,
    baseACH = 0.2,
    maxUserACH = 1.0,
    maxOverheatingACH = {3.0, 2.0},
    maxSummerACH = {1.0, 283.15, 290.15},
    winterReduction = {0.2, 273.15, 283.15},
    withAHU = false,
    minAHU = 0.0,
    maxAHU = 0.5,
    hHeat = 11568.108711475941,
    lHeat = 0,
    KRHeat = 10000,
    TNHeat = 1,
    HeaterOn = true,
    hCool = 0,
    lCool = 0.0,
    KRCool = 10000,
    TNCool = 1,
    CoolerOn = false);
end Inffeldgasse25B_6_Storage;
