 
within Inffeldgasse.Inffeldgasse25B_6.Inffeldgasse25B_6_DataBase;
record Inffeldgasse25B_6_Floor "Inffeldgasse25B_6_Floor"
  extends AixLib.DataBase.ThermalZones.ZoneBaseRecord(
    T_start = 293.15,
    withAirCap = true,
    VAir = 127.34385681152342,
    AZone = 16.979180908203123,
    alphaRad = 5.0,
    lat = 0.88645272708792,
    nOrientations = 8,
    AWin = {0.4164629860320553, 0.45617740746123137, 0.0, 0.0, 0.48897768757969007, 1.3426204974142348, 0.8879921510015624, 1.8126202500343986},
    ATransparent = {0.4164629860320553, 0.45617740746123137, 0.0, 0.0, 0.48897768757969007, 1.3426204974142348, 0.8879921510015624, 1.8126202500343986},
    alphaWin = 2.7,
    RWin = 0.03020717994649551,
    gWin = 0.7800000000000001,
    UWin= 3.001782134105592,
    ratioWinConRad = 0.030000000000000006,
    AExt = {5.211415203590315, 5.7083821528256795, 16.979180908203126, 16.979180908203126, 6.118828901335041, 16.800899737913266, 11.111901781451984, 22.68224799367369},
    alphaExt = 2.3657379591657484,
    nExt = 1,
    RExt = {0.00028585270305109733},
    RExtRem = 0.007956270818912047 ,
    CExt = {36133789.40760256},
    AInt = 827.7350692749023,
    alphaInt = 2.6999999999999997,
    nInt = 1,
    RInt = {2.4934632251888707e-05},
    CInt = {92163001.6404347},
    AFloor = 0.0,
    alphaFloor = 0.0,
    nFloor = 1,
    RFloor = {0.00001},
    RFloorRem =  0.00001,
    CFloor = {0.00001},
    ARoof = 0.0,
    alphaRoof = 0.0,
    nRoof = 1,
    RRoof = {0.00001},
    RRoofRem = 0.00001,
    CRoof = {0.00001},
    nOrientationsRoof = 1,
    tiltRoof = {0.0},
    aziRoof = {0.0},
    wfRoof = {0.0},
    aRoof = 0.0,
    aExt = 0.5,
    TSoil = 286.15,
    alphaWallOut = 20.0,
    alphaRadWall = 5.0,
    alphaWinOut = 20.000000000000004,
    alphaRoofOut = 0.0,
    alphaRadRoof = 0.0,
    tiltExtWalls = {1.5707963267948966, 1.5707963267948966, 0.0, 0.0, 1.5707963267948966, 1.5707963267948966, 1.5707963267948966, 1.5707963267948966},
    aziExtWalls = {-0.5485494023871503, -0.5270624030048108, 0.0, 0.0, 1.018737140556955, 1.0501341068750925, 2.625665717782264, -2.0913685216791946},
    wfWall = {0.049094248389814826, 0.05377593616446781, 0.13801475339483435, 0.0, 0.05764255853764354, 0.15827323532717905, 0.10467990839916107, 0.2136786023638304},
    wfWin = {0.07705355570576645, 0.08440147733758172, 0.0, 0.0, 0.09047015161606337, 0.24841027116212622, 0.16429539951532632, 0.33536914466313583},
    wfGro = 0.224840757423069,
    nrPeople = 0.0,
    ratioConvectiveHeatPeople = 0.5,
    nrPeopleMachines = 0.0,
    ratioConvectiveHeatMachines = 0.75,
    lightingPower = 7.0,
    ratioConvectiveHeatLighting = 0.9,
    useConstantACHrate = false,
    baseACH = 0.2,
    maxUserACH = 1.0,
    maxOverheatingACH = {3.0, 2.0},
    maxSummerACH = {1.0, 283.15, 290.15},
    winterReduction = {0.2, 273.15, 283.15},
    withAHU = false,
    minAHU = 0.0,
    maxAHU = 2.0,
    hHeat = 3461.4351955560787,
    lHeat = 0,
    KRHeat = 10000,
    TNHeat = 1,
    HeaterOn = true,
    hCool = 0,
    lCool = 0.0,
    KRCool = 10000,
    TNCool = 1,
    CoolerOn = false);
end Inffeldgasse25B_6_Floor;
