 
within Inffeldgasse.Inffeldgasse25B_6.Inffeldgasse25B_6_DataBase;
record Inffeldgasse25B_6_Restroom "Inffeldgasse25B_6_Restroom"
  extends AixLib.DataBase.ThermalZones.ZoneBaseRecord(
    T_start = 293.15,
    withAirCap = true,
    VAir = 13.902374267578125,
    AZone = 1.85364990234375,
    alphaRad = 4.999999999999999,
    lat = 0.88645272708792,
    nOrientations = 8,
    AWin = {0.045466066800380345, 0.04980176672617974, 0.0, 0.0, 0.05338263652002559, 0.14657646722606207, 0.09694381447993293, 0.19788724601192473},
    ATransparent = {0.045466066800380345, 0.04980176672617974, 0.0, 0.0, 0.05338263652002559, 0.14657646722606207, 0.09694381447993293, 0.19788724601192473},
    alphaWin = 2.6999999999999997,
    RWin = 0.27669365848949795,
    gWin = 0.78,
    UWin= 3.001782134105591,
    ratioWinConRad = 0.03,
    AExt = {0.5689402413128677, 0.6231950809248978, 1.8536499023437505, 1.8536499023437505, 0.6680043434803202, 1.8341866033963985, 1.2131077325461876, 2.476264727122193},
    alphaExt = 2.3657379591657475,
    nExt = 1,
    RExt = {0.002618371868423828},
    RExtRem = 0.07287835821540864 ,
    CExt = {3944795.4273431664},
    AInt = 34.75593566894531,
    alphaInt = 2.6999999999999997,
    nInt = 1,
    RInt = {0.0005938343812968518},
    CInt = {3869850.964364564},
    AFloor = 0.0,
    alphaFloor = 0.0,
    nFloor = 1,
    RFloor = {0.00001},
    RFloorRem =  0.00001,
    CFloor = {0.00001},
    ARoof = 0.0,
    alphaRoof = 0.0,
    nRoof = 1,
    RRoof = {0.00001},
    RRoofRem = 0.00001,
    CRoof = {0.00001},
    nOrientationsRoof = 1,
    tiltRoof = {0.0},
    aziRoof = {0.0},
    wfRoof = {0.0},
    aRoof = 0.0,
    aExt = 0.5,
    TSoil = 286.15,
    alphaWallOut = 20.0,
    alphaRadWall = 4.999999999999999,
    alphaWinOut = 20.0,
    alphaRoofOut = 0.0,
    alphaRadRoof = 0.0,
    tiltExtWalls = {1.5707963267948966, 1.5707963267948966, 0.0, 0.0, 1.5707963267948966, 1.5707963267948966, 1.5707963267948966, 1.5707963267948966},
    aziExtWalls = {-0.5485494023871503, -0.5270624030048108, 0.0, 0.0, 1.018737140556955, 1.0501341068750925, 2.625665717782264, -2.0913685216791946},
    wfWall = {0.04909424838981481, 0.0537759361644678, 0.13801475339483435, 0.0, 0.057642558537643544, 0.15827323532717905, 0.10467990839916107, 0.2136786023638304},
    wfWin = {0.07705355570576648, 0.0844014773375817, 0.0, 0.0, 0.09047015161606338, 0.24841027116212627, 0.16429539951532635, 0.3353691446631359},
    wfGro = 0.22484075742306903,
    nrPeople = 0.0,
    ratioConvectiveHeatPeople = 0.5,
    nrPeopleMachines = 0.0,
    ratioConvectiveHeatMachines = 0.75,
    lightingPower = 11.1,
    ratioConvectiveHeatLighting = 0.9,
    useConstantACHrate = false,
    baseACH = 0.2,
    maxUserACH = 1.0,
    maxOverheatingACH = {3.0, 2.0},
    maxSummerACH = {1.0, 283.15, 290.15},
    winterReduction = {0.2, 273.15, 283.15},
    withAHU = false,
    minAHU = 0.0,
    maxAHU = 8.0,
    hHeat = 377.89155124154746,
    lHeat = 0,
    KRHeat = 10000,
    TNHeat = 1,
    HeaterOn = true,
    hCool = 0,
    lCool = 0.0,
    KRCool = 10000,
    TNCool = 1,
    CoolerOn = false);
end Inffeldgasse25B_6_Restroom;
