 
within Inffeldgasse.Inffeldgasse25B_6.Inffeldgasse25B_6_DataBase;
record Inffeldgasse25B_6_Floor "Inffeldgasse25B_6_Floor"
  extends AixLib.DataBase.ThermalZones.ZoneBaseRecord(
    T_start = 293.15,
    withAirCap = true,
    VAir = 9.4573974609375,
    AZone = 1.260986328125,
    alphaRad = 4.999999999999998,
    lat = 0.88645272708792,
    nOrientations = 8,
    AWin = {0.030929297143115878, 0.0338787528749522, 0.0, 0.0, 0.03631471872110584, 0.09971188246670888, 0.06594817311560063, 0.1346171741577719},
    ATransparent = {0.030929297143115878, 0.0338787528749522, 0.0, 0.0, 0.03631471872110584, 0.09971188246670888, 0.06594817311560063, 0.1346171741577719},
    alphaWin = 2.7,
    RWin = 0.40673967797956195,
    gWin = 0.7800000000000001,
    UWin= 3.0017821341055906,
    ratioWinConRad = 0.029999999999999995,
    AExt = {0.3870341777638555, 0.42394223192169916, 1.260986328125, 1.260986328125, 0.4544247234560001, 1.2477459887050328, 0.825243355473597, 1.6845338279742812},
    alphaExt = 2.3657379591657484,
    nExt = 1,
    RExt = {0.0038490066465830257},
    RExtRem = 0.10713118657665074 ,
    CExt = {2683534.30431508},
    AInt = 51.227569580078125,
    alphaInt = 2.7,
    nInt = 1,
    RInt = {0.0004028937879260179},
    CInt = {5703861.965616705},
    AFloor = 0.0,
    alphaFloor = 0.0,
    nFloor = 1,
    RFloor = {0.00001},
    RFloorRem =  0.00001,
    CFloor = {0.00001},
    ARoof = 0.0,
    alphaRoof = 0.0,
    nRoof = 1,
    RRoof = {0.00001},
    RRoofRem = 0.00001,
    CRoof = {0.00001},
    nOrientationsRoof = 1,
    tiltRoof = {0.0},
    aziRoof = {0.0},
    wfRoof = {0.0},
    aRoof = 0.0,
    aExt = 0.5,
    TSoil = 286.15,
    alphaWallOut = 20.0,
    alphaRadWall = 4.999999999999999,
    alphaWinOut = 20.0,
    alphaRoofOut = 0.0,
    alphaRadRoof = 0.0,
    tiltExtWalls = {1.5707963267948966, 1.5707963267948966, 0.0, 0.0, 1.5707963267948966, 1.5707963267948966, 1.5707963267948966, 1.5707963267948966},
    aziExtWalls = {-0.5485494023871503, -0.5270624030048108, 0.0, 0.0, 1.018737140556955, 1.0501341068750925, 2.625665717782264, -2.0913685216791946},
    wfWall = {0.04909424838981482, 0.05377593616446779, 0.13801475339483432, 0.0, 0.05764255853764353, 0.15827323532717907, 0.10467990839916107, 0.21367860236383043},
    wfWin = {0.07705355570576647, 0.08440147733758173, 0.0, 0.0, 0.0904701516160634, 0.24841027116212627, 0.16429539951532632, 0.33536914466313594},
    wfGro = 0.224840757423069,
    nrPeople = 0.0,
    ratioConvectiveHeatPeople = 0.5,
    nrPeopleMachines = 0.0,
    ratioConvectiveHeatMachines = 0.75,
    lightingPower = 7.0,
    ratioConvectiveHeatLighting = 0.9,
    useConstantACHrate = false,
    baseACH = 0.2,
    maxUserACH = 1.0,
    maxOverheatingACH = {3.0, 2.0},
    maxSummerACH = {1.0, 283.15, 290.15},
    winterReduction = {0.2, 273.15, 283.15},
    withAHU = false,
    minAHU = 0.0,
    maxAHU = 2.0,
    hHeat = 257.06908247724317,
    lHeat = 0,
    KRHeat = 10000,
    TNHeat = 1,
    HeaterOn = true,
    hCool = 0,
    lCool = 0.0,
    KRCool = 10000,
    TNCool = 1,
    CoolerOn = false);
end Inffeldgasse25B_6_Floor;
