 
within Inffeldgasse.Inffeldgasse25B_6.Inffeldgasse25B_6_DataBase;
record Inffeldgasse25B_6_Office "Inffeldgasse25B_6_Office"
  extends AixLib.DataBase.ThermalZones.ZoneBaseRecord(
    T_start = 293.15,
    withAirCap = true,
    VAir = 155.101318359375,
    AZone = 20.68017578125,
    alphaRad = 4.999999999999999,
    lat = 0.88645272708792,
    nOrientations = 8,
    AWin = {0.5072404731471004, 0.5556115471492161, 0.0, 0.0, 0.5955613870261358, 1.6352748724540256, 1.0815500390958503, 2.2077216561874593},
    ATransparent = {0.5072404731471004, 0.5556115471492161, 0.0, 0.0, 0.5955613870261358, 1.6352748724540256, 1.0815500390958503, 2.2077216561874593},
    alphaWin = 2.7000000000000006,
    RWin = 0.024801199876802564,
    gWin = 0.7800000000000001,
    UWin= 3.001782134105592,
    ratioWinConRad = 0.030000000000000006,
    AExt = {6.347360515327232, 6.952652603515867, 20.680175781250004, 20.680175781250004, 7.452565464678402, 20.46303421476254, 13.533991029766991, 27.62635477877821},
    alphaExt = 2.3657379591657475,
    nExt = 1,
    RExt = {0.00023469552723067233},
    RExtRem = 0.0065323894254055315 ,
    CExt = {44009962.59076731},
    AInt = 542.8546142578125,
    alphaInt = 2.7,
    nInt = 1,
    RInt = {3.8019884168396006e-05},
    CInt = {60443386.49102748},
    AFloor = 0.0,
    alphaFloor = 0.0,
    nFloor = 1,
    RFloor = {0.00001},
    RFloorRem =  0.00001,
    CFloor = {0.00001},
    ARoof = 0.0,
    alphaRoof = 0.0,
    nRoof = 1,
    RRoof = {0.00001},
    RRoofRem = 0.00001,
    CRoof = {0.00001},
    nOrientationsRoof = 1,
    tiltRoof = {0.0},
    aziRoof = {0.0},
    wfRoof = {0.0},
    aRoof = 0.0,
    aExt = 0.5,
    TSoil = 286.15,
    alphaWallOut = 20.0,
    alphaRadWall = 4.999999999999999,
    alphaWinOut = 20.0,
    alphaRoofOut = 0.0,
    alphaRadRoof = 0.0,
    tiltExtWalls = {1.5707963267948966, 1.5707963267948966, 0.0, 0.0, 1.5707963267948966, 1.5707963267948966, 1.5707963267948966, 1.5707963267948966},
    aziExtWalls = {-0.5485494023871503, -0.5270624030048108, 0.0, 0.0, 1.018737140556955, 1.0501341068750925, 2.625665717782264, -2.0913685216791946},
    wfWall = {0.049094248389814826, 0.05377593616446781, 0.13801475339483435, 0.0, 0.057642558537643544, 0.15827323532717905, 0.10467990839916104, 0.2136786023638304},
    wfWin = {0.07705355570576647, 0.08440147733758172, 0.0, 0.0, 0.09047015161606337, 0.24841027116212616, 0.16429539951532635, 0.3353691446631359},
    wfGro = 0.224840757423069,
    nrPeople = 1.0340087890625,
    ratioConvectiveHeatPeople = 0.5,
    nrPeopleMachines = 1.4476123046875,
    ratioConvectiveHeatMachines = 0.75,
    lightingPower = 12.5,
    ratioConvectiveHeatLighting = 0.9,
    useConstantACHrate = false,
    baseACH = 0.2,
    maxUserACH = 1.0,
    maxOverheatingACH = {3.0, 2.0},
    maxSummerACH = {1.0, 283.15, 290.15},
    winterReduction = {0.2, 273.15, 283.15},
    withAHU = false,
    minAHU = 0.0,
    maxAHU = 2.6,
    hHeat = 4215.932952626788,
    lHeat = 0,
    KRHeat = 10000,
    TNHeat = 1,
    HeaterOn = true,
    hCool = 0,
    lCool = 0.0,
    KRCool = 10000,
    TNCool = 1,
    CoolerOn = false);
end Inffeldgasse25B_6_Office;
