 
within Inffeldgasse.Inffeldgasse25B_6.Inffeldgasse25B_6_DataBase;
record Inffeldgasse25B_6_Meeting "Inffeldgasse25B_6_Meeting"
  extends AixLib.DataBase.ThermalZones.ZoneBaseRecord(
    T_start = 293.15,
    withAirCap = true,
    VAir = 26.527999877929684,
    AZone = 3.5370666503906247,
    alphaRad = 5.0,
    lat = 0.88645272708792,
    nOrientations = 8,
    AWin = {0.08675667848644004, 0.09502990181424092, 0.0, 0.0, 0.10186278601270188, 0.2796918303191184, 0.18498462558925977, 0.3776011735125502},
    ATransparent = {0.08675667848644004, 0.09502990181424092, 0.0, 0.0, 0.10186278601270188, 0.2796918303191184, 0.18498462558925977, 0.3776011735125502},
    alphaWin = 2.7,
    RWin = 0.14500523279128774,
    gWin = 0.7799999999999999,
    UWin= 3.0017821341055915,
    ratioWinConRad = 0.029999999999999995,
    AExt = {1.0856308686276148, 1.1891579605403662, 3.5370666503906256, 3.5370666503906256, 1.2746613492940804, 3.4999274983176174, 2.3148076121034395, 4.725117387467859},
    alphaExt = 2.3657379591657484,
    nExt = 1,
    RExt = {0.0013721948829172996},
    RExtRem = 0.038192936390962814 ,
    CExt = {7527313.723603804},
    AInt = 53.05599975585937,
    alphaInt = 2.7000000000000006,
    nInt = 1,
    RInt = {0.0003890091535233387},
    CInt = {5907445.961927947},
    AFloor = 0.0,
    alphaFloor = 0.0,
    nFloor = 1,
    RFloor = {0.00001},
    RFloorRem =  0.00001,
    CFloor = {0.00001},
    ARoof = 0.0,
    alphaRoof = 0.0,
    nRoof = 1,
    RRoof = {0.00001},
    RRoofRem = 0.00001,
    CRoof = {0.00001},
    nOrientationsRoof = 1,
    tiltRoof = {0.0},
    aziRoof = {0.0},
    wfRoof = {0.0},
    aRoof = 0.0,
    aExt = 0.5,
    TSoil = 286.15,
    alphaWallOut = 20.0,
    alphaRadWall = 5.0,
    alphaWinOut = 20.0,
    alphaRoofOut = 0.0,
    alphaRadRoof = 0.0,
    tiltExtWalls = {1.5707963267948966, 1.5707963267948966, 0.0, 0.0, 1.5707963267948966, 1.5707963267948966, 1.5707963267948966, 1.5707963267948966},
    aziExtWalls = {-0.5485494023871503, -0.5270624030048108, 0.0, 0.0, 1.018737140556955, 1.0501341068750925, 2.625665717782264, -2.0913685216791946},
    wfWall = {0.04909424838981481, 0.0537759361644678, 0.13801475339483432, 0.0, 0.05764255853764352, 0.15827323532717905, 0.10467990839916101, 0.2136786023638304},
    wfWin = {0.07705355570576647, 0.0844014773375817, 0.0, 0.0, 0.09047015161606337, 0.2484102711621262, 0.1642953995153263, 0.3353691446631358},
    wfGro = 0.224840757423069,
    nrPeople = 0.8488959960937499,
    ratioConvectiveHeatPeople = 0.5,
    nrPeopleMachines = 0.07074133300781249,
    ratioConvectiveHeatMachines = 0.75,
    lightingPower = 15.9,
    ratioConvectiveHeatLighting = 0.9,
    useConstantACHrate = false,
    baseACH = 0.2,
    maxUserACH = 1.0,
    maxOverheatingACH = {3.0, 2.0},
    maxSummerACH = {1.0, 283.15, 290.15},
    winterReduction = {0.2, 273.15, 283.15},
    withAHU = false,
    minAHU = 0.0,
    maxAHU = 12.0,
    hHeat = 721.0787763486671,
    lHeat = 0,
    KRHeat = 10000,
    TNHeat = 1,
    HeaterOn = true,
    hCool = 0,
    lCool = 0.0,
    KRCool = 10000,
    TNCool = 1,
    CoolerOn = false);
end Inffeldgasse25B_6_Meeting;
