 
within Inffeldgasse.Inffeldgasse25F_5.Inffeldgasse25F_5_DataBase;
record Inffeldgasse25F_5_Restroom "Inffeldgasse25F_5_Restroom"
  extends AixLib.DataBase.ThermalZones.ZoneBaseRecord(
    T_start = 293.15,
    withAirCap = true,
    VAir = 239.10158496111632,
    AZone = 54.3271517578125,
    alphaRad = 4.999999999999999,
    lat = 0.88645272708792,
    nOrientations = 8,
    AWin = {0.4559120314340864, 0.4532207037738019, 0.0, 0.0, 0.7602229646552829, 1.1177671352230105, 0.32873739467552815, 0.029530430254062264},
    ATransparent = {0.4559120314340864, 0.4532207037738019, 0.0, 0.0, 0.7602229646552829, 1.1177671352230105, 0.32873739467552815, 0.029530430254062264},
    alphaWin = 2.7,
    RWin = 0.05190620936148844,
    gWin = 0.7799999999999999,
    UWin= 3.0017821341055915,
    ratioWinConRad = 0.030000000000000002,
    AExt = {5.7050613663238385, 5.671383401277575, 18.109050585937503, 18.109050585937503, 9.51306034149719, 13.987194151574432, 4.113659830669447, 0.3695294380440765},
    alphaExt = 2.220785068311093,
    nExt = 1,
    RExt = {0.00039710519800670893},
    RExtRem = 0.010437304141385398 ,
    CExt = {24809880.790771183},
    AInt = 815.0625694340408,
    alphaInt = 2.4333841410701225,
    nInt = 1,
    RInt = {8.306680763235588e-05},
    CInt = {159191530.9693695},
    AFloor = 0.0,
    alphaFloor = 0.0,
    nFloor = 1,
    RFloor = {0.00001},
    RFloorRem =  0.00001,
    CFloor = {0.00001},
    ARoof = 0.0,
    alphaRoof = 0.0,
    nRoof = 1,
    RRoof = {0.00001},
    RRoofRem = 0.00001,
    CRoof = {0.00001},
    nOrientationsRoof = 1,
    tiltRoof = {0.0},
    aziRoof = {0.0},
    wfRoof = {0.0},
    aRoof = 0.0,
    aExt = 0.5,
    TSoil = 286.15,
    alphaWallOut = 20.0,
    alphaRadWall = 4.999999999999999,
    alphaWinOut = 19.999999999999996,
    alphaRoofOut = 0.0,
    alphaRadRoof = 0.0,
    tiltExtWalls = {1.5707963267948966, 1.5707963267948966, 0.0, 0.0, 1.5707963267948966, 1.5707963267948966, 1.5707963267948966, 1.5707963267948966},
    aziExtWalls = {2.6122755838976124, -0.5277619483966842, 0.0, 0.0, -2.091906217692927, 1.0472834280789571, -2.0919062177094747, -2.0919062176607337},
    wfWall = {0.07092267944897841, 0.07050401059230857, 0.19424700647678644, 0.0, 0.11826195826067763, 0.17388231668434415, 0.05113911293835979, 0.004593818751199302},
    wfWin = {0.14494607529349002, 0.1440904335143951, 0.0, 0.0, 0.2416942907344523, 0.35536671149694504, 0.1045140112019916, 0.0093884777587259},
    wfGro = 0.3164490968473457,
    nrPeople = 0.0,
    ratioConvectiveHeatPeople = 0.5,
    nrPeopleMachines = 0.0,
    ratioConvectiveHeatMachines = 0.75,
    lightingPower = 11.1,
    ratioConvectiveHeatLighting = 0.9,
    useConstantACHrate = false,
    baseACH = 0.2,
    maxUserACH = 1.0,
    maxOverheatingACH = {3.0, 2.0},
    maxSummerACH = {1.0, 283.15, 290.15},
    winterReduction = {0.2, 273.15, 283.15},
    withAHU = false,
    minAHU = 0.0,
    maxAHU = 8.0,
    hHeat = 2674.365910126499,
    lHeat = 0,
    KRHeat = 10000,
    TNHeat = 1,
    HeaterOn = true,
    hCool = 0,
    lCool = 0.0,
    KRCool = 10000,
    TNCool = 1,
    CoolerOn = false);
end Inffeldgasse25F_5_Restroom;
