 
within Inffeldgasse.Inffeldgasse25F_5.Inffeldgasse25F_5_DataBase;
record Inffeldgasse25F_5_Office "Inffeldgasse25F_5_Office"
  extends AixLib.DataBase.ThermalZones.ZoneBaseRecord(
    T_start = 293.15,
    withAirCap = true,
    VAir = 2667.5278866410254,
    AZone = 606.0988359375,
    alphaRad = 4.999999999999999,
    lat = 0.88645272708792,
    nOrientations = 8,
    AWin = {5.086365520761236, 5.056339824415205, 0.0, 0.0, 8.4813990614603, 12.470327222896172, 3.6675464439990892, 0.3294551402494021},
    ATransparent = {5.086365520761236, 5.056339824415205, 0.0, 0.0, 8.4813990614603, 12.470327222896172, 3.6675464439990892, 0.3294551402494021},
    alphaWin = 2.6999999999999997,
    RWin = 0.004652568765938293,
    gWin = 0.78,
    UWin= 3.001782134105591,
    ratioWinConRad = 0.029999999999999995,
    AExt = {63.64830367871493, 63.272576721736215, 202.0329453125, 202.0329453125, 106.13210176908431, 156.0476082216467, 45.89389198842104, 4.122641349607384},
    alphaExt = 2.220785068311093,
    nExt = 1,
    RExt = {3.559418543108922e-05},
    RExtRem = 0.0009355388468193006 ,
    CExt = {276790506.7813925},
    AInt = 14993.27007199359,
    alphaInt = 2.32270255644119,
    nInt = 1,
    RInt = {4.467745567195422e-06},
    CInt = {3472147511.7000813},
    AFloor = 0.0,
    alphaFloor = 0.0,
    nFloor = 1,
    RFloor = {0.00001},
    RFloorRem =  0.00001,
    CFloor = {0.00001},
    ARoof = 0.0,
    alphaRoof = 0.0,
    nRoof = 1,
    RRoof = {0.00001},
    RRoofRem = 0.00001,
    CRoof = {0.00001},
    nOrientationsRoof = 1,
    tiltRoof = {0.0},
    aziRoof = {0.0},
    wfRoof = {0.0},
    aRoof = 0.0,
    aExt = 0.5,
    TSoil = 286.15,
    alphaWallOut = 20.0,
    alphaRadWall = 4.999999999999999,
    alphaWinOut = 20.0,
    alphaRoofOut = 0.0,
    alphaRadRoof = 0.0,
    tiltExtWalls = {1.5707963267948966, 1.5707963267948966, 0.0, 0.0, 1.5707963267948966, 1.5707963267948966, 1.5707963267948966, 1.5707963267948966},
    aziExtWalls = {2.6122755838976124, -0.5277619483966842, 0.0, 0.0, -2.091906217692927, 1.0472834280789571, -2.0919062177094747, -2.0919062176607337},
    wfWall = {0.07092267944897838, 0.07050401059230857, 0.19424700647678644, 0.0, 0.11826195826067767, 0.17388231668434412, 0.05113911293835978, 0.004593818751199302},
    wfWin = {0.14494607529349002, 0.1440904335143951, 0.0, 0.0, 0.24169429073445234, 0.35536671149694515, 0.1045140112019916, 0.0093884777587259},
    wfGro = 0.3164490968473457,
    nrPeople = 30.304941796875,
    ratioConvectiveHeatPeople = 0.5,
    nrPeopleMachines = 42.426918515625,
    ratioConvectiveHeatMachines = 0.75,
    lightingPower = 12.5,
    ratioConvectiveHeatLighting = 0.9,
    useConstantACHrate = false,
    baseACH = 0.2,
    maxUserACH = 1.0,
    maxOverheatingACH = {3.0, 2.0},
    maxSummerACH = {1.0, 283.15, 290.15},
    winterReduction = {0.2, 273.15, 283.15},
    withAHU = false,
    minAHU = 0.0,
    maxAHU = 2.6,
    hHeat = 29836.463215016724,
    lHeat = 0,
    KRHeat = 10000,
    TNHeat = 1,
    HeaterOn = true,
    hCool = 0,
    lCool = 0.0,
    KRCool = 10000,
    TNCool = 1,
    CoolerOn = false);
end Inffeldgasse25F_5_Office;
