 
within Inffeldgasse.Inffeldgasse25F_5.Inffeldgasse25F_5_DataBase;
record Inffeldgasse25F_5_Storage "Inffeldgasse25F_5_Storage"
  extends AixLib.DataBase.ThermalZones.ZoneBaseRecord(
    T_start = 293.15,
    withAirCap = true,
    VAir = 185.42571894943714,
    AZone = 42.131260546875005,
    alphaRad = 5.0,
    lat = 0.88645272708792,
    nOrientations = 8,
    AWin = {0.35356443254072006, 0.3514772804776423, 0.0, 0.0, 0.5895606664673624, 0.8668398191525389, 0.2549392040340831, 0.022901149992946245},
    ATransparent = {0.35356443254072006, 0.3514772804776423, 0.0, 0.0, 0.5895606664673624, 0.8668398191525389, 0.2549392040340831, 0.022901149992946245},
    alphaWin = 2.6999999999999997,
    RWin = 0.06693169101876141,
    gWin = 0.78,
    UWin= 3.0017821341055906,
    ratioWinConRad = 0.029999999999999995,
    AExt = {4.424333304496038, 4.398215698949957, 14.043753515625003, 14.043753515625003, 7.377475366875374, 10.847211791016907, 3.1901851748048773, 0.28657384991173285},
    alphaExt = 2.220785068311093,
    nExt = 1,
    RExt = {0.0005120567026928618},
    RExtRem = 0.013458629024418012 ,
    CExt = {19240315.71529192},
    AInt = 744.439367686093,
    alphaInt = 2.3227025564411905,
    nInt = 1,
    RInt = {8.998196335333922e-05},
    CInt = {172397568.08963832},
    AFloor = 0.0,
    alphaFloor = 0.0,
    nFloor = 1,
    RFloor = {0.00001},
    RFloorRem =  0.00001,
    CFloor = {0.00001},
    ARoof = 0.0,
    alphaRoof = 0.0,
    nRoof = 1,
    RRoof = {0.00001},
    RRoofRem = 0.00001,
    CRoof = {0.00001},
    nOrientationsRoof = 1,
    tiltRoof = {0.0},
    aziRoof = {0.0},
    wfRoof = {0.0},
    aRoof = 0.0,
    aExt = 0.5,
    TSoil = 286.15,
    alphaWallOut = 20.0,
    alphaRadWall = 5.0,
    alphaWinOut = 19.999999999999993,
    alphaRoofOut = 0.0,
    alphaRadRoof = 0.0,
    tiltExtWalls = {1.5707963267948966, 1.5707963267948966, 0.0, 0.0, 1.5707963267948966, 1.5707963267948966, 1.5707963267948966, 1.5707963267948966},
    aziExtWalls = {2.6122755838976124, -0.5277619483966842, 0.0, 0.0, -2.091906217692927, 1.0472834280789571, -2.0919062177094747, -2.0919062176607337},
    wfWall = {0.0709226794489784, 0.07050401059230858, 0.19424700647678644, 0.0, 0.11826195826067765, 0.1738823166843442, 0.05113911293835978, 0.004593818751199303},
    wfWin = {0.14494607529349002, 0.1440904335143951, 0.0, 0.0, 0.24169429073445234, 0.35536671149694504, 0.10451401120199161, 0.0093884777587259},
    wfGro = 0.3164490968473457,
    nrPeople = 0.0,
    ratioConvectiveHeatPeople = 0.5,
    nrPeopleMachines = 0.0,
    ratioConvectiveHeatMachines = 0.75,
    lightingPower = 11.3,
    ratioConvectiveHeatLighting = 0.9,
    useConstantACHrate = false,
    baseACH = 0.2,
    maxUserACH = 1.0,
    maxOverheatingACH = {3.0, 2.0},
    maxSummerACH = {1.0, 283.15, 290.15},
    winterReduction = {0.2, 273.15, 283.15},
    withAHU = false,
    minAHU = 0.0,
    maxAHU = 0.5,
    hHeat = 2073.9980527511625,
    lHeat = 0,
    KRHeat = 10000,
    TNHeat = 1,
    HeaterOn = true,
    hCool = 0,
    lCool = 0.0,
    KRCool = 10000,
    TNCool = 1,
    CoolerOn = false);
end Inffeldgasse25F_5_Storage;
