 
within Inffeldgasse.Inffeldgasse25F_5.Inffeldgasse25F_5_DataBase;
record Inffeldgasse25F_5_Storage "Inffeldgasse25F_5_Storage"
  extends AixLib.DataBase.ThermalZones.ZoneBaseRecord(
    T_start = 293.15,
    withAirCap = true,
    VAir = 7319.436274319887,
    AZone = 1663.0760742187501,
    alphaRad = 5.000000000000001,
    lat = 0.88645272708792,
    nOrientations = 8,
    AWin = {13.95649075818632, 13.874103176749038, 0.0, 0.0, 23.27213157108009, 34.21736128233705, 10.06338963292433, 0.9039927628794571},
    ATransparent = {13.95649075818632, 13.874103176749038, 0.0, 0.0, 23.27213157108009, 34.21736128233705, 10.06338963292433, 0.9039927628794571},
    alphaWin = 2.7,
    RWin = 0.0016956028391419558,
    gWin = 0.7800000000000001,
    UWin= 3.0017821341055915,
    ratioWinConRad = 0.03,
    AExt = {174.64473570379096, 173.61377759012984, 554.35869140625, 554.35869140625, 291.2161329029753, 428.1794128032989, 125.92836216335043, 11.312125654410504},
    alphaExt = 2.220785068311093,
    nExt = 1,
    RExt = {1.2972103134885818e-05},
    RExtRem = 0.0003409519352852563 ,
    CExt = {759486146.6562606},
    AInt = 23508.61161113977,
    alphaInt = 2.3227025564411905,
    nInt = 1,
    RInt = {2.849428839522413e-06},
    CInt = {5444133729.146471},
    AFloor = 0.0,
    alphaFloor = 0.0,
    nFloor = 1,
    RFloor = {0.00001},
    RFloorRem =  0.00001,
    CFloor = {0.00001},
    ARoof = 0.0,
    alphaRoof = 0.0,
    nRoof = 1,
    RRoof = {0.00001},
    RRoofRem = 0.00001,
    CRoof = {0.00001},
    nOrientationsRoof = 1,
    tiltRoof = {0.0},
    aziRoof = {0.0},
    wfRoof = {0.0},
    aRoof = 0.0,
    aExt = 0.5,
    TSoil = 286.15,
    alphaWallOut = 20.0,
    alphaRadWall = 5.000000000000001,
    alphaWinOut = 19.999999999999996,
    alphaRoofOut = 0.0,
    alphaRadRoof = 0.0,
    tiltExtWalls = {1.5707963267948966, 1.5707963267948966, 0.0, 0.0, 1.5707963267948966, 1.5707963267948966, 1.5707963267948966, 1.5707963267948966},
    aziExtWalls = {2.6122755838976124, -0.5277619483966842, 0.0, 0.0, -2.091906217692927, 1.0472834280789571, -2.0919062177094747, -2.0919062176607337},
    wfWall = {0.07092267944897838, 0.07050401059230857, 0.19424700647678647, 0.0, 0.11826195826067766, 0.17388231668434415, 0.0511391129383598, 0.004593818751199302},
    wfWin = {0.14494607529349005, 0.1440904335143951, 0.0, 0.0, 0.24169429073445234, 0.35536671149694504, 0.1045140112019916, 0.009388477758725904},
    wfGro = 0.3164490968473457,
    nrPeople = 0.0,
    ratioConvectiveHeatPeople = 0.5,
    nrPeopleMachines = 0.0,
    ratioConvectiveHeatMachines = 0.75,
    lightingPower = 11.3,
    ratioConvectiveHeatLighting = 0.9,
    useConstantACHrate = false,
    baseACH = 0.2,
    maxUserACH = 1.0,
    maxOverheatingACH = {3.0, 2.0},
    maxSummerACH = {1.0, 283.15, 290.15},
    winterReduction = {0.2, 273.15, 283.15},
    withAHU = false,
    minAHU = 0.0,
    maxAHU = 0.5,
    hHeat = 81868.34418754588,
    lHeat = 0,
    KRHeat = 10000,
    TNHeat = 1,
    HeaterOn = true,
    hCool = 0,
    lCool = 0.0,
    KRCool = 10000,
    TNCool = 1,
    CoolerOn = false);
end Inffeldgasse25F_5_Storage;
