 
within Inffeldgasse.Inffeldgasse25F_5.Inffeldgasse25F_5_DataBase;
record Inffeldgasse25F_5_Floor "Inffeldgasse25F_5_Floor"
  extends AixLib.DataBase.ThermalZones.ZoneBaseRecord(
    T_start = 293.15,
    withAirCap = true,
    VAir = 2190.1379874159393,
    AZone = 497.6293186523437,
    alphaRad = 5.0,
    lat = 0.88645272708792,
    nOrientations = 8,
    AWin = {4.176092179088417, 4.15143998388724, 0.0, 0.0, 6.96353892454652, 10.238594881481522, 3.0111898090516913, 0.2704947233815975},
    ATransparent = {4.176092179088417, 4.15143998388724, 0.0, 0.0, 6.96353892454652, 10.238594881481522, 3.0111898090516913, 0.2704947233815975},
    alphaWin = 2.7000000000000006,
    RWin = 0.005666700910611809,
    gWin = 0.78,
    UWin= 3.0017821341055915,
    ratioWinConRad = 0.03,
    AExt = {52.257585916701004, 51.9491003389133, 165.87643955078127, 165.87643955078127, 87.13833843419026, 128.12079540880933, 37.68056436732252, 3.384839376369721},
    alphaExt = 2.2207850683110935,
    nExt = 1,
    RExt = {4.335273977496186e-05},
    RExtRem = 0.001139460608082921 ,
    CExt = {227255132.54947904},
    AInt = 18216.931467422353,
    alphaInt = 2.4814651410234436,
    nInt = 1,
    RInt = {3.6552890303315327e-06},
    CInt = {3273967067.075213},
    AFloor = 0.0,
    alphaFloor = 0.0,
    nFloor = 1,
    RFloor = {0.00001},
    RFloorRem =  0.00001,
    CFloor = {0.00001},
    ARoof = 0.0,
    alphaRoof = 0.0,
    nRoof = 1,
    RRoof = {0.00001},
    RRoofRem = 0.00001,
    CRoof = {0.00001},
    nOrientationsRoof = 1,
    tiltRoof = {0.0},
    aziRoof = {0.0},
    wfRoof = {0.0},
    aRoof = 0.0,
    aExt = 0.5,
    TSoil = 286.15,
    alphaWallOut = 20.000000000000004,
    alphaRadWall = 5.0,
    alphaWinOut = 19.999999999999996,
    alphaRoofOut = 0.0,
    alphaRadRoof = 0.0,
    tiltExtWalls = {1.5707963267948966, 1.5707963267948966, 0.0, 0.0, 1.5707963267948966, 1.5707963267948966, 1.5707963267948966, 1.5707963267948966},
    aziExtWalls = {2.6122755838976124, -0.5277619483966842, 0.0, 0.0, -2.091906217692927, 1.0472834280789571, -2.0919062177094747, -2.0919062176607337},
    wfWall = {0.07092267944897838, 0.07050401059230856, 0.19424700647678647, 0.0, 0.11826195826067765, 0.17388231668434415, 0.05113911293835978, 0.004593818751199303},
    wfWin = {0.14494607529349, 0.1440904335143951, 0.0, 0.0, 0.24169429073445228, 0.355366711496945, 0.1045140112019916, 0.0093884777587259},
    wfGro = 0.3164490968473457,
    nrPeople = 0.0,
    ratioConvectiveHeatPeople = 0.5,
    nrPeopleMachines = 0.0,
    ratioConvectiveHeatMachines = 0.75,
    lightingPower = 7.0,
    ratioConvectiveHeatLighting = 0.9,
    useConstantACHrate = false,
    baseACH = 0.2,
    maxUserACH = 1.0,
    maxOverheatingACH = {3.0, 2.0},
    maxSummerACH = {1.0, 283.15, 290.15},
    winterReduction = {0.2, 273.15, 283.15},
    withAHU = false,
    minAHU = 0.0,
    maxAHU = 2.0,
    hHeat = 24496.827877451233,
    lHeat = 0,
    KRHeat = 10000,
    TNHeat = 1,
    HeaterOn = true,
    hCool = 0,
    lCool = 0.0,
    KRCool = 10000,
    TNCool = 1,
    CoolerOn = false);
end Inffeldgasse25F_5_Floor;
