 
within Inffeldgasse.Inffeldgasse25F_5.Inffeldgasse25F_5_DataBase;
record Inffeldgasse25F_5_Laboratory "Inffeldgasse25F_5_Laboratory"
  extends AixLib.DataBase.ThermalZones.ZoneBaseRecord(
    T_start = 293.15,
    withAirCap = true,
    VAir = 2095.7985865469273,
    AZone = 476.1941159179687,
    alphaRad = 5.000000000000001,
    lat = 0.88645272708792,
    nOrientations = 8,
    AWin = {3.9962085204273485, 3.9726182096091405, 0.0, 0.0, 6.663587006519266, 9.79757111384251, 2.881483898227333, 0.2588432611044845},
    ATransparent = {3.9962085204273485, 3.9726182096091405, 0.0, 0.0, 6.663587006519266, 9.79757111384251, 2.881483898227333, 0.2588432611044845},
    alphaWin = 2.7,
    RWin = 0.005921779414931163,
    gWin = 0.7800000000000001,
    UWin= 3.0017821341055915,
    ratioWinConRad = 0.03,
    AExt = {50.00660932318547, 49.71141164997385, 158.73137197265626, 158.73137197265626, 83.3848860545519, 122.60203853267791, 36.05748769943933, 3.239038645712874},
    alphaExt = 2.2207850683110935,
    nExt = 1,
    RExt = {4.530420186805292e-05},
    RExtRem = 0.0011907518112407086 ,
    CExt = {217466199.99257594},
    AInt = 1682.8247811640888,
    alphaInt = 2.3227025564411896,
    nInt = 1,
    RInt = {3.980575794443416e-05},
    CInt = {389709239.4447346},
    AFloor = 0.0,
    alphaFloor = 0.0,
    nFloor = 1,
    RFloor = {0.00001},
    RFloorRem =  0.00001,
    CFloor = {0.00001},
    ARoof = 0.0,
    alphaRoof = 0.0,
    nRoof = 1,
    RRoof = {0.00001},
    RRoofRem = 0.00001,
    CRoof = {0.00001},
    nOrientationsRoof = 1,
    tiltRoof = {0.0},
    aziRoof = {0.0},
    wfRoof = {0.0},
    aRoof = 0.0,
    aExt = 0.5,
    TSoil = 286.15,
    alphaWallOut = 20.0,
    alphaRadWall = 5.0,
    alphaWinOut = 20.0,
    alphaRoofOut = 0.0,
    alphaRadRoof = 0.0,
    tiltExtWalls = {1.5707963267948966, 1.5707963267948966, 0.0, 0.0, 1.5707963267948966, 1.5707963267948966, 1.5707963267948966, 1.5707963267948966},
    aziExtWalls = {2.6122755838976124, -0.5277619483966842, 0.0, 0.0, -2.091906217692927, 1.0472834280789571, -2.0919062177094747, -2.0919062176607337},
    wfWall = {0.07092267944897838, 0.07050401059230856, 0.19424700647678644, 0.0, 0.11826195826067762, 0.1738823166843441, 0.05113911293835977, 0.004593818751199303},
    wfWin = {0.14494607529349, 0.14409043351439504, 0.0, 0.0, 0.2416942907344523, 0.355366711496945, 0.1045140112019916, 0.0093884777587259},
    wfGro = 0.3164490968473457,
    nrPeople = 28.571646955078123,
    ratioConvectiveHeatPeople = 0.5,
    nrPeopleMachines = 85.71494086523437,
    ratioConvectiveHeatMachines = 0.75,
    lightingPower = 14.0,
    ratioConvectiveHeatLighting = 0.9,
    useConstantACHrate = false,
    baseACH = 0.2,
    maxUserACH = 1.0,
    maxOverheatingACH = {3.0, 2.0},
    maxSummerACH = {1.0, 283.15, 290.15},
    winterReduction = {0.2, 273.15, 283.15},
    withAHU = false,
    minAHU = 24.0,
    maxAHU = 48.0,
    hHeat = 23441.635885700638,
    lHeat = 0,
    KRHeat = 10000,
    TNHeat = 1,
    HeaterOn = true,
    hCool = 0,
    lCool = 0.0,
    KRCool = 10000,
    TNCool = 1,
    CoolerOn = false);
end Inffeldgasse25F_5_Laboratory;
