 
within Inffeldgasse.Inffeldgasse25F_5.Inffeldgasse25F_5_DataBase;
record Inffeldgasse25F_5_ICT "Inffeldgasse25F_5_ICT"
  extends AixLib.DataBase.ThermalZones.ZoneBaseRecord(
    T_start = 293.15,
    withAirCap = true,
    VAir = 298.47034585282205,
    AZone = 67.81654658203125,
    alphaRad = 5.0,
    lat = 0.88645272708792,
    nOrientations = 8,
    AWin = {0.5691146786949309, 0.565755096207433, 0.0, 0.0, 0.9489858096207104, 1.3953079545130778, 0.41036266614258105, 0.03686281599741786},
    ATransparent = {0.5691146786949309, 0.565755096207433, 0.0, 0.0, 0.9489858096207104, 1.3953079545130778, 0.41036266614258105, 0.03686281599741786},
    alphaWin = 2.7,
    RWin = 0.041581541014380385,
    gWin = 0.7800000000000001,
    UWin= 3.0017821341055915,
    ratioWinConRad = 0.030000000000000002,
    AExt = {7.12162422258792, 7.079584041730851, 22.60551552734375, 22.60551552734375, 11.875146752821324, 17.4602049443123, 5.135078768216623, 0.4612833461298506},
    alphaExt = 2.2207850683110926,
    nExt = 1,
    RExt = {0.000318116970610279},
    RExtRem = 0.008361219121436805 ,
    CExt = {30970157.313649744},
    AInt = 479.31447007157203,
    alphaInt = 2.32270255644119,
    nInt = 1,
    RInt = {0.00013975400302834715},
    CInt = {110999837.69981967},
    AFloor = 0.0,
    alphaFloor = 0.0,
    nFloor = 1,
    RFloor = {0.00001},
    RFloorRem =  0.00001,
    CFloor = {0.00001},
    ARoof = 0.0,
    alphaRoof = 0.0,
    nRoof = 1,
    RRoof = {0.00001},
    RRoofRem = 0.00001,
    CRoof = {0.00001},
    nOrientationsRoof = 1,
    tiltRoof = {0.0},
    aziRoof = {0.0},
    wfRoof = {0.0},
    aRoof = 0.0,
    aExt = 0.5,
    TSoil = 286.15,
    alphaWallOut = 20.0,
    alphaRadWall = 5.0,
    alphaWinOut = 20.0,
    alphaRoofOut = 0.0,
    alphaRadRoof = 0.0,
    tiltExtWalls = {1.5707963267948966, 1.5707963267948966, 0.0, 0.0, 1.5707963267948966, 1.5707963267948966, 1.5707963267948966, 1.5707963267948966},
    aziExtWalls = {2.6122755838976124, -0.5277619483966842, 0.0, 0.0, -2.091906217692927, 1.0472834280789571, -2.0919062177094747, -2.0919062176607337},
    wfWall = {0.07092267944897841, 0.07050401059230858, 0.19424700647678647, 0.0, 0.11826195826067765, 0.17388231668434417, 0.05113911293835979, 0.004593818751199303},
    wfWin = {0.14494607529349, 0.14409043351439507, 0.0, 0.0, 0.24169429073445237, 0.35536671149694504, 0.1045140112019916, 0.009388477758725903},
    wfGro = 0.3164490968473456,
    nrPeople = 2.034496397460938,
    ratioConvectiveHeatPeople = 0.5,
    nrPeopleMachines = 101.72481987304688,
    ratioConvectiveHeatMachines = 0.75,
    lightingPower = 7.1,
    ratioConvectiveHeatLighting = 0.9,
    useConstantACHrate = false,
    baseACH = 0.2,
    maxUserACH = 1.0,
    maxOverheatingACH = {3.0, 2.0},
    maxSummerACH = {1.0, 283.15, 290.15},
    winterReduction = {0.2, 273.15, 283.15},
    withAHU = false,
    minAHU = 0.0,
    maxAHU = 130.0,
    hHeat = 3338.4091463143714,
    lHeat = 0,
    KRHeat = 10000,
    TNHeat = 1,
    HeaterOn = true,
    hCool = 0,
    lCool = 0.0,
    KRCool = 10000,
    TNCool = 1,
    CoolerOn = false);
end Inffeldgasse25F_5_ICT;
