 
within Inffeldgasse.Inffeldgasse25F_5.Inffeldgasse25F_5_DataBase;
record Inffeldgasse25F_5_Meeting "Inffeldgasse25F_5_Meeting"
  extends AixLib.DataBase.ThermalZones.ZoneBaseRecord(
    T_start = 293.15,
    withAirCap = true,
    VAir = 456.24486109927295,
    AZone = 103.66507529296875,
    alphaRad = 5.0,
    lat = 0.88645272708792,
    nOrientations = 8,
    AWin = {0.8699545905936138, 0.8648190980173567, 0.0, 0.0, 1.4506295345973257, 2.13288218659901, 0.6272846204522833, 0.056348882219486154},
    ATransparent = {0.8699545905936138, 0.8648190980173567, 0.0, 0.0, 1.4506295345973257, 2.13288218659901, 0.6272846204522833, 0.056348882219486154},
    alphaWin = 2.7,
    RWin = 0.027202184585165063,
    gWin = 0.78,
    UWin= 3.0017821341055906,
    ratioWinConRad = 0.029999999999999995,
    AExt = {10.886188525536303, 10.82192546978476, 34.555025097656255, 34.555025097656255, 18.15247228428546, 26.689850064738966, 7.8495345748488425, 0.7051224991249215},
    alphaExt = 2.220785068311092,
    nExt = 1,
    RExt = {0.00020810860644201898},
    RExtRem = 0.0054698171436137364 ,
    CExt = {47341303.14157349},
    AInt = 1465.370123761046,
    alphaInt = 2.32270255644119,
    nInt = 1,
    RInt = {4.57127621313756e-05},
    CInt = {339351002.45013},
    AFloor = 0.0,
    alphaFloor = 0.0,
    nFloor = 1,
    RFloor = {0.00001},
    RFloorRem =  0.00001,
    CFloor = {0.00001},
    ARoof = 0.0,
    alphaRoof = 0.0,
    nRoof = 1,
    RRoof = {0.00001},
    RRoofRem = 0.00001,
    CRoof = {0.00001},
    nOrientationsRoof = 1,
    tiltRoof = {0.0},
    aziRoof = {0.0},
    wfRoof = {0.0},
    aRoof = 0.0,
    aExt = 0.5,
    TSoil = 286.15,
    alphaWallOut = 20.0,
    alphaRadWall = 5.0,
    alphaWinOut = 19.999999999999993,
    alphaRoofOut = 0.0,
    alphaRadRoof = 0.0,
    tiltExtWalls = {1.5707963267948966, 1.5707963267948966, 0.0, 0.0, 1.5707963267948966, 1.5707963267948966, 1.5707963267948966, 1.5707963267948966},
    aziExtWalls = {2.6122755838976124, -0.5277619483966842, 0.0, 0.0, -2.091906217692927, 1.0472834280789571, -2.0919062177094747, -2.0919062176607337},
    wfWall = {0.0709226794489784, 0.07050401059230858, 0.19424700647678647, 0.0, 0.11826195826067765, 0.17388231668434415, 0.05113911293835978, 0.004593818751199303},
    wfWin = {0.14494607529349005, 0.1440904335143951, 0.0, 0.0, 0.24169429073445234, 0.3553667114969451, 0.10451401120199161, 0.009388477758725904},
    wfGro = 0.3164490968473456,
    nrPeople = 24.879618070312503,
    ratioConvectiveHeatPeople = 0.5,
    nrPeopleMachines = 2.073301505859375,
    ratioConvectiveHeatMachines = 0.75,
    lightingPower = 15.9,
    ratioConvectiveHeatLighting = 0.9,
    useConstantACHrate = false,
    baseACH = 0.2,
    maxUserACH = 1.0,
    maxOverheatingACH = {3.0, 2.0},
    maxSummerACH = {1.0, 283.15, 290.15},
    winterReduction = {0.2, 273.15, 283.15},
    withAHU = false,
    minAHU = 0.0,
    maxAHU = 12.0,
    hHeat = 5103.12678769036,
    lHeat = 0,
    KRHeat = 10000,
    TNHeat = 1,
    HeaterOn = true,
    hCool = 0,
    lCool = 0.0,
    KRCool = 10000,
    TNCool = 1,
    CoolerOn = false);
end Inffeldgasse25F_5_Meeting;
