 
within Inffeldgasse.Inffeldgasse25F_5.Inffeldgasse25F_5_DataBase;
record Inffeldgasse25F_5_Meeting "Inffeldgasse25F_5_Meeting"
  extends AixLib.DataBase.ThermalZones.ZoneBaseRecord(
    T_start = 293.15,
    withAirCap = true,
    VAir = 162.65413942933083,
    AZone = 36.95724609375,
    alphaRad = 4.999999999999998,
    lat = 0.88645272708792,
    nOrientations = 8,
    AWin = {0.31014423907080707, 0.3083134039277564, 0.0, 0.0, 0.5171584793573353, 0.7603858062741568, 0.22363088073165177, 0.020088728063987933},
    ATransparent = {0.31014423907080707, 0.3083134039277564, 0.0, 0.0, 0.5171584793573353, 0.7603858062741568, 0.22363088073165177, 0.020088728063987933},
    alphaWin = 2.7,
    RWin = 0.07630212776138802,
    gWin = 0.7799999999999999,
    UWin= 3.001782134105592,
    ratioWinConRad = 0.03,
    AExt = {3.88099412675091, 3.85808394644733, 12.31908203125, 12.31908203125, 6.471469620066117, 9.515098062295529, 2.7984080480744535, 0.2513805700980112},
    alphaExt = 2.220785068311093,
    nExt = 1,
    RExt = {0.000583744641069862},
    RExtRem = 0.015342837087836533 ,
    CExt = {16877469.92569468},
    AInt = 391.8101935189963,
    alphaInt = 2.3227025564411896,
    nInt = 1,
    RInt = {0.00017096573037134457},
    CInt = {90735562.15244119},
    AFloor = 0.0,
    alphaFloor = 0.0,
    nFloor = 1,
    RFloor = {0.00001},
    RFloorRem =  0.00001,
    CFloor = {0.00001},
    ARoof = 0.0,
    alphaRoof = 0.0,
    nRoof = 1,
    RRoof = {0.00001},
    RRoofRem = 0.00001,
    CRoof = {0.00001},
    nOrientationsRoof = 1,
    tiltRoof = {0.0},
    aziRoof = {0.0},
    wfRoof = {0.0},
    aRoof = 0.0,
    aExt = 0.5,
    TSoil = 286.15,
    alphaWallOut = 20.0,
    alphaRadWall = 5.0,
    alphaWinOut = 19.999999999999996,
    alphaRoofOut = 0.0,
    alphaRadRoof = 0.0,
    tiltExtWalls = {1.5707963267948966, 1.5707963267948966, 0.0, 0.0, 1.5707963267948966, 1.5707963267948966, 1.5707963267948966, 1.5707963267948966},
    aziExtWalls = {2.6122755838976124, -0.5277619483966842, 0.0, 0.0, -2.091906217692927, 1.0472834280789571, -2.0919062177094747, -2.0919062176607337},
    wfWall = {0.07092267944897841, 0.07050401059230857, 0.19424700647678647, 0.0, 0.11826195826067766, 0.17388231668434415, 0.05113911293835979, 0.004593818751199303},
    wfWin = {0.14494607529349002, 0.14409043351439504, 0.0, 0.0, 0.24169429073445228, 0.35536671149694504, 0.10451401120199155, 0.009388477758725899},
    wfGro = 0.3164490968473457,
    nrPeople = 8.8697390625,
    ratioConvectiveHeatPeople = 0.5,
    nrPeopleMachines = 0.739144921875,
    ratioConvectiveHeatMachines = 0.75,
    lightingPower = 15.9,
    ratioConvectiveHeatLighting = 0.9,
    useConstantACHrate = false,
    baseACH = 0.2,
    maxUserACH = 1.0,
    maxOverheatingACH = {3.0, 2.0},
    maxSummerACH = {1.0, 283.15, 290.15},
    winterReduction = {0.2, 273.15, 283.15},
    withAHU = false,
    minAHU = 0.0,
    maxAHU = 12.0,
    hHeat = 1819.2965375010194,
    lHeat = 0,
    KRHeat = 10000,
    TNHeat = 1,
    HeaterOn = true,
    hCool = 0,
    lCool = 0.0,
    KRCool = 10000,
    TNCool = 1,
    CoolerOn = false);
end Inffeldgasse25F_5_Meeting;
