 
within Inffeldgasse.Inffeldgasse25B_12.Inffeldgasse25B_12_DataBase;
record Inffeldgasse25B_12_Laboratory "Inffeldgasse25B_12_Laboratory"
  extends AixLib.DataBase.ThermalZones.ZoneBaseRecord(
    T_start = 293.15,
    withAirCap = true,
    VAir = 104.11577639949247,
    AZone = 11.943224780273436,
    alphaRad = 4.999999999999999,
    lat = 0.88645272708792,
    nOrientations = 9,
    AWin = {2.4565631122130536, 0.6447048620637559, 0.346237453476358, 1.4874711463314492, 0.0, 0.530899219308712, 0.0, 0.08074154513963842, 0.45263931000288793},
    ATransparent = {2.4565631122130536, 0.6447048620637559, 0.346237453476358, 1.4874711463314492, 0.0, 0.530899219308712, 0.0, 0.08074154513963842, 0.45263931000288793},
    alphaWin = 2.6999999999999993,
    RWin = 0.02721425597991288,
    gWin = 0.7800000000000001,
    UWin= 3.0017821341055915,
    ratioWinConRad = 0.030000000000000002,
    AExt = {30.740235701476866, 8.067523003662675, 4.332647052960914, 18.613490290580028, 11.943224780273436, 6.643414555133343, 11.943224780273436, 1.0103604162068267, 5.664108122468571},
    alphaExt = 2.4586208860687293,
    nExt = 1,
    RExt = {0.000286938969566248},
    RExtRem = 0.008298788852762433 ,
    CExt = {36936422.30965309},
    AInt = 52.05788819974625,
    alphaInt = 2.7,
    nInt = 1,
    RInt = {0.000396467668361198},
    CInt = {7730410.777618472},
    AFloor = 0.0,
    alphaFloor = 0.0,
    nFloor = 1,
    RFloor = {0.00001},
    RFloorRem =  0.00001,
    CFloor = {0.00001},
    ARoof = 0.0,
    alphaRoof = 0.0,
    nRoof = 1,
    RRoof = {0.00001},
    RRoofRem = 0.00001,
    CRoof = {0.00001},
    nOrientationsRoof = 1,
    tiltRoof = {0.0},
    aziRoof = {0.0},
    wfRoof = {0.0},
    aRoof = 0.0,
    aExt = 0.5,
    TSoil = 286.15,
    alphaWallOut = 20.0,
    alphaRadWall = 5.000000000000001,
    alphaWinOut = 20.0,
    alphaRoofOut = 0.0,
    alphaRadRoof = 0.0,
    tiltExtWalls = {1.5707963267948966, 1.5707963267948966, 1.5707963267948966, 1.5707963267948966, 0.0, 1.5707963267948966, 0.0, 1.5707963267948966, 1.5707963267948966},
    aziExtWalls = {2.6110834058005032, -0.5411312118582994, -0.5253391173679804, -0.5288148518295697, 0.0, -2.126674913644486, 0.0, 1.0882830322071844, 1.0501545219600767},
    wfWall = {0.3008875747947805, 0.07896547881890653, 0.0424082520663474, 0.18219014344544365, 0.10086778986467128, 0.06502620582555854, 0.0, 0.009889478345363231, 0.05544068604077449},
    wfWin = {0.409477916370287, 0.10746412427964704, 0.05771339246852504, 0.24794257580136583, 0.0, 0.08849416692954455, 0.0, 0.01345859160056834, 0.0754492325500621},
    wfGro = 0.16432439079815428,
    nrPeople = 0.7165934868164061,
    ratioConvectiveHeatPeople = 0.5,
    nrPeopleMachines = 2.1497804604492186,
    ratioConvectiveHeatMachines = 0.75,
    lightingPower = 14.0,
    ratioConvectiveHeatLighting = 0.9,
    useConstantACHrate = false,
    baseACH = 0.2,
    maxUserACH = 1.0,
    maxOverheatingACH = {3.0, 2.0},
    maxSummerACH = {1.0, 283.15, 290.15},
    winterReduction = {0.2, 273.15, 283.15},
    withAHU = false,
    minAHU = 24.0,
    maxAHU = 48.0,
    hHeat = 3513.733155355764,
    lHeat = 0,
    KRHeat = 10000,
    TNHeat = 1,
    HeaterOn = true,
    hCool = 0,
    lCool = 0.0,
    KRCool = 10000,
    TNCool = 1,
    CoolerOn = false);
end Inffeldgasse25B_12_Laboratory;
