 
within Inffeldgasse.Inffeldgasse25B_12.Inffeldgasse25B_12_DataBase;
record Inffeldgasse25B_12_Office "Inffeldgasse25B_12_Office"
  extends AixLib.DataBase.ThermalZones.ZoneBaseRecord(
    T_start = 293.15,
    withAirCap = true,
    VAir = 132.51833395045998,
    AZone = 15.201310546875,
    alphaRad = 4.999999999999999,
    lat = 0.88645272708792,
    nOrientations = 9,
    AWin = {3.1267081909424976, 0.8205789474463017, 0.4406902783866722, 1.893250042672547, 0.0, 0.6757273726552485, 0.0, 0.10276766319674585, 0.5761183301550146},
    ATransparent = {3.1267081909424976, 0.8205789474463017, 0.4406902783866722, 1.893250042672547, 0.0, 0.6757273726552485, 0.0, 0.10276766319674585, 0.5761183301550146},
    alphaWin = 2.7000000000000006,
    RWin = 0.02138144440860838,
    gWin = 0.7800000000000001,
    UWin= 3.0017821341055915,
    ratioWinConRad = 0.030000000000000002,
    AExt = {39.12610520017234, 10.268325747773991, 5.514583753865656, 23.691209993442957, 15.201310546875, 8.455723609172436, 15.201310546875, 1.2859845421646847, 7.209264509777616},
    alphaExt = 2.45862088606873,
    nExt = 1,
    RExt = {0.00022543955017445766},
    RExtRem = 0.006520115510234388 ,
    CExt = {47012598.05031515},
    AInt = 463.81416882661006,
    alphaInt = 2.7,
    nInt = 1,
    RInt = {4.44990061570909e-05},
    CInt = {51642738.829308935},
    AFloor = 0.0,
    alphaFloor = 0.0,
    nFloor = 1,
    RFloor = {0.00001},
    RFloorRem =  0.00001,
    CFloor = {0.00001},
    ARoof = 0.0,
    alphaRoof = 0.0,
    nRoof = 1,
    RRoof = {0.00001},
    RRoofRem = 0.00001,
    CRoof = {0.00001},
    nOrientationsRoof = 1,
    tiltRoof = {0.0},
    aziRoof = {0.0},
    wfRoof = {0.0},
    aRoof = 0.0,
    aExt = 0.5,
    TSoil = 286.15,
    alphaWallOut = 19.999999999999996,
    alphaRadWall = 4.999999999999999,
    alphaWinOut = 20.0,
    alphaRoofOut = 0.0,
    alphaRadRoof = 0.0,
    tiltExtWalls = {1.5707963267948966, 1.5707963267948966, 1.5707963267948966, 1.5707963267948966, 0.0, 1.5707963267948966, 0.0, 1.5707963267948966, 1.5707963267948966},
    aziExtWalls = {2.6110834058005032, -0.5411312118582994, -0.5253391173679804, -0.5288148518295697, 0.0, -2.126674913644486, 0.0, 1.0882830322071844, 1.0501545219600767},
    wfWall = {0.3008875747947805, 0.07896547881890652, 0.042408252066347386, 0.1821901434454437, 0.10086778986467126, 0.06502620582555854, 0.0, 0.009889478345363231, 0.0554406860407745},
    wfWin = {0.4094779163702871, 0.10746412427964706, 0.057713392468525054, 0.24794257580136586, 0.0, 0.08849416692954457, 0.0, 0.013458591600568342, 0.07544923255006211},
    wfGro = 0.1643243907981543,
    nrPeople = 0.76006552734375,
    ratioConvectiveHeatPeople = 0.5,
    nrPeopleMachines = 1.06409173828125,
    ratioConvectiveHeatMachines = 0.75,
    lightingPower = 12.5,
    ratioConvectiveHeatLighting = 0.9,
    useConstantACHrate = false,
    baseACH = 0.2,
    maxUserACH = 1.0,
    maxOverheatingACH = {3.0, 2.0},
    maxSummerACH = {1.0, 283.15, 290.15},
    winterReduction = {0.2, 273.15, 283.15},
    withAHU = false,
    minAHU = 0.0,
    maxAHU = 2.6,
    hHeat = 4472.271924550604,
    lHeat = 0,
    KRHeat = 10000,
    TNHeat = 1,
    HeaterOn = true,
    hCool = 0,
    lCool = 0.0,
    KRCool = 10000,
    TNCool = 1,
    CoolerOn = false);
end Inffeldgasse25B_12_Office;
