 
within Inffeldgasse.Inffeldgasse25B_12.Inffeldgasse25B_12_DataBase;
record Inffeldgasse25B_12_Storage "Inffeldgasse25B_12_Storage"
  extends AixLib.DataBase.ThermalZones.ZoneBaseRecord(
    T_start = 293.15,
    withAirCap = true,
    VAir = 363.6173797421158,
    AZone = 41.7109130859375,
    alphaRad = 5.0,
    lat = 0.88645272708792,
    nOrientations = 9,
    AWin = {8.57938223124466, 2.2515885753099742, 1.2092111297195276, 5.1948934097722335, 0.0, 1.85412998594428, 0.0, 0.2819844416983881, 1.5808124912790034},
    ATransparent = {8.57938223124466, 2.2515885753099742, 1.2092111297195276, 5.1948934097722335, 0.0, 1.85412998594428, 0.0, 0.2819844416983881, 1.5808124912790034},
    alphaWin = 2.7,
    RWin = 0.007792348628915053,
    gWin = 0.7799999999999999,
    UWin= 3.0017821341055915,
    ratioWinConRad = 0.03,
    AExt = {107.35821548827776, 28.175284064014004, 15.131479812436254, 65.00636888444714, 41.710913085937506, 23.20168063492437, 41.710913085937506, 3.5286161217933425, 19.781518471950776},
    alphaExt = 2.4586208860687297,
    nExt = 1,
    RExt = {8.216019161913569e-05},
    RExtRem = 0.002376219874840976 ,
    CExt = {128997982.45513298},
    AInt = 727.2347594842316,
    alphaInt = 2.7,
    nInt = 1,
    RInt = {2.8380477260189078e-05},
    CInt = {80972935.44665164},
    AFloor = 0.0,
    alphaFloor = 0.0,
    nFloor = 1,
    RFloor = {0.00001},
    RFloorRem =  0.00001,
    CFloor = {0.00001},
    ARoof = 0.0,
    alphaRoof = 0.0,
    nRoof = 1,
    RRoof = {0.00001},
    RRoofRem = 0.00001,
    CRoof = {0.00001},
    nOrientationsRoof = 1,
    tiltRoof = {0.0},
    aziRoof = {0.0},
    wfRoof = {0.0},
    aRoof = 0.0,
    aExt = 0.5,
    TSoil = 286.15,
    alphaWallOut = 20.0,
    alphaRadWall = 4.999999999999999,
    alphaWinOut = 20.0,
    alphaRoofOut = 0.0,
    alphaRadRoof = 0.0,
    tiltExtWalls = {1.5707963267948966, 1.5707963267948966, 1.5707963267948966, 1.5707963267948966, 0.0, 1.5707963267948966, 0.0, 1.5707963267948966, 1.5707963267948966},
    aziExtWalls = {2.6110834058005032, -0.5411312118582994, -0.5253391173679804, -0.5288148518295697, 0.0, -2.126674913644486, 0.0, 1.0882830322071844, 1.0501545219600767},
    wfWall = {0.3008875747947805, 0.07896547881890652, 0.04240825206634739, 0.1821901434454437, 0.10086778986467129, 0.06502620582555854, 0.0, 0.009889478345363233, 0.0554406860407745},
    wfWin = {0.40947791637028713, 0.10746412427964705, 0.05771339246852504, 0.2479425758013659, 0.0, 0.08849416692954457, 0.0, 0.013458591600568342, 0.0754492325500621},
    wfGro = 0.16432439079815434,
    nrPeople = 0.0,
    ratioConvectiveHeatPeople = 0.5,
    nrPeopleMachines = 0.0,
    ratioConvectiveHeatMachines = 0.75,
    lightingPower = 11.3,
    ratioConvectiveHeatLighting = 0.9,
    useConstantACHrate = false,
    baseACH = 0.2,
    maxUserACH = 1.0,
    maxOverheatingACH = {3.0, 2.0},
    maxSummerACH = {1.0, 283.15, 290.15},
    winterReduction = {0.2, 273.15, 283.15},
    withAHU = false,
    minAHU = 0.0,
    maxAHU = 0.5,
    hHeat = 12271.47784175471,
    lHeat = 0,
    KRHeat = 10000,
    TNHeat = 1,
    HeaterOn = true,
    hCool = 0,
    lCool = 0.0,
    KRCool = 10000,
    TNCool = 1,
    CoolerOn = false);
end Inffeldgasse25B_12_Storage;
