 
within Inffeldgasse.Inffeldgasse25B_12.Inffeldgasse25B_12_DataBase;
record Inffeldgasse25B_12_Meeting "Inffeldgasse25B_12_Meeting"
  extends AixLib.DataBase.ThermalZones.ZoneBaseRecord(
    T_start = 293.15,
    withAirCap = true,
    VAir = 22.66548333725855,
    AZone = 2.5999802490234374,
    alphaRad = 5.0,
    lat = 0.88645272708792,
    nOrientations = 9,
    AWin = {0.5347814924142503, 0.14034902119432172, 0.07537416041918388, 0.32381502254246913, 0.0, 0.11557410245719342, 0.0, 0.01757703019919952, 0.09853731195639122},
    ATransparent = {0.5347814924142503, 0.14034902119432172, 0.07537416041918388, 0.32381502254246913, 0.0, 0.11557410245719342, 0.0, 0.01757703019919952, 0.09853731195639122},
    alphaWin = 2.6999999999999997,
    RWin = 0.12501094057082976,
    gWin = 0.7799999999999999,
    UWin= 3.00178213410559,
    ratioWinConRad = 0.029999999999999992,
    AExt = {6.691995432102647, 1.7562593733235394, 0.943195574975193, 4.052063660463872, 2.5999802490234374, 1.4462380929102854, 2.5999802490234374, 0.2199504049251183, 1.2330479847515983},
    alphaExt = 2.4586208860687297,
    nExt = 1,
    RExt = {0.0013180779404139413},
    RExtRem = 0.038121174462689464 ,
    CExt = {8040874.239703293},
    AInt = 45.330966674517114,
    alphaInt = 2.7000000000000006,
    nInt = 1,
    RInt = {0.00045530177422763233},
    CInt = {5047312.97617462},
    AFloor = 0.0,
    alphaFloor = 0.0,
    nFloor = 1,
    RFloor = {0.00001},
    RFloorRem =  0.00001,
    CFloor = {0.00001},
    ARoof = 0.0,
    alphaRoof = 0.0,
    nRoof = 1,
    RRoof = {0.00001},
    RRoofRem = 0.00001,
    CRoof = {0.00001},
    nOrientationsRoof = 1,
    tiltRoof = {0.0},
    aziRoof = {0.0},
    wfRoof = {0.0},
    aRoof = 0.0,
    aExt = 0.5,
    TSoil = 286.15,
    alphaWallOut = 20.0,
    alphaRadWall = 4.999999999999999,
    alphaWinOut = 19.999999999999996,
    alphaRoofOut = 0.0,
    alphaRadRoof = 0.0,
    tiltExtWalls = {1.5707963267948966, 1.5707963267948966, 1.5707963267948966, 1.5707963267948966, 0.0, 1.5707963267948966, 0.0, 1.5707963267948966, 1.5707963267948966},
    aziExtWalls = {2.6110834058005032, -0.5411312118582994, -0.5253391173679804, -0.5288148518295697, 0.0, -2.126674913644486, 0.0, 1.0882830322071844, 1.0501545219600767},
    wfWall = {0.30088757479478057, 0.07896547881890653, 0.0424082520663474, 0.1821901434454437, 0.10086778986467128, 0.06502620582555854, 0.0, 0.009889478345363233, 0.05544068604077449},
    wfWin = {0.4094779163702872, 0.10746412427964706, 0.057713392468525054, 0.24794257580136586, 0.0, 0.08849416692954458, 0.0, 0.013458591600568344, 0.07544923255006213},
    wfGro = 0.16432439079815434,
    nrPeople = 0.623995259765625,
    ratioConvectiveHeatPeople = 0.5,
    nrPeopleMachines = 0.051999604980468746,
    ratioConvectiveHeatMachines = 0.75,
    lightingPower = 15.9,
    ratioConvectiveHeatLighting = 0.9,
    useConstantACHrate = false,
    baseACH = 0.2,
    maxUserACH = 1.0,
    maxOverheatingACH = {3.0, 2.0},
    maxSummerACH = {1.0, 283.15, 290.15},
    winterReduction = {0.2, 273.15, 283.15},
    withAHU = false,
    minAHU = 0.0,
    maxAHU = 12.0,
    hHeat = 764.92211880271,
    lHeat = 0,
    KRHeat = 10000,
    TNHeat = 1,
    HeaterOn = true,
    hCool = 0,
    lCool = 0.0,
    KRCool = 10000,
    TNCool = 1,
    CoolerOn = false);
end Inffeldgasse25B_12_Meeting;
