 
within Inffeldgasse.Inffeldgasse25B_12.Inffeldgasse25B_12_DataBase;
record Inffeldgasse25B_12_ICT "Inffeldgasse25B_12_ICT"
  extends AixLib.DataBase.ThermalZones.ZoneBaseRecord(
    T_start = 293.15,
    withAirCap = true,
    VAir = 14.827508707261837,
    AZone = 1.7008783447265627,
    alphaRad = 4.999999999999998,
    lat = 0.88645272708792,
    nOrientations = 9,
    AWin = {0.34984814209631, 0.09181477857097341, 0.04930894273411851, 0.2118362090429344, 0.0, 0.07560730053795008, 0.0, 0.011498698900367602, 0.06446202047771049},
    ATransparent = {0.34984814209631, 0.09181477857097341, 0.04930894273411851, 0.2118362090429344, 0.0, 0.07560730053795008, 0.0, 0.011498698900367602, 0.06446202047771049},
    alphaWin = 2.7,
    RWin = 0.1910930181477806,
    gWin = 0.78,
    UWin= 3.001782134105591,
    ratioWinConRad = 0.03,
    AExt = {4.377829453799772, 1.1489254723881266, 0.6170281212404561, 2.6508152645102334, 1.7008783447265627, 0.9461129770019159, 1.7008783447265627, 0.14388912407757296, 0.8066463643562151},
    alphaExt = 2.4586208860687293,
    nExt = 1,
    RExt = {0.002014827587390248},
    RExtRem = 0.05827242199882503 ,
    CExt = {5260251.062337093},
    AInt = 14.827508707261837,
    alphaInt = 2.6999999999999997,
    nInt = 1,
    RInt = {0.0013919580127613178},
    CInt = {1650948.1838289527},
    AFloor = 0.0,
    alphaFloor = 0.0,
    nFloor = 1,
    RFloor = {0.00001},
    RFloorRem =  0.00001,
    CFloor = {0.00001},
    ARoof = 0.0,
    alphaRoof = 0.0,
    nRoof = 1,
    RRoof = {0.00001},
    RRoofRem = 0.00001,
    CRoof = {0.00001},
    nOrientationsRoof = 1,
    tiltRoof = {0.0},
    aziRoof = {0.0},
    wfRoof = {0.0},
    aRoof = 0.0,
    aExt = 0.5,
    TSoil = 286.15,
    alphaWallOut = 20.0,
    alphaRadWall = 5.0,
    alphaWinOut = 20.0,
    alphaRoofOut = 0.0,
    alphaRadRoof = 0.0,
    tiltExtWalls = {1.5707963267948966, 1.5707963267948966, 1.5707963267948966, 1.5707963267948966, 0.0, 1.5707963267948966, 0.0, 1.5707963267948966, 1.5707963267948966},
    aziExtWalls = {2.6110834058005032, -0.5411312118582994, -0.5253391173679804, -0.5288148518295697, 0.0, -2.126674913644486, 0.0, 1.0882830322071844, 1.0501545219600767},
    wfWall = {0.30088757479478057, 0.07896547881890653, 0.042408252066347386, 0.18219014344544365, 0.10086778986467126, 0.06502620582555851, 0.0, 0.009889478345363233, 0.05544068604077451},
    wfWin = {0.4094779163702871, 0.10746412427964706, 0.057713392468525054, 0.2479425758013658, 0.0, 0.08849416692954455, 0.0, 0.013458591600568342, 0.07544923255006213},
    wfGro = 0.1643243907981543,
    nrPeople = 0.05102635034179688,
    ratioConvectiveHeatPeople = 0.5,
    nrPeopleMachines = 2.551317517089844,
    ratioConvectiveHeatMachines = 0.75,
    lightingPower = 7.1,
    ratioConvectiveHeatLighting = 0.9,
    useConstantACHrate = false,
    baseACH = 0.2,
    maxUserACH = 1.0,
    maxOverheatingACH = {3.0, 2.0},
    maxSummerACH = {1.0, 283.15, 290.15},
    winterReduction = {0.2, 273.15, 283.15},
    withAHU = false,
    minAHU = 0.0,
    maxAHU = 130.0,
    hHeat = 500.40359643599754,
    lHeat = 0,
    KRHeat = 10000,
    TNHeat = 1,
    HeaterOn = true,
    hCool = 0,
    lCool = 0.0,
    KRCool = 10000,
    TNCool = 1,
    CoolerOn = false);
end Inffeldgasse25B_12_ICT;
