 
within Inffeldgasse.Inffeldgasse25B_12.Inffeldgasse25B_12_DataBase;
record Inffeldgasse25B_12_Office "Inffeldgasse25B_12_Office"
  extends AixLib.DataBase.ThermalZones.ZoneBaseRecord(
    T_start = 293.15,
    withAirCap = true,
    VAir = 8.080386216491462,
    AZone = 0.9269091796875,
    alphaRad = 5.0,
    lat = 0.88645272708792,
    nOrientations = 9,
    AWin = {0.19065293847210354, 0.05003530167355499, 0.026871358438211725, 0.11544207577271628, 0.0, 0.04120288857653955, 0.0, 0.006266320926630846, 0.03512916647286674},
    ATransparent = {0.19065293847210354, 0.05003530167355499, 0.026871358438211725, 0.11544207577271628, 0.0, 0.04120288857653955, 0.0, 0.006266320926630846, 0.03512916647286674},
    alphaWin = 2.7000000000000006,
    RWin = 0.3506556883011774,
    gWin = 0.7800000000000001,
    UWin= 3.0017821341055915,
    ratioWinConRad = 0.030000000000000002,
    AExt = {2.385738121961728, 0.6261174236447556, 0.3362551069430279, 1.4445859752099364, 0.9269091796875002, 0.5155929029983193, 0.9269091796875002, 0.0784136915954076, 0.4395892993766839},
    alphaExt = 2.4586208860687293,
    nExt = 1,
    RExt = {0.0036972086228611034},
    RExtRem = 0.1069298943678439 ,
    CExt = {2866621.832336289},
    AInt = 24.24115864947439,
    alphaInt = 2.7000000000000006,
    nInt = 1,
    RInt = {0.0008514143178056728},
    CInt = {2699097.84822172},
    AFloor = 0.0,
    alphaFloor = 0.0,
    nFloor = 1,
    RFloor = {0.00001},
    RFloorRem =  0.00001,
    CFloor = {0.00001},
    ARoof = 0.0,
    alphaRoof = 0.0,
    nRoof = 1,
    RRoof = {0.00001},
    RRoofRem = 0.00001,
    CRoof = {0.00001},
    nOrientationsRoof = 1,
    tiltRoof = {0.0},
    aziRoof = {0.0},
    wfRoof = {0.0},
    aRoof = 0.0,
    aExt = 0.5,
    TSoil = 286.15,
    alphaWallOut = 20.000000000000004,
    alphaRadWall = 5.0,
    alphaWinOut = 20.0,
    alphaRoofOut = 0.0,
    alphaRadRoof = 0.0,
    tiltExtWalls = {1.5707963267948966, 1.5707963267948966, 1.5707963267948966, 1.5707963267948966, 0.0, 1.5707963267948966, 0.0, 1.5707963267948966, 1.5707963267948966},
    aziExtWalls = {2.6110834058005032, -0.5411312118582994, -0.5253391173679804, -0.5288148518295697, 0.0, -2.126674913644486, 0.0, 1.0882830322071844, 1.0501545219600767},
    wfWall = {0.3008875747947805, 0.07896547881890653, 0.0424082520663474, 0.18219014344544368, 0.10086778986467129, 0.06502620582555854, 0.0, 0.009889478345363231, 0.0554406860407745},
    wfWin = {0.4094779163702871, 0.10746412427964702, 0.05771339246852504, 0.24794257580136578, 0.0, 0.08849416692954457, 0.0, 0.013458591600568342, 0.0754492325500621},
    wfGro = 0.16432439079815434,
    nrPeople = 0.046345458984375004,
    ratioConvectiveHeatPeople = 0.5,
    nrPeopleMachines = 0.064883642578125,
    ratioConvectiveHeatMachines = 0.75,
    lightingPower = 12.5,
    ratioConvectiveHeatLighting = 0.9,
    useConstantACHrate = false,
    baseACH = 0.2,
    maxUserACH = 1.0,
    maxOverheatingACH = {3.0, 2.0},
    maxSummerACH = {1.0, 283.15, 290.15},
    winterReduction = {0.2, 273.15, 283.15},
    withAHU = false,
    minAHU = 0.0,
    maxAHU = 2.6,
    hHeat = 272.69950759454906,
    lHeat = 0,
    KRHeat = 10000,
    TNHeat = 1,
    HeaterOn = true,
    hCool = 0,
    lCool = 0.0,
    KRCool = 10000,
    TNCool = 1,
    CoolerOn = false);
end Inffeldgasse25B_12_Office;
