 
within Inffeldgasse.Inffeldgasse25B_12.Inffeldgasse25B_12_DataBase;
record Inffeldgasse25B_12_Floor "Inffeldgasse25B_12_Floor"
  extends AixLib.DataBase.ThermalZones.ZoneBaseRecord(
    T_start = 293.15,
    withAirCap = true,
    VAir = 108.80240040505754,
    AZone = 12.480832104492187,
    alphaRad = 5.000000000000001,
    lat = 0.88645272708792,
    nOrientations = 9,
    AWin = {2.567141816526874, 0.6737253370344178, 0.3618228413705208, 1.5544275502796245, 0.0, 0.554796894683105, 0.0, 0.08437601127708431, 0.4730142265571507},
    ATransparent = {2.567141816526874, 0.6737253370344178, 0.3618228413705208, 1.5544275502796245, 0.0, 0.554796894683105, 0.0, 0.08437601127708431, 0.4730142265571507},
    alphaWin = 2.7,
    RWin = 0.02604201175649294,
    gWin = 0.78,
    UWin= 3.001782134105591,
    ratioWinConRad = 0.030000000000000006,
    AExt = {32.12396381221467, 8.430671109376634, 4.52767501498787, 19.45135015620179, 12.480832104492187, 6.942458438872368, 12.480832104492187, 1.0558403573321633, 5.919069916107048},
    alphaExt = 2.45862088606873,
    nExt = 1,
    RExt = {0.0002745791773383664},
    RExtRem = 0.007941321527504193 ,
    CExt = {38599062.97240816},
    AInt = 707.215602632874,
    alphaInt = 2.7000000000000006,
    nInt = 1,
    RInt = {2.9183843622120232e-05},
    CInt = {78743930.47366185},
    AFloor = 0.0,
    alphaFloor = 0.0,
    nFloor = 1,
    RFloor = {0.00001},
    RFloorRem =  0.00001,
    CFloor = {0.00001},
    ARoof = 0.0,
    alphaRoof = 0.0,
    nRoof = 1,
    RRoof = {0.00001},
    RRoofRem = 0.00001,
    CRoof = {0.00001},
    nOrientationsRoof = 1,
    tiltRoof = {0.0},
    aziRoof = {0.0},
    wfRoof = {0.0},
    aRoof = 0.0,
    aExt = 0.5,
    TSoil = 286.15,
    alphaWallOut = 20.0,
    alphaRadWall = 5.0,
    alphaWinOut = 20.0,
    alphaRoofOut = 0.0,
    alphaRadRoof = 0.0,
    tiltExtWalls = {1.5707963267948966, 1.5707963267948966, 1.5707963267948966, 1.5707963267948966, 0.0, 1.5707963267948966, 0.0, 1.5707963267948966, 1.5707963267948966},
    aziExtWalls = {2.6110834058005032, -0.5411312118582994, -0.5253391173679804, -0.5288148518295697, 0.0, -2.126674913644486, 0.0, 1.0882830322071844, 1.0501545219600767},
    wfWall = {0.3008875747947805, 0.0789654788189065, 0.042408252066347386, 0.18219014344544365, 0.10086778986467128, 0.0650262058255585, 0.0, 0.00988947834536323, 0.05544068604077448},
    wfWin = {0.4094779163702871, 0.10746412427964705, 0.05771339246852503, 0.2479425758013658, 0.0, 0.08849416692954458, 0.0, 0.013458591600568342, 0.07544923255006211},
    wfGro = 0.1643243907981543,
    nrPeople = 0.0,
    ratioConvectiveHeatPeople = 0.5,
    nrPeopleMachines = 0.0,
    ratioConvectiveHeatMachines = 0.75,
    lightingPower = 7.0,
    ratioConvectiveHeatLighting = 0.9,
    useConstantACHrate = false,
    baseACH = 0.2,
    maxUserACH = 1.0,
    maxOverheatingACH = {3.0, 2.0},
    maxSummerACH = {1.0, 283.15, 290.15},
    winterReduction = {0.2, 273.15, 283.15},
    withAHU = false,
    minAHU = 0.0,
    maxAHU = 2.0,
    hHeat = 3671.898869760603,
    lHeat = 0,
    KRHeat = 10000,
    TNHeat = 1,
    HeaterOn = true,
    hCool = 0,
    lCool = 0.0,
    KRCool = 10000,
    TNCool = 1,
    CoolerOn = false);
end Inffeldgasse25B_12_Floor;
