 
within Inffeldgasse.Inffeldgasse25B_12.Inffeldgasse25B_12_DataBase;
record Inffeldgasse25B_12_Restroom "Inffeldgasse25B_12_Restroom"
  extends AixLib.DataBase.ThermalZones.ZoneBaseRecord(
    T_start = 293.15,
    withAirCap = true,
    VAir = 11.87816773824245,
    AZone = 1.362556494140625,
    alphaRad = 4.999999999999998,
    lat = 0.88645272708792,
    nOrientations = 9,
    AWin = {0.28025981955399215, 0.07355189346012582, 0.039500896904171225, 0.16969985138589294, 0.0, 0.06056824620751313, 0.0, 0.009211491762147342, 0.051639874715114116},
    ATransparent = {0.28025981955399215, 0.07355189346012582, 0.039500896904171225, 0.16969985138589294, 0.0, 0.06056824620751313, 0.0, 0.009211491762147342, 0.051639874715114116},
    alphaWin = 2.6999999999999997,
    RWin = 0.2385412845586241,
    gWin = 0.7799999999999998,
    UWin= 3.001782134105591,
    ratioWinConRad = 0.03,
    AExt = {3.5070350392837404, 0.9203926127577907, 0.4942950072062509, 2.123541383558606, 1.362556494140625, 0.7579215674075293, 1.362556494140625, 0.11526812664524917, 0.6461962700837253},
    alphaExt = 2.45862088606873,
    nExt = 1,
    RExt = {0.0025151079067082353},
    RExtRem = 0.07274142474002988 ,
    CExt = {4213934.093534346},
    AInt = 29.695419345606123,
    alphaInt = 2.7,
    nInt = 1,
    RInt = {0.0006950320961678961},
    CInt = {3306394.864071608},
    AFloor = 0.0,
    alphaFloor = 0.0,
    nFloor = 1,
    RFloor = {0.00001},
    RFloorRem =  0.00001,
    CFloor = {0.00001},
    ARoof = 0.0,
    alphaRoof = 0.0,
    nRoof = 1,
    RRoof = {0.00001},
    RRoofRem = 0.00001,
    CRoof = {0.00001},
    nOrientationsRoof = 1,
    tiltRoof = {0.0},
    aziRoof = {0.0},
    wfRoof = {0.0},
    aRoof = 0.0,
    aExt = 0.5,
    TSoil = 286.15,
    alphaWallOut = 20.0,
    alphaRadWall = 5.0,
    alphaWinOut = 20.0,
    alphaRoofOut = 0.0,
    alphaRadRoof = 0.0,
    tiltExtWalls = {1.5707963267948966, 1.5707963267948966, 1.5707963267948966, 1.5707963267948966, 0.0, 1.5707963267948966, 0.0, 1.5707963267948966, 1.5707963267948966},
    aziExtWalls = {2.6110834058005032, -0.5411312118582994, -0.5253391173679804, -0.5288148518295697, 0.0, -2.126674913644486, 0.0, 1.0882830322071844, 1.0501545219600767},
    wfWall = {0.30088757479478057, 0.07896547881890652, 0.04240825206634739, 0.18219014344544368, 0.10086778986467128, 0.06502620582555853, 0.0, 0.009889478345363233, 0.0554406860407745},
    wfWin = {0.40947791637028713, 0.10746412427964702, 0.05771339246852502, 0.24794257580136586, 0.0, 0.08849416692954455, 0.0, 0.013458591600568339, 0.07544923255006213},
    wfGro = 0.1643243907981543,
    nrPeople = 0.0,
    ratioConvectiveHeatPeople = 0.5,
    nrPeopleMachines = 0.0,
    ratioConvectiveHeatMachines = 0.75,
    lightingPower = 11.1,
    ratioConvectiveHeatLighting = 0.9,
    useConstantACHrate = false,
    baseACH = 0.2,
    maxUserACH = 1.0,
    maxOverheatingACH = {3.0, 2.0},
    maxSummerACH = {1.0, 283.15, 290.15},
    winterReduction = {0.2, 273.15, 283.15},
    withAHU = false,
    minAHU = 0.0,
    maxAHU = 8.0,
    hHeat = 400.8682761639871,
    lHeat = 0,
    KRHeat = 10000,
    TNHeat = 1,
    HeaterOn = true,
    hCool = 0,
    lCool = 0.0,
    KRCool = 10000,
    TNCool = 1,
    CoolerOn = false);
end Inffeldgasse25B_12_Restroom;
