 
within Inffeldgasse.Inffeldgasse25B_12.Inffeldgasse25B_12_DataBase;
record Inffeldgasse25B_12_Storage "Inffeldgasse25B_12_Storage"
  extends AixLib.DataBase.ThermalZones.ZoneBaseRecord(
    T_start = 293.15,
    withAirCap = true,
    VAir = 9.211640286800268,
    AZone = 1.05667646484375,
    alphaRad = 5.0,
    lat = 0.88645272708792,
    nOrientations = 9,
    AWin = {0.21734434985819803, 0.057040243907852686, 0.030633348619561365, 0.13160396638089658, 0.0, 0.04697129297725509, 0.0, 0.007143605856359164, 0.040047249779068095},
    ATransparent = {0.21734434985819803, 0.057040243907852686, 0.030633348619561365, 0.13160396638089658, 0.0, 0.04697129297725509, 0.0, 0.007143605856359164, 0.040047249779068095},
    alphaWin = 2.7,
    RWin = 0.30759270903612057,
    gWin = 0.78,
    UWin= 3.001782134105591,
    ratioWinConRad = 0.03,
    AExt = {2.7197414590363707, 0.7137738629550214, 0.3833308219150518, 1.6468280117393275, 1.05667646484375, 0.587775909418084, 1.05667646484375, 0.08939160841876467, 0.5011318012894197},
    alphaExt = 2.45862088606873,
    nExt = 1,
    RExt = {0.003243165458650093},
    RExtRem = 0.09379815295424906 ,
    CExt = {3267948.8888633684},
    AInt = 23.029100717000674,
    alphaInt = 2.7000000000000006,
    nInt = 1,
    RInt = {0.0008962255976901814},
    CInt = {2564142.955810636},
    AFloor = 0.0,
    alphaFloor = 0.0,
    nFloor = 1,
    RFloor = {0.00001},
    RFloorRem =  0.00001,
    CFloor = {0.00001},
    ARoof = 0.0,
    alphaRoof = 0.0,
    nRoof = 1,
    RRoof = {0.00001},
    RRoofRem = 0.00001,
    CRoof = {0.00001},
    nOrientationsRoof = 1,
    tiltRoof = {0.0},
    aziRoof = {0.0},
    wfRoof = {0.0},
    aRoof = 0.0,
    aExt = 0.5,
    TSoil = 286.15,
    alphaWallOut = 20.0,
    alphaRadWall = 4.999999999999999,
    alphaWinOut = 20.0,
    alphaRoofOut = 0.0,
    alphaRadRoof = 0.0,
    tiltExtWalls = {1.5707963267948966, 1.5707963267948966, 1.5707963267948966, 1.5707963267948966, 0.0, 1.5707963267948966, 0.0, 1.5707963267948966, 1.5707963267948966},
    aziExtWalls = {2.6110834058005032, -0.5411312118582994, -0.5253391173679804, -0.5288148518295697, 0.0, -2.126674913644486, 0.0, 1.0882830322071844, 1.0501545219600767},
    wfWall = {0.30088757479478057, 0.07896547881890653, 0.0424082520663474, 0.18219014344544365, 0.10086778986467128, 0.06502620582555853, 0.0, 0.009889478345363233, 0.0554406860407745},
    wfWin = {0.40947791637028713, 0.10746412427964706, 0.05771339246852505, 0.2479425758013659, 0.0, 0.08849416692954457, 0.0, 0.01345859160056834, 0.07544923255006211},
    wfGro = 0.16432439079815434,
    nrPeople = 0.0,
    ratioConvectiveHeatPeople = 0.5,
    nrPeopleMachines = 0.0,
    ratioConvectiveHeatMachines = 0.75,
    lightingPower = 11.3,
    ratioConvectiveHeatLighting = 0.9,
    useConstantACHrate = false,
    baseACH = 0.2,
    maxUserACH = 1.0,
    maxOverheatingACH = {3.0, 2.0},
    maxSummerACH = {1.0, 283.15, 290.15},
    winterReduction = {0.2, 273.15, 283.15},
    withAHU = false,
    minAHU = 0.0,
    maxAHU = 0.5,
    hHeat = 310.877438657786,
    lHeat = 0,
    KRHeat = 10000,
    TNHeat = 1,
    HeaterOn = true,
    hCool = 0,
    lCool = 0.0,
    KRCool = 10000,
    TNCool = 1,
    CoolerOn = false);
end Inffeldgasse25B_12_Storage;
