 
within Inffeldgasse.Inffeldgasse25D_4.Inffeldgasse25D_4_DataBase;
record Inffeldgasse25D_4_ICT "Inffeldgasse25D_4_ICT"
  extends AixLib.DataBase.ThermalZones.ZoneBaseRecord(
    T_start = 293.15,
    withAirCap = true,
    VAir = 32.97026241356135,
    AZone = 7.32709765625,
    alphaRad = 5.0,
    lat = 0.88645272708792,
    nOrientations = 8,
    AWin = {0.06081832138716239, 0.129628233863063, 0.19136665152976176, 0.0, 0.0, 0.0326795179638947, 0.28027663365204064, 0.31178875775625076},
    ATransparent = {0.06081832138716239, 0.129628233863063, 0.19136665152976176, 0.0, 0.0, 0.0326795179638947, 0.28027663365204064, 0.31178875775625076},
    alphaWin = 2.6999999999999997,
    RWin = 0.16220156939032246,
    gWin = 0.78,
    UWin= 3.0017821341055915,
    ratioWinConRad = 0.029999999999999992,
    AExt = {0.7610508865474644, 1.622104656178329, 2.394669179953506, 3.663548828125, 3.663548828125, 0.4089355896563039, 3.507245442726887, 3.901572833544436},
    alphaExt = 2.3322232231153435,
    nExt = 1,
    RExt = {0.0014691981092464453},
    RExtRem = 0.04034169566040726 ,
    CExt = {6959704.989688952},
    AInt = 47.624457726061365,
    alphaInt = 2.3922968572830414,
    nInt = 1,
    RInt = {0.0014243825419791847},
    CInt = {9940270.574046664},
    AFloor = 0.0,
    alphaFloor = 0.0,
    nFloor = 1,
    RFloor = {0.00001},
    RFloorRem =  0.00001,
    CFloor = {0.00001},
    ARoof = 0.0,
    alphaRoof = 0.0,
    nRoof = 1,
    RRoof = {0.00001},
    RRoofRem = 0.00001,
    CRoof = {0.00001},
    nOrientationsRoof = 1,
    tiltRoof = {0.0},
    aziRoof = {0.0},
    wfRoof = {0.0},
    aRoof = 0.0,
    aExt = 0.5,
    TSoil = 286.15,
    alphaWallOut = 20.000000000000004,
    alphaRadWall = 4.999999999999999,
    alphaWinOut = 19.999999999999996,
    alphaRoofOut = 0.0,
    alphaRadRoof = 0.0,
    tiltExtWalls = {1.5707963267948966, 1.5707963267948966, 1.5707963267948966, 0.0, 0.0, 1.5707963267948966, 1.5707963267948966, 1.5707963267948966},
    aziExtWalls = {2.6154955812051264, 2.6154955813553595, -0.5321676245233404, 0.0, 0.0, 1.0523966665507518, 1.0523966666759346, -2.0921069398183243},
    wfWall = {0.036402768027001736, 0.07758889787548576, 0.11454238895209702, 0.15120165137155783, 0.0, 0.01956030493016866, 0.1677594028495797, 0.1866209649190286},
    wfWin = {0.06042206645718185, 0.12878365569054293, 0.19011982364347715, 0.0, 0.0, 0.0324665982415606, 0.2784505227810094, 0.309757333186228},
    wfGro = 0.24632362107508074,
    nrPeople = 0.21981292968750002,
    ratioConvectiveHeatPeople = 0.5,
    nrPeopleMachines = 10.990646484375,
    ratioConvectiveHeatMachines = 0.75,
    lightingPower = 7.1,
    ratioConvectiveHeatLighting = 0.9,
    useConstantACHrate = false,
    baseACH = 0.2,
    maxUserACH = 1.0,
    maxOverheatingACH = {3.0, 2.0},
    maxSummerACH = {1.0, 283.15, 290.15},
    winterReduction = {0.2, 273.15, 283.15},
    withAHU = false,
    minAHU = 0.0,
    maxAHU = 130.0,
    hHeat = 683.0703443677154,
    lHeat = 0,
    KRHeat = 10000,
    TNHeat = 1,
    HeaterOn = true,
    hCool = 0,
    lCool = 0.0,
    KRCool = 10000,
    TNCool = 1,
    CoolerOn = false);
end Inffeldgasse25D_4_ICT;
