 
within Inffeldgasse.Inffeldgasse25D_4.Inffeldgasse25D_4_DataBase;
record Inffeldgasse25D_4_Storage "Inffeldgasse25D_4_Storage"
  extends AixLib.DataBase.ThermalZones.ZoneBaseRecord(
    T_start = 293.15,
    withAirCap = true,
    VAir = 20.482887820959096,
    AZone = 4.551984375,
    alphaRad = 5.0,
    lat = 0.88645272708792,
    nOrientations = 8,
    AWin = {0.03778358930864584, 0.080531981800486, 0.11888718405663673, 0.0, 0.0, 0.020302261841329675, 0.17412281327701706, 0.19369982770688057},
    ATransparent = {0.03778358930864584, 0.080531981800486, 0.11888718405663673, 0.0, 0.0, 0.020302261841329675, 0.17412281327701706, 0.19369982770688057},
    alphaWin = 2.6999999999999997,
    RWin = 0.26108761388705415,
    gWin = 0.7799999999999999,
    UWin= 3.0017821341055906,
    ratioWinConRad = 0.02999999999999999,
    AExt = {0.4728054554027844, 1.0077380425304059, 1.4876963842762922, 2.2759921875, 2.2759921875, 0.2540526279063686, 2.178888176952943, 2.42386541157529},
    alphaExt = 2.332223223115343,
    nExt = 1,
    RExt = {0.002364893447778271},
    RExtRem = 0.06493597503232222 ,
    CExt = {4323740.429561529},
    AInt = 73.96714142739775,
    alphaInt = 2.3922968572830414,
    nInt = 1,
    RInt = {0.0009171024436953689},
    CInt = {15438567.376584744},
    AFloor = 0.0,
    alphaFloor = 0.0,
    nFloor = 1,
    RFloor = {0.00001},
    RFloorRem =  0.00001,
    CFloor = {0.00001},
    ARoof = 0.0,
    alphaRoof = 0.0,
    nRoof = 1,
    RRoof = {0.00001},
    RRoofRem = 0.00001,
    CRoof = {0.00001},
    nOrientationsRoof = 1,
    tiltRoof = {0.0},
    aziRoof = {0.0},
    wfRoof = {0.0},
    aRoof = 0.0,
    aExt = 0.5,
    TSoil = 286.15,
    alphaWallOut = 20.0,
    alphaRadWall = 5.0,
    alphaWinOut = 20.0,
    alphaRoofOut = 0.0,
    alphaRadRoof = 0.0,
    tiltExtWalls = {1.5707963267948966, 1.5707963267948966, 1.5707963267948966, 0.0, 0.0, 1.5707963267948966, 1.5707963267948966, 1.5707963267948966},
    aziExtWalls = {2.6154955812051264, 2.6154955813553595, -0.5321676245233404, 0.0, 0.0, 1.0523966665507518, 1.0523966666759346, -2.0921069398183243},
    wfWall = {0.03640276802700173, 0.07758889787548573, 0.11454238895209701, 0.15120165137155786, 0.0, 0.019560304930168658, 0.16775940284957963, 0.18662096491902855},
    wfWin = {0.060422066457181865, 0.12878365569054293, 0.19011982364347715, 0.0, 0.0, 0.0324665982415606, 0.2784505227810094, 0.309757333186228},
    wfGro = 0.24632362107508074,
    nrPeople = 0.0,
    ratioConvectiveHeatPeople = 0.5,
    nrPeopleMachines = 0.0,
    ratioConvectiveHeatMachines = 0.75,
    lightingPower = 11.3,
    ratioConvectiveHeatLighting = 0.9,
    useConstantACHrate = false,
    baseACH = 0.2,
    maxUserACH = 1.0,
    maxOverheatingACH = {3.0, 2.0},
    maxSummerACH = {1.0, 283.15, 290.15},
    winterReduction = {0.2, 273.15, 283.15},
    withAHU = false,
    minAHU = 0.0,
    maxAHU = 0.5,
    hHeat = 424.35977797231374,
    lHeat = 0,
    KRHeat = 10000,
    TNHeat = 1,
    HeaterOn = true,
    hCool = 0,
    lCool = 0.0,
    KRCool = 10000,
    TNCool = 1,
    CoolerOn = false);
end Inffeldgasse25D_4_Storage;
