 
within Inffeldgasse.Inffeldgasse25D_4.Inffeldgasse25D_4_DataBase;
record Inffeldgasse25D_4_Meeting "Inffeldgasse25D_4_Meeting"
  extends AixLib.DataBase.ThermalZones.ZoneBaseRecord(
    T_start = 293.15,
    withAirCap = true,
    VAir = 17.967445456981665,
    AZone = 3.99296875,
    alphaRad = 5.000000000000001,
    lat = 0.88645272708792,
    nOrientations = 8,
    AWin = {0.03314349939354899, 0.07064208929867195, 0.10428700355845329, 0.0, 0.0, 0.01780900161520147, 0.15273930989212026, 0.16991212956743915},
    ATransparent = {0.03314349939354899, 0.07064208929867195, 0.10428700355845329, 0.0, 0.0, 0.01780900161520147, 0.15273930989212026, 0.16991212956743915},
    alphaWin = 2.6999999999999997,
    RWin = 0.2976398798312417,
    gWin = 0.7800000000000001,
    UWin= 3.0017821341055906,
    ratioWinConRad = 0.029999999999999992,
    AExt = {0.4147416275463022, 0.8839807390617598, 1.3049968283125375, 1.9964843750000005, 1.9964843750000005, 0.22285318237400759, 1.9113054183797753, 2.126197729452009},
    alphaExt = 2.332223223115344,
    nExt = 1,
    RExt = {0.002695978530467227},
    RExtRem = 0.07402701153684732 ,
    CExt = {3792754.7627732717},
    AInt = 38.93007443547249,
    alphaInt = 2.3922968572830423,
    nInt = 1,
    RInt = {0.0017424946430212012},
    CInt = {8125561.777149864},
    AFloor = 0.0,
    alphaFloor = 0.0,
    nFloor = 1,
    RFloor = {0.00001},
    RFloorRem =  0.00001,
    CFloor = {0.00001},
    ARoof = 0.0,
    alphaRoof = 0.0,
    nRoof = 1,
    RRoof = {0.00001},
    RRoofRem = 0.00001,
    CRoof = {0.00001},
    nOrientationsRoof = 1,
    tiltRoof = {0.0},
    aziRoof = {0.0},
    wfRoof = {0.0},
    aRoof = 0.0,
    aExt = 0.5,
    TSoil = 286.15,
    alphaWallOut = 20.000000000000004,
    alphaRadWall = 5.0,
    alphaWinOut = 20.0,
    alphaRoofOut = 0.0,
    alphaRadRoof = 0.0,
    tiltExtWalls = {1.5707963267948966, 1.5707963267948966, 1.5707963267948966, 0.0, 0.0, 1.5707963267948966, 1.5707963267948966, 1.5707963267948966},
    aziExtWalls = {2.6154955812051264, 2.6154955813553595, -0.5321676245233404, 0.0, 0.0, 1.0523966665507518, 1.0523966666759346, -2.0921069398183243},
    wfWall = {0.036402768027001736, 0.07758889787548576, 0.11454238895209704, 0.15120165137155786, 0.0, 0.019560304930168654, 0.1677594028495797, 0.18662096491902852},
    wfWin = {0.060422066457181865, 0.12878365569054298, 0.19011982364347715, 0.0, 0.0, 0.0324665982415606, 0.2784505227810094, 0.30975733318622806},
    wfGro = 0.24632362107508074,
    nrPeople = 0.9583125000000001,
    ratioConvectiveHeatPeople = 0.5,
    nrPeopleMachines = 0.07985937500000001,
    ratioConvectiveHeatMachines = 0.75,
    lightingPower = 15.9,
    ratioConvectiveHeatLighting = 0.9,
    useConstantACHrate = false,
    baseACH = 0.2,
    maxUserACH = 1.0,
    maxOverheatingACH = {3.0, 2.0},
    maxSummerACH = {1.0, 283.15, 290.15},
    winterReduction = {0.2, 273.15, 283.15},
    withAHU = false,
    minAHU = 0.0,
    maxAHU = 12.0,
    hHeat = 372.24541927395944,
    lHeat = 0,
    KRHeat = 10000,
    TNHeat = 1,
    HeaterOn = true,
    hCool = 0,
    lCool = 0.0,
    KRCool = 10000,
    TNCool = 1,
    CoolerOn = false);
end Inffeldgasse25D_4_Meeting;
