 
within Inffeldgasse.Inffeldgasse25D_4.Inffeldgasse25D_4_DataBase;
record Inffeldgasse25D_4_Floor "Inffeldgasse25D_4_Floor"
  extends AixLib.DataBase.ThermalZones.ZoneBaseRecord(
    T_start = 293.15,
    withAirCap = true,
    VAir = 241.93165307825805,
    AZone = 53.765324218749996,
    alphaRad = 5.000000000000001,
    lat = 0.88645272708792,
    nOrientations = 8,
    AWin = {0.446277219334137, 0.9511957324066175, 1.4042245029145732, 0.0, 0.0, 0.23979820674868776, 2.056634807697399, 2.2878668246255676},
    ATransparent = {0.446277219334137, 0.9511957324066175, 1.4042245029145732, 0.0, 0.0, 0.23979820674868776, 2.056634807697399, 2.2878668246255676},
    alphaWin = 2.7000000000000006,
    RWin = 0.02210470700566222,
    gWin = 0.78,
    UWin= 3.0017821341055915,
    ratioWinConRad = 0.03,
    AExt = {5.5844960149109575, 11.902800651466592, 17.57178229322831, 26.882662109374998, 26.882662109374998, 3.0007181006660115, 25.735727458483666, 28.629252427071293},
    alphaExt = 2.3322232231153435,
    nExt = 1,
    RExt = {0.00020022120538189578},
    RExtRem = 0.00549773572497938 ,
    CExt = {51069442.880742125},
    AInt = 1895.1476903211772,
    alphaInt = 2.529780049882113,
    nInt = 1,
    RInt = {3.369745434733869e-05},
    CInt = {311168149.96021116},
    AFloor = 0.0,
    alphaFloor = 0.0,
    nFloor = 1,
    RFloor = {0.00001},
    RFloorRem =  0.00001,
    CFloor = {0.00001},
    ARoof = 0.0,
    alphaRoof = 0.0,
    nRoof = 1,
    RRoof = {0.00001},
    RRoofRem = 0.00001,
    CRoof = {0.00001},
    nOrientationsRoof = 1,
    tiltRoof = {0.0},
    aziRoof = {0.0},
    wfRoof = {0.0},
    aRoof = 0.0,
    aExt = 0.5,
    TSoil = 286.15,
    alphaWallOut = 20.000000000000004,
    alphaRadWall = 5.0,
    alphaWinOut = 20.0,
    alphaRoofOut = 0.0,
    alphaRadRoof = 0.0,
    tiltExtWalls = {1.5707963267948966, 1.5707963267948966, 1.5707963267948966, 0.0, 0.0, 1.5707963267948966, 1.5707963267948966, 1.5707963267948966},
    aziExtWalls = {2.6154955812051264, 2.6154955813553595, -0.5321676245233404, 0.0, 0.0, 1.0523966665507518, 1.0523966666759346, -2.0921069398183243},
    wfWall = {0.03640276802700172, 0.07758889787548576, 0.11454238895209701, 0.15120165137155786, 0.0, 0.019560304930168665, 0.16775940284957971, 0.18662096491902858},
    wfWin = {0.060422066457181844, 0.12878365569054293, 0.19011982364347713, 0.0, 0.0, 0.03246659824156059, 0.27845052278100946, 0.3097573331862281},
    wfGro = 0.24632362107508074,
    nrPeople = 0.0,
    ratioConvectiveHeatPeople = 0.5,
    nrPeopleMachines = 0.0,
    ratioConvectiveHeatMachines = 0.75,
    lightingPower = 7.0,
    ratioConvectiveHeatLighting = 0.9,
    useConstantACHrate = false,
    baseACH = 0.2,
    maxUserACH = 1.0,
    maxOverheatingACH = {3.0, 2.0},
    maxSummerACH = {1.0, 283.15, 290.15},
    winterReduction = {0.2, 273.15, 283.15},
    withAHU = false,
    minAHU = 0.0,
    maxAHU = 2.0,
    hHeat = 5012.284570523862,
    lHeat = 0,
    KRHeat = 10000,
    TNHeat = 1,
    HeaterOn = true,
    hCool = 0,
    lCool = 0.0,
    KRCool = 10000,
    TNCool = 1,
    CoolerOn = false);
end Inffeldgasse25D_4_Floor;
