 
within Inffeldgasse.Inffeldgasse25D_4.Inffeldgasse25D_4_DataBase;
record Inffeldgasse25D_4_Office "Inffeldgasse25D_4_Office"
  extends AixLib.DataBase.ThermalZones.ZoneBaseRecord(
    T_start = 293.15,
    withAirCap = true,
    VAir = 294.6661054944993,
    AZone = 65.4846875,
    alphaRad = 5.0,
    lat = 0.88645272708792,
    nOrientations = 8,
    AWin = {0.5435533900542033, 1.1585302644982198, 1.7103068583586338, 0.0, 0.0, 0.2920676264893041, 2.5049246822307722, 2.7865589249060014},
    ATransparent = {0.5435533900542033, 1.1585302644982198, 1.7103068583586338, 0.0, 0.0, 0.2920676264893041, 2.5049246822307722, 2.7865589249060014},
    alphaWin = 2.7000000000000006,
    RWin = 0.01814877316044157,
    gWin = 0.78,
    UWin= 3.0017821341055915,
    ratioWinConRad = 0.030000000000000002,
    AExt = {6.801762691759356, 14.497284120612859, 21.401947984325613, 32.74234375, 32.74234375, 3.6547921909337244, 31.34540886142831, 34.86964276301295},
    alphaExt = 2.332223223115344,
    nExt = 1,
    RExt = {0.00016438893478458707},
    RExtRem = 0.004513842166880936 ,
    CExt = {62201178.10948166},
    AInt = 1489.724181730748,
    alphaInt = 2.392296857283042,
    nInt = 1,
    RInt = {4.5535574294979136e-05},
    CInt = {310938164.00560147},
    AFloor = 0.0,
    alphaFloor = 0.0,
    nFloor = 1,
    RFloor = {0.00001},
    RFloorRem =  0.00001,
    CFloor = {0.00001},
    ARoof = 0.0,
    alphaRoof = 0.0,
    nRoof = 1,
    RRoof = {0.00001},
    RRoofRem = 0.00001,
    CRoof = {0.00001},
    nOrientationsRoof = 1,
    tiltRoof = {0.0},
    aziRoof = {0.0},
    wfRoof = {0.0},
    aRoof = 0.0,
    aExt = 0.5,
    TSoil = 286.15,
    alphaWallOut = 20.0,
    alphaRadWall = 5.0,
    alphaWinOut = 19.999999999999996,
    alphaRoofOut = 0.0,
    alphaRadRoof = 0.0,
    tiltExtWalls = {1.5707963267948966, 1.5707963267948966, 1.5707963267948966, 0.0, 0.0, 1.5707963267948966, 1.5707963267948966, 1.5707963267948966},
    aziExtWalls = {2.6154955812051264, 2.6154955813553595, -0.5321676245233404, 0.0, 0.0, 1.0523966665507518, 1.0523966666759346, -2.0921069398183243},
    wfWall = {0.03640276802700172, 0.07758889787548573, 0.11454238895209702, 0.15120165137155783, 0.0, 0.019560304930168654, 0.16775940284957966, 0.18662096491902852},
    wfWin = {0.06042206645718185, 0.12878365569054293, 0.19011982364347713, 0.0, 0.0, 0.0324665982415606, 0.27845052278100946, 0.309757333186228},
    wfGro = 0.24632362107508068,
    nrPeople = 3.2742343750000003,
    ratioConvectiveHeatPeople = 0.5,
    nrPeopleMachines = 4.583928125,
    ratioConvectiveHeatMachines = 0.75,
    lightingPower = 12.5,
    ratioConvectiveHeatLighting = 0.9,
    useConstantACHrate = false,
    baseACH = 0.2,
    maxUserACH = 1.0,
    maxOverheatingACH = {3.0, 2.0},
    maxSummerACH = {1.0, 283.15, 290.15},
    winterReduction = {0.2, 273.15, 283.15},
    withAHU = false,
    minAHU = 0.0,
    maxAHU = 2.6,
    hHeat = 6104.824876092936,
    lHeat = 0,
    KRHeat = 10000,
    TNHeat = 1,
    HeaterOn = true,
    hCool = 0,
    lCool = 0.0,
    KRCool = 10000,
    TNCool = 1,
    CoolerOn = false);
end Inffeldgasse25D_4_Office;
