 
within Inffeldgasse.Inffeldgasse25D_4.Inffeldgasse25D_4_DataBase;
record Inffeldgasse25D_4_Laboratory "Inffeldgasse25D_4_Laboratory"
  extends AixLib.DataBase.ThermalZones.ZoneBaseRecord(
    T_start = 293.15,
    withAirCap = true,
    VAir = 231.5105347132087,
    AZone = 51.449402343749995,
    alphaRad = 4.999999999999998,
    lat = 0.88645272708792,
    nOrientations = 8,
    AWin = {0.4270539896858786, 0.9102233206133877, 1.3437380408506703, 0.0, 0.0, 0.22946898581187092, 1.968046007959969, 2.1893177894764526},
    ATransparent = {0.4270539896858786, 0.9102233206133877, 1.3437380408506703, 0.0, 0.0, 0.22946898581187092, 1.968046007959969, 2.1893177894764526},
    alphaWin = 2.6999999999999997,
    RWin = 0.023099719040065327,
    gWin = 0.7799999999999998,
    UWin= 3.001782134105591,
    ratioWinConRad = 0.029999999999999995,
    AExt = {5.343945870934102, 11.390091822810772, 16.814884132807038, 25.724701171874997, 25.724701171874997, 2.871463254889087, 24.627170315823395, 27.39605774398913},
    alphaExt = 2.332223223115343,
    nExt = 1,
    RExt = {0.00020923387896524864},
    RExtRem = 0.005745208501113492 ,
    CExt = {48869645.118333586},
    AInt = 167.20466970035437,
    alphaInt = 2.3922968572830414,
    nInt = 1,
    RInt = {0.0004057030600747849},
    CInt = {34899287.83285866},
    AFloor = 0.0,
    alphaFloor = 0.0,
    nFloor = 1,
    RFloor = {0.00001},
    RFloorRem =  0.00001,
    CFloor = {0.00001},
    ARoof = 0.0,
    alphaRoof = 0.0,
    nRoof = 1,
    RRoof = {0.00001},
    RRoofRem = 0.00001,
    CRoof = {0.00001},
    nOrientationsRoof = 1,
    tiltRoof = {0.0},
    aziRoof = {0.0},
    wfRoof = {0.0},
    aRoof = 0.0,
    aExt = 0.5,
    TSoil = 286.15,
    alphaWallOut = 20.0,
    alphaRadWall = 4.999999999999999,
    alphaWinOut = 19.999999999999993,
    alphaRoofOut = 0.0,
    alphaRadRoof = 0.0,
    tiltExtWalls = {1.5707963267948966, 1.5707963267948966, 1.5707963267948966, 0.0, 0.0, 1.5707963267948966, 1.5707963267948966, 1.5707963267948966},
    aziExtWalls = {2.6154955812051264, 2.6154955813553595, -0.5321676245233404, 0.0, 0.0, 1.0523966665507518, 1.0523966666759346, -2.0921069398183243},
    wfWall = {0.03640276802700174, 0.07758889787548577, 0.11454238895209701, 0.1512016513715579, 0.0, 0.019560304930168658, 0.16775940284957966, 0.18662096491902858},
    wfWin = {0.06042206645718187, 0.12878365569054293, 0.19011982364347715, 0.0, 0.0, 0.0324665982415606, 0.27845052278100946, 0.30975733318622806},
    wfGro = 0.24632362107508074,
    nrPeople = 3.0869641406249997,
    ratioConvectiveHeatPeople = 0.5,
    nrPeopleMachines = 9.260892421874999,
    ratioConvectiveHeatMachines = 0.75,
    lightingPower = 14.0,
    ratioConvectiveHeatLighting = 0.9,
    useConstantACHrate = false,
    baseACH = 0.2,
    maxUserACH = 1.0,
    maxOverheatingACH = {3.0, 2.0},
    maxSummerACH = {1.0, 283.15, 290.15},
    winterReduction = {0.2, 273.15, 283.15},
    withAHU = false,
    minAHU = 24.0,
    maxAHU = 48.0,
    hHeat = 4796.382227344966,
    lHeat = 0,
    KRHeat = 10000,
    TNHeat = 1,
    HeaterOn = true,
    hCool = 0,
    lCool = 0.0,
    KRCool = 10000,
    TNCool = 1,
    CoolerOn = false);
end Inffeldgasse25D_4_Laboratory;
