 
within Inffeldgasse.Inffeldgasse25D_4.Inffeldgasse25D_4_DataBase;
record Inffeldgasse25D_4_Meeting "Inffeldgasse25D_4_Meeting"
  extends AixLib.DataBase.ThermalZones.ZoneBaseRecord(
    T_start = 293.15,
    withAirCap = true,
    VAir = 50.39868450683356,
    AZone = 11.200277343749999,
    alphaRad = 4.999999999999999,
    lat = 0.88645272708792,
    nOrientations = 8,
    AWin = {0.09296751579890489, 0.19815106048277475, 0.2925250449814614, 0.0, 0.0, 0.049954249530640114, 0.4284337642473972, 0.4766035234366666},
    ATransparent = {0.09296751579890489, 0.19815106048277475, 0.2925250449814614, 0.0, 0.0, 0.049954249530640114, 0.4284337642473972, 0.4766035234366666},
    alphaWin = 2.7,
    RWin = 0.10611047409313432,
    gWin = 0.7799999999999999,
    UWin= 3.0017821341055915,
    ratioWinConRad = 0.029999999999999995,
    AExt = {1.1633502652673773, 2.4795659730682353, 3.6605161034166662, 5.6001386718749995, 5.6001386718749995, 0.6251031765590911, 5.361211698555268, 5.963984631112884},
    alphaExt = 2.3322232231153435,
    nExt = 1,
    RExt = {0.0009611331659419711},
    RExtRem = 0.026391091456986576 ,
    CExt = {10638677.109579021},
    AInt = 145.59847838866713,
    alphaInt = 2.3922968572830414,
    nInt = 1,
    RInt = {0.00046590765856181895},
    CInt = {30389601.046540488},
    AFloor = 0.0,
    alphaFloor = 0.0,
    nFloor = 1,
    RFloor = {0.00001},
    RFloorRem =  0.00001,
    CFloor = {0.00001},
    ARoof = 0.0,
    alphaRoof = 0.0,
    nRoof = 1,
    RRoof = {0.00001},
    RRoofRem = 0.00001,
    CRoof = {0.00001},
    nOrientationsRoof = 1,
    tiltRoof = {0.0},
    aziRoof = {0.0},
    wfRoof = {0.0},
    aRoof = 0.0,
    aExt = 0.5,
    TSoil = 286.15,
    alphaWallOut = 20.000000000000004,
    alphaRadWall = 4.999999999999999,
    alphaWinOut = 19.999999999999996,
    alphaRoofOut = 0.0,
    alphaRadRoof = 0.0,
    tiltExtWalls = {1.5707963267948966, 1.5707963267948966, 1.5707963267948966, 0.0, 0.0, 1.5707963267948966, 1.5707963267948966, 1.5707963267948966},
    aziExtWalls = {2.6154955812051264, 2.6154955813553595, -0.5321676245233404, 0.0, 0.0, 1.0523966665507518, 1.0523966666759346, -2.0921069398183243},
    wfWall = {0.03640276802700173, 0.07758889787548576, 0.11454238895209705, 0.15120165137155786, 0.0, 0.01956030493016866, 0.16775940284957971, 0.18662096491902855},
    wfWin = {0.06042206645718185, 0.12878365569054293, 0.19011982364347715, 0.0, 0.0, 0.0324665982415606, 0.27845052278100946, 0.30975733318622806},
    wfGro = 0.24632362107508074,
    nrPeople = 2.6880665625,
    ratioConvectiveHeatPeople = 0.5,
    nrPeopleMachines = 0.224005546875,
    ratioConvectiveHeatMachines = 0.75,
    lightingPower = 15.9,
    ratioConvectiveHeatLighting = 0.9,
    useConstantACHrate = false,
    baseACH = 0.2,
    maxUserACH = 1.0,
    maxOverheatingACH = {3.0, 2.0},
    maxSummerACH = {1.0, 283.15, 290.15},
    winterReduction = {0.2, 273.15, 283.15},
    withAHU = false,
    minAHU = 0.0,
    maxAHU = 12.0,
    hHeat = 1044.1484010634558,
    lHeat = 0,
    KRHeat = 10000,
    TNHeat = 1,
    HeaterOn = true,
    hCool = 0,
    lCool = 0.0,
    KRCool = 10000,
    TNCool = 1,
    CoolerOn = false);
end Inffeldgasse25D_4_Meeting;
