 
within Inffeldgasse.Inffeldgasse25A_6.Inffeldgasse25A_6_DataBase;
record Inffeldgasse25A_6_Restroom "Inffeldgasse25A_6_Restroom"
  extends AixLib.DataBase.ThermalZones.ZoneBaseRecord(
    T_start = 293.15,
    withAirCap = true,
    VAir = 62.65919860839844,
    AZone = 8.354559814453125,
    alphaRad = 4.999999999999999,
    lat = 0.88645272708792,
    nOrientations = 8,
    AWin = {0.17535153563438308, 0.033547203808178674, 0.0, 0.0, 0.21067850175028965, 0.0853959005194517, 0.27415344178162393, 0.3617560587336733},
    ATransparent = {0.17535153563438308, 0.033547203808178674, 0.0, 0.0, 0.21067850175028965, 0.0853959005194517, 0.27415344178162393, 0.3617560587336733},
    alphaWin = 2.7,
    RWin = 0.14310438258896607,
    gWin = 0.78,
    UWin= 3.001782134105591,
    ratioWinConRad = 0.029999999999999995,
    AExt = {2.194263810776199, 0.41979338819423595, 8.354559814453125, 8.354559814453125, 2.63632827865903, 1.0686027551488146, 3.4306227985105915, 4.526839329559209},
    alphaExt = 2.1607451263787865,
    nExt = 1,
    RExt = {0.0009807511134300667},
    RExtRem = 0.02520630229613537 ,
    CExt = {9820156.087454004},
    AInt = 156.64799652099612,
    alphaInt = 2.7,
    nInt = 1,
    RInt = {0.00013175571991177657},
    CInt = {17441751.71046256},
    AFloor = 0.0,
    alphaFloor = 0.0,
    nFloor = 1,
    RFloor = {0.00001},
    RFloorRem =  0.00001,
    CFloor = {0.00001},
    ARoof = 0.0,
    alphaRoof = 0.0,
    nRoof = 1,
    RRoof = {0.00001},
    RRoofRem = 0.00001,
    CRoof = {0.00001},
    nOrientationsRoof = 1,
    tiltRoof = {0.0},
    aziRoof = {0.0},
    wfRoof = {0.0},
    aRoof = 0.0,
    aExt = 0.5,
    TSoil = 286.15,
    alphaWallOut = 20.0,
    alphaRadWall = 5.0,
    alphaWinOut = 20.0,
    alphaRoofOut = 0.0,
    alphaRadRoof = 0.0,
    tiltExtWalls = {1.5707963267948966, 1.5707963267948966, 0.0, 0.0, 1.5707963267948966, 1.5707963267948966, 1.5707963267948966, 1.5707963267948966},
    aziExtWalls = {2.6108594062199995, 2.6108594063956163, 0.0, 0.0, -0.5201673838560953, 1.0533615879152491, 1.05336158794181, -2.093199758480399},
    wfWall = {0.06603477801980898, 0.012633377567205036, 0.21694082762808956, 0.0, 0.07933838757838864, 0.03215882492390311, 0.10324210510002729, 0.13623194658305016},
    wfWin = {0.15369813611328598, 0.029404605317403163, 0.0, 0.0, 0.18466272862117955, 0.07485073166922251, 0.24029942400239593, 0.3170843742765128},
    wfGro = 0.3534197525995272,
    nrPeople = 0.0,
    ratioConvectiveHeatPeople = 0.5,
    nrPeopleMachines = 0.0,
    ratioConvectiveHeatMachines = 0.75,
    lightingPower = 11.1,
    ratioConvectiveHeatLighting = 0.9,
    useConstantACHrate = false,
    baseACH = 0.2,
    maxUserACH = 1.0,
    maxOverheatingACH = {3.0, 2.0},
    maxSummerACH = {1.0, 283.15, 290.15},
    winterReduction = {0.2, 273.15, 283.15},
    withAHU = false,
    minAHU = 0.0,
    maxAHU = 8.0,
    hHeat = 979.9586478710432,
    lHeat = 0,
    KRHeat = 10000,
    TNHeat = 1,
    HeaterOn = true,
    hCool = 0,
    lCool = 0.0,
    KRCool = 10000,
    TNCool = 1,
    CoolerOn = false);
end Inffeldgasse25A_6_Restroom;
