 
within Inffeldgasse.Inffeldgasse25A_6.Inffeldgasse25A_6_DataBase;
record Inffeldgasse25A_6_Storage "Inffeldgasse25A_6_Storage"
  extends AixLib.DataBase.ThermalZones.ZoneBaseRecord(
    T_start = 293.15,
    withAirCap = true,
    VAir = 48.59284790039063,
    AZone = 6.479046386718751,
    alphaRad = 4.999999999999999,
    lat = 0.88645272708792,
    nOrientations = 8,
    AWin = {0.1359869051858481, 0.026016198871648768, 0.0, 0.0, 0.16338332788797974, 0.0662253922395748, 0.2126087915857492, 0.2805455149363181},
    ATransparent = {0.1359869051858481, 0.026016198871648768, 0.0, 0.0, 0.16338332788797974, 0.0662253922395748, 0.2126087915857492, 0.2805455149363181},
    alphaWin = 2.7000000000000006,
    RWin = 0.18452933544366673,
    gWin = 0.78,
    UWin= 3.0017821341055915,
    ratioWinConRad = 0.030000000000000006,
    AExt = {1.7016739757039911, 0.325554056150632, 6.479046386718751, 6.479046386718751, 2.044499481409044, 0.8287123407276522, 2.6604829866000506, 3.5106100923112233},
    alphaExt = 2.160745126378786,
    nExt = 1,
    RExt = {0.001264652751528246},
    RExtRem = 0.03250286348712191 ,
    CExt = {7615631.251494935},
    AInt = 121.48211975097658,
    alphaInt = 2.7,
    nInt = 1,
    RInt = {0.00016989553357044877},
    CInt = {13526256.428521987},
    AFloor = 0.0,
    alphaFloor = 0.0,
    nFloor = 1,
    RFloor = {0.00001},
    RFloorRem =  0.00001,
    CFloor = {0.00001},
    ARoof = 0.0,
    alphaRoof = 0.0,
    nRoof = 1,
    RRoof = {0.00001},
    RRoofRem = 0.00001,
    CRoof = {0.00001},
    nOrientationsRoof = 1,
    tiltRoof = {0.0},
    aziRoof = {0.0},
    wfRoof = {0.0},
    aRoof = 0.0,
    aExt = 0.5,
    TSoil = 286.15,
    alphaWallOut = 20.0,
    alphaRadWall = 4.999999999999999,
    alphaWinOut = 20.0,
    alphaRoofOut = 0.0,
    alphaRadRoof = 0.0,
    tiltExtWalls = {1.5707963267948966, 1.5707963267948966, 0.0, 0.0, 1.5707963267948966, 1.5707963267948966, 1.5707963267948966, 1.5707963267948966},
    aziExtWalls = {2.6108594062199995, 2.6108594063956163, 0.0, 0.0, -0.5201673838560953, 1.0533615879152491, 1.05336158794181, -2.093199758480399},
    wfWall = {0.06603477801980898, 0.012633377567205036, 0.21694082762808956, 0.0, 0.07933838757838865, 0.03215882492390311, 0.10324210510002729, 0.13623194658305018},
    wfWin = {0.15369813611328598, 0.02940460531740317, 0.0, 0.0, 0.18466272862117958, 0.07485073166922253, 0.24029942400239596, 0.3170843742765128},
    wfGro = 0.3534197525995272,
    nrPeople = 0.0,
    ratioConvectiveHeatPeople = 0.5,
    nrPeopleMachines = 0.0,
    ratioConvectiveHeatMachines = 0.75,
    lightingPower = 11.3,
    ratioConvectiveHeatLighting = 0.9,
    useConstantACHrate = false,
    baseACH = 0.2,
    maxUserACH = 1.0,
    maxOverheatingACH = {3.0, 2.0},
    maxSummerACH = {1.0, 283.15, 290.15},
    winterReduction = {0.2, 273.15, 283.15},
    withAHU = false,
    minAHU = 0.0,
    maxAHU = 0.5,
    hHeat = 759.9679310020334,
    lHeat = 0,
    KRHeat = 10000,
    TNHeat = 1,
    HeaterOn = true,
    hCool = 0,
    lCool = 0.0,
    KRCool = 10000,
    TNCool = 1,
    CoolerOn = false);
end Inffeldgasse25A_6_Storage;
