 
within Inffeldgasse.Inffeldgasse25A_6.Inffeldgasse25A_6_DataBase;
record Inffeldgasse25A_6_Office "Inffeldgasse25A_6_Office"
  extends AixLib.DataBase.ThermalZones.ZoneBaseRecord(
    T_start = 293.15,
    withAirCap = true,
    VAir = 699.0550048828125,
    AZone = 93.207333984375,
    alphaRad = 5.0,
    lat = 0.88645272708792,
    nOrientations = 8,
    AWin = {1.956302846533253, 0.37426812411845595, 0.0, 0.0, 2.3504268222481293, 0.9527161690605496, 3.058582615794988, 4.035917934171593},
    ATransparent = {1.956302846533253, 0.37426812411845595, 0.0, 0.0, 2.3504268222481293, 0.9527161690605496, 3.058582615794988, 4.035917934171593},
    alphaWin = 2.6999999999999997,
    RWin = 0.012827039171084152,
    gWin = 0.78,
    UWin= 3.001782134105592,
    ratioWinConRad = 0.030000000000000002,
    AExt = {24.480222106618815, 4.683409228833653, 93.207333984375, 93.207333984375, 29.412097802726592, 11.921826656082013, 38.273614894948096, 50.50351360868777},
    alphaExt = 2.1607451263787865,
    nExt = 1,
    RExt = {8.790878882574379e-05},
    RExtRem = 0.0022593453887389627 ,
    CExt = {109558203.96887462},
    AInt = 2446.692517089844,
    alphaInt = 2.6999999999999997,
    nInt = 1,
    RInt = {8.435579628497893e-06},
    CInt = {272423550.5253199},
    AFloor = 0.0,
    alphaFloor = 0.0,
    nFloor = 1,
    RFloor = {0.00001},
    RFloorRem =  0.00001,
    CFloor = {0.00001},
    ARoof = 0.0,
    alphaRoof = 0.0,
    nRoof = 1,
    RRoof = {0.00001},
    RRoofRem = 0.00001,
    CRoof = {0.00001},
    nOrientationsRoof = 1,
    tiltRoof = {0.0},
    aziRoof = {0.0},
    wfRoof = {0.0},
    aRoof = 0.0,
    aExt = 0.5,
    TSoil = 286.15,
    alphaWallOut = 20.0,
    alphaRadWall = 5.0,
    alphaWinOut = 20.0,
    alphaRoofOut = 0.0,
    alphaRadRoof = 0.0,
    tiltExtWalls = {1.5707963267948966, 1.5707963267948966, 0.0, 0.0, 1.5707963267948966, 1.5707963267948966, 1.5707963267948966, 1.5707963267948966},
    aziExtWalls = {2.6108594062199995, 2.6108594063956163, 0.0, 0.0, -0.5201673838560953, 1.0533615879152491, 1.05336158794181, -2.093199758480399},
    wfWall = {0.06603477801980898, 0.012633377567205038, 0.21694082762808953, 0.0, 0.07933838757838868, 0.032158824923903116, 0.1032421051000273, 0.13623194658305016},
    wfWin = {0.15369813611328598, 0.029404605317403174, 0.0, 0.0, 0.18466272862117958, 0.07485073166922251, 0.2402994240023959, 0.3170843742765128},
    wfGro = 0.35341975259952724,
    nrPeople = 4.66036669921875,
    ratioConvectiveHeatPeople = 0.5,
    nrPeopleMachines = 6.524513378906249,
    ratioConvectiveHeatMachines = 0.75,
    lightingPower = 12.5,
    ratioConvectiveHeatLighting = 0.9,
    useConstantACHrate = false,
    baseACH = 0.2,
    maxUserACH = 1.0,
    maxOverheatingACH = {3.0, 2.0},
    maxSummerACH = {1.0, 283.15, 290.15},
    winterReduction = {0.2, 273.15, 283.15},
    withAHU = false,
    minAHU = 0.0,
    maxAHU = 2.6,
    hHeat = 10932.871989853813,
    lHeat = 0,
    KRHeat = 10000,
    TNHeat = 1,
    HeaterOn = true,
    hCool = 0,
    lCool = 0.0,
    KRCool = 10000,
    TNCool = 1,
    CoolerOn = false);
end Inffeldgasse25A_6_Office;
