 
within Inffeldgasse.Inffeldgasse25A_6.Inffeldgasse25A_6_DataBase;
record Inffeldgasse25A_6_Restroom "Inffeldgasse25A_6_Restroom"
  extends AixLib.DataBase.ThermalZones.ZoneBaseRecord(
    T_start = 293.15,
    withAirCap = true,
    VAir = 42.62530517578126,
    AZone = 5.6833740234375005,
    alphaRad = 5.0,
    lat = 0.88645272708792,
    nOrientations = 8,
    AWin = {0.11928675893495443, 0.022821227080393653, 0.0, 0.0, 0.1433187086736664, 0.05809244933296033, 0.18649893998749925, 0.24609255696168247},
    ATransparent = {0.11928675893495443, 0.022821227080393653, 0.0, 0.0, 0.1433187086736664, 0.05809244933296033, 0.18649893998749925, 0.24609255696168247},
    alphaWin = 2.7000000000000006,
    RWin = 0.21036344240578014,
    gWin = 0.7800000000000001,
    UWin= 3.0017821341055915,
    ratioWinConRad = 0.030000000000000002,
    AExt = {1.4926964699157812, 0.28557373346546655, 5.6833740234375, 5.6833740234375, 1.793420597727231, 0.7269406497610983, 2.333757005789518, 3.0794825371151076},
    alphaExt = 2.1607451263787865,
    nExt = 1,
    RExt = {0.0014417041367422003},
    RExtRem = 0.037053264375318994 ,
    CExt = {6680378.290785029},
    AInt = 71.04217529296876,
    alphaInt = 2.7,
    nInt = 1,
    RInt = {0.00029052136240546736},
    CInt = {7910091.478667829},
    AFloor = 0.0,
    alphaFloor = 0.0,
    nFloor = 1,
    RFloor = {0.00001},
    RFloorRem =  0.00001,
    CFloor = {0.00001},
    ARoof = 0.0,
    alphaRoof = 0.0,
    nRoof = 1,
    RRoof = {0.00001},
    RRoofRem = 0.00001,
    CRoof = {0.00001},
    nOrientationsRoof = 1,
    tiltRoof = {0.0},
    aziRoof = {0.0},
    wfRoof = {0.0},
    aRoof = 0.0,
    aExt = 0.5,
    TSoil = 286.15,
    alphaWallOut = 20.0,
    alphaRadWall = 5.0,
    alphaWinOut = 20.0,
    alphaRoofOut = 0.0,
    alphaRadRoof = 0.0,
    tiltExtWalls = {1.5707963267948966, 1.5707963267948966, 0.0, 0.0, 1.5707963267948966, 1.5707963267948966, 1.5707963267948966, 1.5707963267948966},
    aziExtWalls = {2.6108594062199995, 2.6108594063956163, 0.0, 0.0, -0.5201673838560953, 1.0533615879152491, 1.05336158794181, -2.093199758480399},
    wfWall = {0.06603477801980898, 0.012633377567205034, 0.21694082762808958, 0.0, 0.07933838757838867, 0.032158824923903116, 0.1032421051000273, 0.13623194658305013},
    wfWin = {0.15369813611328598, 0.029404605317403167, 0.0, 0.0, 0.18466272862117955, 0.07485073166922251, 0.24029942400239596, 0.3170843742765128},
    wfGro = 0.35341975259952724,
    nrPeople = 0.0,
    ratioConvectiveHeatPeople = 0.5,
    nrPeopleMachines = 0.0,
    ratioConvectiveHeatMachines = 0.75,
    lightingPower = 11.1,
    ratioConvectiveHeatLighting = 0.9,
    useConstantACHrate = false,
    baseACH = 0.2,
    maxUserACH = 1.0,
    maxOverheatingACH = {3.0, 2.0},
    maxSummerACH = {1.0, 283.15, 290.15},
    winterReduction = {0.2, 273.15, 283.15},
    withAHU = false,
    minAHU = 0.0,
    maxAHU = 8.0,
    hHeat = 666.6385359666959,
    lHeat = 0,
    KRHeat = 10000,
    TNHeat = 1,
    HeaterOn = true,
    hCool = 0,
    lCool = 0.0,
    KRCool = 10000,
    TNCool = 1,
    CoolerOn = false);
end Inffeldgasse25A_6_Restroom;
