 
within Inffeldgasse.Inffeldgasse25A_6.Inffeldgasse25A_6_DataBase;
record Inffeldgasse25A_6_Floor "Inffeldgasse25A_6_Floor"
  extends AixLib.DataBase.ThermalZones.ZoneBaseRecord(
    T_start = 293.15,
    withAirCap = true,
    VAir = 573.9497341918944,
    AZone = 76.52663122558593,
    alphaRad = 4.999999999999998,
    lat = 0.88645272708792,
    nOrientations = 8,
    AWin = {1.6061962090591617, 0.30728782263750054, 0.0, 0.0, 1.929786412290918, 0.7822148302683108, 2.5112082269316773, 3.3136362794890544},
    ATransparent = {1.6061962090591617, 0.30728782263750054, 0.0, 0.0, 1.929786412290918, 0.7822148302683108, 2.5112082269316773, 3.3136362794890544},
    alphaWin = 2.7000000000000006,
    RWin = 0.01562298124068178,
    gWin = 0.78,
    UWin= 3.001782134105592,
    ratioWinConRad = 0.030000000000000002,
    AExt = {20.099157967415994, 3.8452503211125078, 76.52663122558593, 76.52663122558593, 24.148408348397165, 9.78825584903319, 31.424038082955857, 41.46523236225492},
    alphaExt = 2.160745126378786,
    nExt = 1,
    RExt = {0.00010707048917506117},
    RExtRem = 0.0027518205997266246 ,
    CExt = {89951293.68542048},
    AInt = 3730.6732722473143,
    alphaInt = 2.7,
    nInt = 1,
    RInt = {5.532317640329959e-06},
    CInt = {415386588.86502296},
    AFloor = 0.0,
    alphaFloor = 0.0,
    nFloor = 1,
    RFloor = {0.00001},
    RFloorRem =  0.00001,
    CFloor = {0.00001},
    ARoof = 0.0,
    alphaRoof = 0.0,
    nRoof = 1,
    RRoof = {0.00001},
    RRoofRem = 0.00001,
    CRoof = {0.00001},
    nOrientationsRoof = 1,
    tiltRoof = {0.0},
    aziRoof = {0.0},
    wfRoof = {0.0},
    aRoof = 0.0,
    aExt = 0.5,
    TSoil = 286.15,
    alphaWallOut = 20.0,
    alphaRadWall = 5.0,
    alphaWinOut = 20.0,
    alphaRoofOut = 0.0,
    alphaRadRoof = 0.0,
    tiltExtWalls = {1.5707963267948966, 1.5707963267948966, 0.0, 0.0, 1.5707963267948966, 1.5707963267948966, 1.5707963267948966, 1.5707963267948966},
    aziExtWalls = {2.6108594062199995, 2.6108594063956163, 0.0, 0.0, -0.5201673838560953, 1.0533615879152491, 1.05336158794181, -2.093199758480399},
    wfWall = {0.06603477801980895, 0.01263337756720503, 0.21694082762808953, 0.0, 0.07933838757838864, 0.03215882492390311, 0.10324210510002728, 0.13623194658305013},
    wfWin = {0.15369813611328595, 0.029404605317403163, 0.0, 0.0, 0.18466272862117955, 0.07485073166922251, 0.24029942400239593, 0.3170843742765128},
    wfGro = 0.3534197525995272,
    nrPeople = 0.0,
    ratioConvectiveHeatPeople = 0.5,
    nrPeopleMachines = 0.0,
    ratioConvectiveHeatMachines = 0.75,
    lightingPower = 7.0,
    ratioConvectiveHeatLighting = 0.9,
    useConstantACHrate = false,
    baseACH = 0.2,
    maxUserACH = 1.0,
    maxOverheatingACH = {3.0, 2.0},
    maxSummerACH = {1.0, 283.15, 290.15},
    winterReduction = {0.2, 273.15, 283.15},
    withAHU = false,
    minAHU = 0.0,
    maxAHU = 2.0,
    hHeat = 8976.287886791562,
    lHeat = 0,
    KRHeat = 10000,
    TNHeat = 1,
    HeaterOn = true,
    hCool = 0,
    lCool = 0.0,
    KRCool = 10000,
    TNCool = 1,
    CoolerOn = false);
end Inffeldgasse25A_6_Floor;
