 
within Inffeldgasse.Inffeldgasse25A_6.Inffeldgasse25A_6_DataBase;
record Inffeldgasse25A_6_ICT "Inffeldgasse25A_6_ICT"
  extends AixLib.DataBase.ThermalZones.ZoneBaseRecord(
    T_start = 293.15,
    withAirCap = true,
    VAir = 78.2174349975586,
    AZone = 10.428991333007813,
    alphaRad = 5.0,
    lat = 0.88645272708792,
    nOrientations = 8,
    AWin = {0.21889120264564144, 0.04187695169252236, 0.0, 0.0, 0.2629898304161779, 0.10659964452598222, 0.3422255548770612, 0.4515798420246874},
    ATransparent = {0.21889120264564144, 0.04187695169252236, 0.0, 0.0, 0.2629898304161779, 0.10659964452598222, 0.3422255548770612, 0.4515798420246874},
    alphaWin = 2.6999999999999997,
    RWin = 0.1146394781502889,
    gWin = 0.78,
    UWin= 3.001782134105591,
    ratioWinConRad = 0.029999999999999995,
    AExt = {2.739098022295459, 0.5240278009091313, 10.428991333007813, 10.428991333007813, 3.2909267968294698, 1.3339360923116157, 4.282444105623766, 5.650850455606223},
    alphaExt = 2.160745126378786,
    nExt = 1,
    RExt = {0.0007856698292873002},
    RExtRem = 0.020192514645950402 ,
    CExt = {12258494.163590558},
    AInt = 78.2174349975586,
    alphaInt = 2.6999999999999997,
    nInt = 1,
    RInt = {0.00026387044723475697},
    CInt = {8709010.71801328},
    AFloor = 0.0,
    alphaFloor = 0.0,
    nFloor = 1,
    RFloor = {0.00001},
    RFloorRem =  0.00001,
    CFloor = {0.00001},
    ARoof = 0.0,
    alphaRoof = 0.0,
    nRoof = 1,
    RRoof = {0.00001},
    RRoofRem = 0.00001,
    CRoof = {0.00001},
    nOrientationsRoof = 1,
    tiltRoof = {0.0},
    aziRoof = {0.0},
    wfRoof = {0.0},
    aRoof = 0.0,
    aExt = 0.5,
    TSoil = 286.15,
    alphaWallOut = 20.0,
    alphaRadWall = 5.0,
    alphaWinOut = 20.0,
    alphaRoofOut = 0.0,
    alphaRadRoof = 0.0,
    tiltExtWalls = {1.5707963267948966, 1.5707963267948966, 0.0, 0.0, 1.5707963267948966, 1.5707963267948966, 1.5707963267948966, 1.5707963267948966},
    aziExtWalls = {2.6108594062199995, 2.6108594063956163, 0.0, 0.0, -0.5201673838560953, 1.0533615879152491, 1.05336158794181, -2.093199758480399},
    wfWall = {0.06603477801980898, 0.012633377567205034, 0.21694082762808958, 0.0, 0.07933838757838865, 0.03215882492390312, 0.10324210510002729, 0.13623194658305013},
    wfWin = {0.15369813611328598, 0.029404605317403174, 0.0, 0.0, 0.18466272862117955, 0.0748507316692225, 0.24029942400239593, 0.31708437427651276},
    wfGro = 0.35341975259952724,
    nrPeople = 0.3128697399902344,
    ratioConvectiveHeatPeople = 0.5,
    nrPeopleMachines = 15.643486999511719,
    ratioConvectiveHeatMachines = 0.75,
    lightingPower = 7.1,
    ratioConvectiveHeatLighting = 0.9,
    useConstantACHrate = false,
    baseACH = 0.2,
    maxUserACH = 1.0,
    maxOverheatingACH = {3.0, 2.0},
    maxSummerACH = {1.0, 283.15, 290.15},
    winterReduction = {0.2, 273.15, 283.15},
    withAHU = false,
    minAHU = 0.0,
    maxAHU = 130.0,
    hHeat = 1223.2817134988873,
    lHeat = 0,
    KRHeat = 10000,
    TNHeat = 1,
    HeaterOn = true,
    hCool = 0,
    lCool = 0.0,
    KRCool = 10000,
    TNCool = 1,
    CoolerOn = false);
end Inffeldgasse25A_6_ICT;
