 
within Inffeldgasse.Inffeldgasse25A_6.Inffeldgasse25A_6_DataBase;
record Inffeldgasse25A_6_Storage "Inffeldgasse25A_6_Storage"
  extends AixLib.DataBase.ThermalZones.ZoneBaseRecord(
    T_start = 293.15,
    withAirCap = true,
    VAir = 1918.1387329101562,
    AZone = 255.7518310546875,
    alphaRad = 5.000000000000001,
    lat = 0.88645272708792,
    nOrientations = 8,
    AWin = {5.367904152072949, 1.0269552186177142, 0.0, 0.0, 6.4493418903149875, 2.614160219983215, 8.392452299437466, 11.07416506327571},
    ATransparent = {5.367904152072949, 1.0269552186177142, 0.0, 0.0, 6.4493418903149875, 2.614160219983215, 8.392452299437466, 11.07416506327571},
    alphaWin = 2.7,
    RWin = 0.004674743164572892,
    gWin = 0.78,
    UWin= 3.001782134105591,
    ratioWinConRad = 0.030000000000000006,
    AExt = {67.17134114621015, 12.850818005945994, 255.75183105468744, 255.75183105468744, 80.7039268977254, 32.71232923924942, 105.0190652605283, 138.57671417017983},
    alphaExt = 2.1607451263787865,
    nExt = 1,
    RExt = {3.2037869705382254e-05},
    RExtRem = 0.0008234058750070888 ,
    CExt = {300617023.08532614},
    AInt = 3836.2774658203125,
    alphaInt = 2.7,
    nInt = 1,
    RInt = {5.380025229730875e-06},
    CInt = {427144939.8480628},
    AFloor = 0.0,
    alphaFloor = 0.0,
    nFloor = 1,
    RFloor = {0.00001},
    RFloorRem =  0.00001,
    CFloor = {0.00001},
    ARoof = 0.0,
    alphaRoof = 0.0,
    nRoof = 1,
    RRoof = {0.00001},
    RRoofRem = 0.00001,
    CRoof = {0.00001},
    nOrientationsRoof = 1,
    tiltRoof = {0.0},
    aziRoof = {0.0},
    wfRoof = {0.0},
    aRoof = 0.0,
    aExt = 0.5,
    TSoil = 286.15,
    alphaWallOut = 19.999999999999996,
    alphaRadWall = 4.999999999999999,
    alphaWinOut = 20.0,
    alphaRoofOut = 0.0,
    alphaRadRoof = 0.0,
    tiltExtWalls = {1.5707963267948966, 1.5707963267948966, 0.0, 0.0, 1.5707963267948966, 1.5707963267948966, 1.5707963267948966, 1.5707963267948966},
    aziExtWalls = {2.6108594062199995, 2.6108594063956163, 0.0, 0.0, -0.5201673838560953, 1.0533615879152491, 1.05336158794181, -2.093199758480399},
    wfWall = {0.06603477801980898, 0.012633377567205036, 0.21694082762808953, 0.0, 0.07933838757838867, 0.032158824923903116, 0.1032421051000273, 0.13623194658305018},
    wfWin = {0.15369813611328595, 0.02940460531740317, 0.0, 0.0, 0.18466272862117958, 0.07485073166922254, 0.24029942400239596, 0.31708437427651287},
    wfGro = 0.3534197525995272,
    nrPeople = 0.0,
    ratioConvectiveHeatPeople = 0.5,
    nrPeopleMachines = 0.0,
    ratioConvectiveHeatMachines = 0.75,
    lightingPower = 11.3,
    ratioConvectiveHeatLighting = 0.9,
    useConstantACHrate = false,
    baseACH = 0.2,
    maxUserACH = 1.0,
    maxOverheatingACH = {3.0, 2.0},
    maxSummerACH = {1.0, 283.15, 290.15},
    winterReduction = {0.2, 273.15, 283.15},
    withAHU = false,
    minAHU = 0.0,
    maxAHU = 0.5,
    hHeat = 29998.734118501307,
    lHeat = 0,
    KRHeat = 10000,
    TNHeat = 1,
    HeaterOn = true,
    hCool = 0,
    lCool = 0.0,
    KRCool = 10000,
    TNCool = 1,
    CoolerOn = false);
end Inffeldgasse25A_6_Storage;
