 
within Inffeldgasse.Inffeldgasse25A_6.Inffeldgasse25A_6_DataBase;
record Inffeldgasse25A_6_Laboratory "Inffeldgasse25A_6_Laboratory"
  extends AixLib.DataBase.ThermalZones.ZoneBaseRecord(
    T_start = 293.15,
    withAirCap = true,
    VAir = 549.2270571899414,
    AZone = 73.23027429199219,
    alphaRad = 5.0,
    lat = 0.88645272708792,
    nOrientations = 8,
    AWin = {1.5370098888768882, 0.29405151093087223, 0.0, 0.0, 1.8466615612601918, 0.748521209655194, 2.4030388417389283, 3.170902596451279},
    ATransparent = {1.5370098888768882, 0.29405151093087223, 0.0, 0.0, 1.8466615612601918, 0.748521209655194, 2.4030388417389283, 3.170902596451279},
    alphaWin = 2.7,
    RWin = 0.016326227582908814,
    gWin = 0.78,
    UWin= 3.001782134105591,
    ratioWinConRad = 0.029999999999999995,
    AExt = {19.233394014864846, 3.6796175557025377, 73.23027429199219, 73.23027429199219, 23.108224401715376, 9.366630272171752, 30.07045901959794, 39.679132490728165},
    alphaExt = 2.1607451263787865,
    nExt = 1,
    RExt = {0.00011189011538550238},
    RExtRem = 0.002875689901072487 ,
    CExt = {86076674.2767652},
    AInt = 274.6135285949707,
    alphaInt = 2.7,
    nInt = 1,
    RInt = {7.515751194036151e-05},
    CInt = {40779129.821502484},
    AFloor = 0.0,
    alphaFloor = 0.0,
    nFloor = 1,
    RFloor = {0.00001},
    RFloorRem =  0.00001,
    CFloor = {0.00001},
    ARoof = 0.0,
    alphaRoof = 0.0,
    nRoof = 1,
    RRoof = {0.00001},
    RRoofRem = 0.00001,
    CRoof = {0.00001},
    nOrientationsRoof = 1,
    tiltRoof = {0.0},
    aziRoof = {0.0},
    wfRoof = {0.0},
    aRoof = 0.0,
    aExt = 0.5,
    TSoil = 286.15,
    alphaWallOut = 20.0,
    alphaRadWall = 5.000000000000001,
    alphaWinOut = 20.0,
    alphaRoofOut = 0.0,
    alphaRadRoof = 0.0,
    tiltExtWalls = {1.5707963267948966, 1.5707963267948966, 0.0, 0.0, 1.5707963267948966, 1.5707963267948966, 1.5707963267948966, 1.5707963267948966},
    aziExtWalls = {2.6108594062199995, 2.6108594063956163, 0.0, 0.0, -0.5201673838560953, 1.0533615879152491, 1.05336158794181, -2.093199758480399},
    wfWall = {0.06603477801980898, 0.012633377567205036, 0.21694082762808956, 0.0, 0.07933838757838865, 0.03215882492390311, 0.10324210510002729, 0.13623194658305013},
    wfWin = {0.153698136113286, 0.029404605317403174, 0.0, 0.0, 0.18466272862117958, 0.07485073166922251, 0.24029942400239596, 0.3170843742765128},
    wfGro = 0.35341975259952724,
    nrPeople = 4.393816457519532,
    ratioConvectiveHeatPeople = 0.5,
    nrPeopleMachines = 13.181449372558594,
    ratioConvectiveHeatMachines = 0.75,
    lightingPower = 14.0,
    ratioConvectiveHeatLighting = 0.9,
    useConstantACHrate = false,
    baseACH = 0.2,
    maxUserACH = 1.0,
    maxOverheatingACH = {3.0, 2.0},
    maxSummerACH = {1.0, 283.15, 290.15},
    winterReduction = {0.2, 273.15, 283.15},
    withAHU = false,
    minAHU = 24.0,
    maxAHU = 48.0,
    hHeat = 8589.637535930877,
    lHeat = 0,
    KRHeat = 10000,
    TNHeat = 1,
    HeaterOn = true,
    hCool = 0,
    lCool = 0.0,
    KRCool = 10000,
    TNCool = 1,
    CoolerOn = false);
end Inffeldgasse25A_6_Laboratory;
