 
within Inffeldgasse.Inffeldgasse25A_1.Inffeldgasse25A_1_DataBase;
record Inffeldgasse25A_1_Storage "Inffeldgasse25A_1_Storage"
  extends AixLib.DataBase.ThermalZones.ZoneBaseRecord(
    T_start = 293.15,
    withAirCap = true,
    VAir = 2525.4662757217884,
    AZone = 298.8907470703125,
    alphaRad = 4.999999999999999,
    lat = 0.88645272708792,
    nOrientations = 13,
    AWin = {0.8952673819783048, 11.557400533867066, 2.4527302855247686, 1.1569626679033238, 1.615520665739716, 7.45785884653263, 8.422972822594513, 5.662667738751516, 0.0, 0.0, 5.846629094427851, 2.4288568723073056, 6.157955991134885},
    ATransparent = {0.8952673819783048, 11.557400533867066, 2.4527302855247686, 1.1569626679033238, 1.615520665739716, 7.45785884653263, 8.422972822594513, 5.662667738751516, 0.0, 0.0, 5.846629094427851, 2.4288568723073056, 6.157955991134885},
    alphaWin = 2.7,
    RWin = 0.003042882210689967,
    gWin = 0.78,
    UWin= 3.001782134105591,
    ratioWinConRad = 0.03,
    AExt = {11.202940482593382, 144.62368776163385, 30.692273572918054, 14.47766797943889, 20.215839682094284, 93.32401745796237, 105.40098423949351, 70.85986927140412, 298.89074707031256, 298.89074707031256, 73.16187218162419, 30.393533294007636, 77.05766551068791},
    alphaExt = 2.2290061969551602,
    nExt = 1,
    RExt = {2.3605023017375202e-05},
    RExtRem = 0.0006223727725922812 ,
    CExt = {418607531.2539638},
    AInt = 5050.932551443577,
    alphaInt = 2.7,
    nInt = 1,
    RInt = {4.086229492108846e-06},
    CInt = {562389008.6380011},
    AFloor = 0.0,
    alphaFloor = 0.0,
    nFloor = 1,
    RFloor = {0.00001},
    RFloorRem =  0.00001,
    CFloor = {0.00001},
    ARoof = 0.0,
    alphaRoof = 0.0,
    nRoof = 1,
    RRoof = {0.00001},
    RRoofRem = 0.00001,
    CRoof = {0.00001},
    nOrientationsRoof = 1,
    tiltRoof = {0.0},
    aziRoof = {0.0},
    wfRoof = {0.0},
    aRoof = 0.0,
    aExt = 0.5,
    TSoil = 286.15,
    alphaWallOut = 20.0,
    alphaRadWall = 4.999999999999999,
    alphaWinOut = 20.0,
    alphaRoofOut = 0.0,
    alphaRadRoof = 0.0,
    tiltExtWalls = {1.5707963267948966, 1.5707963267948966, 1.5707963267948966, 1.5707963267948966, 1.5707963267948966, 1.5707963267948966, 1.5707963267948966, 1.5707963267948966, 0.0, 0.0, 1.5707963267948966, 1.5707963267948966, 1.5707963267948966},
    aziExtWalls = {2.6297895316101982, 2.620174556153833, -2.097739553958722, -0.5307332471941779, -0.5295789011483908, -0.5295789011887406, -0.5295789012316204, -2.1167372357379763, 0.0, 0.0, 1.025682025368303, 1.0610003338268774, 2.619826203741891},
    wfWall = {0.008301862162202547, 0.10717239130672991, 0.02274429869933513, 0.010728576500266457, 0.014980809261166435, 0.06915712268245817, 0.07810667603530798, 0.052510219833526224, 0.19111281013082398, 0.0, 0.054216103292188685, 0.02252291926581357, 0.05710305420302922},
    wfWin = {0.016685683291400678, 0.2154028269787273, 0.04571313728984353, 0.021563069363647, 0.030109514455536043, 0.1389969893354495, 0.15698444924836216, 0.1055388394296817, 0.0, 0.0, 0.10896744744161352, 0.045268192885467844, 0.11476985028027077},
    wfGro = 0.3113431566271518,
    nrPeople = 0.0,
    ratioConvectiveHeatPeople = 0.5,
    nrPeopleMachines = 0.0,
    ratioConvectiveHeatMachines = 0.75,
    lightingPower = 11.3,
    ratioConvectiveHeatLighting = 0.9,
    useConstantACHrate = false,
    baseACH = 0.2,
    maxUserACH = 1.0,
    maxOverheatingACH = {3.0, 2.0},
    maxSummerACH = {1.0, 283.15, 290.15},
    winterReduction = {0.2, 273.15, 283.15},
    withAHU = false,
    minAHU = 0.0,
    maxAHU = 0.5,
    hHeat = 41805.323616386806,
    lHeat = 0,
    KRHeat = 10000,
    TNHeat = 1,
    HeaterOn = true,
    hCool = 0,
    lCool = 0.0,
    KRCool = 10000,
    TNCool = 1,
    CoolerOn = false);
end Inffeldgasse25A_1_Storage;
