 
within Inffeldgasse.Inffeldgasse25A_1.Inffeldgasse25A_1_DataBase;
record Inffeldgasse25A_1_Floor "Inffeldgasse25A_1_Floor"
  extends AixLib.DataBase.ThermalZones.ZoneBaseRecord(
    T_start = 293.15,
    withAirCap = true,
    VAir = 755.6756311687528,
    AZone = 89.43475354003905,
    alphaRad = 4.999999999999999,
    lat = 0.88645272708792,
    nOrientations = 13,
    AWin = {0.26788389551861935, 3.458231070856, 0.7339114065464667, 0.34618894051818333, 0.4833996836485616, 2.231557097079152, 2.5203406456941133, 1.6943960244953142, 0.0, 0.0, 1.7494413501437998, 0.726767950791508, 1.8425972760140266},
    ATransparent = {0.26788389551861935, 3.458231070856, 0.7339114065464667, 0.34618894051818333, 0.4833996836485616, 2.231557097079152, 2.5203406456941133, 1.6943960244953142, 0.0, 0.0, 1.7494413501437998, 0.726767950791508, 1.8425972760140266},
    alphaWin = 2.6999999999999997,
    RWin = 0.01016930556858883,
    gWin = 0.78,
    UWin= 3.0017821341055915,
    ratioWinConRad = 0.03,
    AExt = {3.3521687466248853, 43.27462123800887, 9.183810303540922, 4.332039985403213, 6.049028473764433, 27.924619890476954, 31.53831672855066, 21.202847549765693, 89.43475354003905, 89.43475354003905, 21.891657976123767, 9.094420573418061, 23.05736591336472},
    alphaExt = 2.2290061969551602,
    nExt = 1,
    RExt = {7.888793433211166e-05},
    RExtRem = 0.0020799684193577917 ,
    CExt = {125256675.74076946},
    AInt = 4911.891602596893,
    alphaInt = 2.7000000000000006,
    nInt = 1,
    RInt = {4.201898418004469e-06},
    CInt = {546907688.9835492},
    AFloor = 0.0,
    alphaFloor = 0.0,
    nFloor = 1,
    RFloor = {0.00001},
    RFloorRem =  0.00001,
    CFloor = {0.00001},
    ARoof = 0.0,
    alphaRoof = 0.0,
    nRoof = 1,
    RRoof = {0.00001},
    RRoofRem = 0.00001,
    CRoof = {0.00001},
    nOrientationsRoof = 1,
    tiltRoof = {0.0},
    aziRoof = {0.0},
    wfRoof = {0.0},
    aRoof = 0.0,
    aExt = 0.5,
    TSoil = 286.15,
    alphaWallOut = 19.999999999999996,
    alphaRadWall = 4.999999999999998,
    alphaWinOut = 20.0,
    alphaRoofOut = 0.0,
    alphaRadRoof = 0.0,
    tiltExtWalls = {1.5707963267948966, 1.5707963267948966, 1.5707963267948966, 1.5707963267948966, 1.5707963267948966, 1.5707963267948966, 1.5707963267948966, 1.5707963267948966, 0.0, 0.0, 1.5707963267948966, 1.5707963267948966, 1.5707963267948966},
    aziExtWalls = {2.6297895316101982, 2.620174556153833, -2.097739553958722, -0.5307332471941779, -0.5295789011483908, -0.5295789011887406, -0.5295789012316204, -2.1167372357379763, 0.0, 0.0, 1.025682025368303, 1.0610003338268774, 2.619826203741891},
    wfWall = {0.008301862162202545, 0.1071723913067299, 0.02274429869933513, 0.010728576500266457, 0.014980809261166437, 0.06915712268245816, 0.07810667603530798, 0.05251021983352622, 0.19111281013082398, 0.0, 0.054216103292188685, 0.02252291926581358, 0.05710305420302921},
    wfWin = {0.016685683291400674, 0.21540282697872729, 0.04571313728984353, 0.021563069363647, 0.030109514455536036, 0.13899698933544946, 0.1569844492483622, 0.1055388394296817, 0.0, 0.0, 0.1089674474416135, 0.04526819288546784, 0.11476985028027076},
    wfGro = 0.31134315662715184,
    nrPeople = 0.0,
    ratioConvectiveHeatPeople = 0.5,
    nrPeopleMachines = 0.0,
    ratioConvectiveHeatMachines = 0.75,
    lightingPower = 7.0,
    ratioConvectiveHeatLighting = 0.9,
    useConstantACHrate = false,
    baseACH = 0.2,
    maxUserACH = 1.0,
    maxOverheatingACH = {3.0, 2.0},
    maxSummerACH = {1.0, 283.15, 290.15},
    winterReduction = {0.2, 273.15, 283.15},
    withAHU = false,
    minAHU = 0.0,
    maxAHU = 2.0,
    hHeat = 12509.081833214403,
    lHeat = 0,
    KRHeat = 10000,
    TNHeat = 1,
    HeaterOn = true,
    hCool = 0,
    lCool = 0.0,
    KRCool = 10000,
    TNCool = 1,
    CoolerOn = false);
end Inffeldgasse25A_1_Floor;
