 
within Inffeldgasse.Inffeldgasse25A_1.Inffeldgasse25A_1_DataBase;
record Inffeldgasse25A_1_Meeting "Inffeldgasse25A_1_Meeting"
  extends AixLib.DataBase.ThermalZones.ZoneBaseRecord(
    T_start = 293.15,
    withAirCap = true,
    VAir = 157.42073118665812,
    AZone = 18.63085656738281,
    alphaRad = 5.0,
    lat = 0.88645272708792,
    nOrientations = 13,
    AWin = {0.05580500014331432, 0.7204112999443802, 0.1528868544643772, 0.0721173396326405, 0.10070078816444228, 0.46487320143386707, 0.5250319726083912, 0.35297295571551107, 0.0, 0.0, 0.36443988021933593, 0.15139874504048867, 0.3838459234474077},
    ATransparent = {0.05580500014331432, 0.7204112999443802, 0.1528868544643772, 0.0721173396326405, 0.10070078816444228, 0.46487320143386707, 0.5250319726083912, 0.35297295571551107, 0.0, 0.0, 0.36443988021933593, 0.15139874504048867, 0.3838459234474077},
    alphaWin = 2.7000000000000006,
    RWin = 0.04881629215010645,
    gWin = 0.7799999999999999,
    UWin= 3.0017821341055915,
    ratioWinConRad = 0.030000000000000006,
    AExt = {0.6983166234149872, 9.01487653714184, 1.913151719378558, 0.9024413040516907, 1.2601206735172101, 5.817197088212986, 6.5699946842617605, 4.4169318512508555, 18.63085656738281, 18.63085656738281, 4.560423365987907, 1.8945302419931422, 4.803261150166211},
    alphaExt = 2.2290061969551607,
    nExt = 1,
    RExt = {0.00037869020883489653},
    RExtRem = 0.009984589934635529 ,
    CExt = {26093202.781497065},
    AInt = 314.84146237331623,
    alphaInt = 2.7,
    nInt = 1,
    RInt = {6.55544838306232e-05},
    CInt = {35055581.538435385},
    AFloor = 0.0,
    alphaFloor = 0.0,
    nFloor = 1,
    RFloor = {0.00001},
    RFloorRem =  0.00001,
    CFloor = {0.00001},
    ARoof = 0.0,
    alphaRoof = 0.0,
    nRoof = 1,
    RRoof = {0.00001},
    RRoofRem = 0.00001,
    CRoof = {0.00001},
    nOrientationsRoof = 1,
    tiltRoof = {0.0},
    aziRoof = {0.0},
    wfRoof = {0.0},
    aRoof = 0.0,
    aExt = 0.5,
    TSoil = 286.15,
    alphaWallOut = 20.0,
    alphaRadWall = 5.0,
    alphaWinOut = 20.0,
    alphaRoofOut = 0.0,
    alphaRadRoof = 0.0,
    tiltExtWalls = {1.5707963267948966, 1.5707963267948966, 1.5707963267948966, 1.5707963267948966, 1.5707963267948966, 1.5707963267948966, 1.5707963267948966, 1.5707963267948966, 0.0, 0.0, 1.5707963267948966, 1.5707963267948966, 1.5707963267948966},
    aziExtWalls = {2.6297895316101982, 2.620174556153833, -2.097739553958722, -0.5307332471941779, -0.5295789011483908, -0.5295789011887406, -0.5295789012316204, -2.1167372357379763, 0.0, 0.0, 1.025682025368303, 1.0610003338268774, 2.619826203741891},
    wfWall = {0.008301862162202545, 0.10717239130672987, 0.022744298699335124, 0.010728576500266457, 0.01498080926116643, 0.06915712268245816, 0.07810667603530796, 0.05251021983352621, 0.19111281013082398, 0.0, 0.05421610329218868, 0.022522919265813575, 0.0571030542030292},
    wfWin = {0.016685683291400678, 0.2154028269787273, 0.04571313728984353, 0.021563069363647, 0.030109514455536043, 0.13899698933544946, 0.1569844492483622, 0.1055388394296817, 0.0, 0.0, 0.1089674474416135, 0.04526819288546783, 0.11476985028027079},
    wfGro = 0.3113431566271518,
    nrPeople = 4.4714055761718745,
    ratioConvectiveHeatPeople = 0.5,
    nrPeopleMachines = 0.3726171313476562,
    ratioConvectiveHeatMachines = 0.75,
    lightingPower = 15.9,
    ratioConvectiveHeatLighting = 0.9,
    useConstantACHrate = false,
    baseACH = 0.2,
    maxUserACH = 1.0,
    maxOverheatingACH = {3.0, 2.0},
    maxSummerACH = {1.0, 283.15, 290.15},
    winterReduction = {0.2, 273.15, 283.15},
    withAHU = false,
    minAHU = 0.0,
    maxAHU = 12.0,
    hHeat = 2605.8651720881103,
    lHeat = 0,
    KRHeat = 10000,
    TNHeat = 1,
    HeaterOn = true,
    hCool = 0,
    lCool = 0.0,
    KRCool = 10000,
    TNCool = 1,
    CoolerOn = false);
end Inffeldgasse25A_1_Meeting;
