 
within Inffeldgasse.Inffeldgasse25A_1.Inffeldgasse25A_1_DataBase;
record Inffeldgasse25A_1_Restroom "Inffeldgasse25A_1_Restroom"
  extends AixLib.DataBase.ThermalZones.ZoneBaseRecord(
    T_start = 293.15,
    withAirCap = true,
    VAir = 82.49856500691176,
    AZone = 9.763764404296875,
    alphaRad = 4.999999999999999,
    lat = 0.88645272708792,
    nOrientations = 13,
    AWin = {0.029245401144624622, 0.37754175077299074, 0.08012252266047576, 0.03779411381817524, 0.05277367508083072, 0.2436233889867325, 0.27515044553808743, 0.18498047946588284, 0.0, 0.0, 0.19098988375130976, 0.07934265782870531, 0.2011598957104062},
    ATransparent = {0.029245401144624622, 0.37754175077299074, 0.08012252266047576, 0.03779411381817524, 0.05277367508083072, 0.2436233889867325, 0.27515044553808743, 0.18498047946588284, 0.0, 0.0, 0.19098988375130976, 0.07934265782870531, 0.2011598957104062},
    alphaWin = 2.7,
    RWin = 0.09314945542928471,
    gWin = 0.78,
    UWin= 3.001782134105591,
    ratioWinConRad = 0.03,
    AExt = {0.3659627224313837, 4.724373800213371, 1.0026142700486562, 0.4729371539950037, 0.6603840962817465, 3.048584570293437, 3.4430988184901206, 2.3147557295325343, 9.763764404296875, 9.763764404296875, 2.38995449126639, 0.9928554209375827, 2.517217073349138},
    alphaExt = 2.2290061969551602,
    nExt = 1,
    RExt = {0.0007226027454298532},
    RExtRem = 0.019052227732416775 ,
    CExt = {13674512.687629486},
    AInt = 206.2464125172794,
    alphaInt = 2.7,
    nInt = 1,
    RInt = {0.00010007092633735948},
    CInt = {22964217.852718372},
    AFloor = 0.0,
    alphaFloor = 0.0,
    nFloor = 1,
    RFloor = {0.00001},
    RFloorRem =  0.00001,
    CFloor = {0.00001},
    ARoof = 0.0,
    alphaRoof = 0.0,
    nRoof = 1,
    RRoof = {0.00001},
    RRoofRem = 0.00001,
    CRoof = {0.00001},
    nOrientationsRoof = 1,
    tiltRoof = {0.0},
    aziRoof = {0.0},
    wfRoof = {0.0},
    aRoof = 0.0,
    aExt = 0.5,
    TSoil = 286.15,
    alphaWallOut = 20.000000000000007,
    alphaRadWall = 5.000000000000001,
    alphaWinOut = 19.999999999999996,
    alphaRoofOut = 0.0,
    alphaRadRoof = 0.0,
    tiltExtWalls = {1.5707963267948966, 1.5707963267948966, 1.5707963267948966, 1.5707963267948966, 1.5707963267948966, 1.5707963267948966, 1.5707963267948966, 1.5707963267948966, 0.0, 0.0, 1.5707963267948966, 1.5707963267948966, 1.5707963267948966},
    aziExtWalls = {2.6297895316101982, 2.620174556153833, -2.097739553958722, -0.5307332471941779, -0.5295789011483908, -0.5295789011887406, -0.5295789012316204, -2.1167372357379763, 0.0, 0.0, 1.025682025368303, 1.0610003338268774, 2.619826203741891},
    wfWall = {0.008301862162202547, 0.10717239130672991, 0.02274429869933513, 0.010728576500266457, 0.014980809261166432, 0.06915712268245819, 0.07810667603530798, 0.052510219833526224, 0.19111281013082398, 0.0, 0.0542161032921887, 0.022522919265813575, 0.05710305420302921},
    wfWin = {0.016685683291400678, 0.21540282697872726, 0.045713137289843525, 0.021563069363647, 0.03010951445553604, 0.1389969893354495, 0.15698444924836216, 0.10553883942968172, 0.0, 0.0, 0.1089674474416135, 0.045268192885467844, 0.11476985028027079},
    wfGro = 0.3113431566271518,
    nrPeople = 0.0,
    ratioConvectiveHeatPeople = 0.5,
    nrPeopleMachines = 0.0,
    ratioConvectiveHeatMachines = 0.75,
    lightingPower = 11.1,
    ratioConvectiveHeatLighting = 0.9,
    useConstantACHrate = false,
    baseACH = 0.2,
    maxUserACH = 1.0,
    maxOverheatingACH = {3.0, 2.0},
    maxSummerACH = {1.0, 283.15, 290.15},
    winterReduction = {0.2, 273.15, 283.15},
    withAHU = false,
    minAHU = 0.0,
    maxAHU = 8.0,
    hHeat = 1365.640571468635,
    lHeat = 0,
    KRHeat = 10000,
    TNHeat = 1,
    HeaterOn = true,
    hCool = 0,
    lCool = 0.0,
    KRCool = 10000,
    TNCool = 1,
    CoolerOn = false);
end Inffeldgasse25A_1_Restroom;
