 
within Inffeldgasse.Inffeldgasse25A_1.Inffeldgasse25A_1_DataBase;
record Inffeldgasse25A_1_Office "Inffeldgasse25A_1_Office"
  extends AixLib.DataBase.ThermalZones.ZoneBaseRecord(
    T_start = 293.15,
    withAirCap = true,
    VAir = 920.3921538186074,
    AZone = 108.92907226562501,
    alphaRad = 4.999999999999999,
    lat = 0.88645272708792,
    nOrientations = 13,
    AWin = {0.3262752236543155, 4.212030416787108, 0.8938839262801378, 0.42164861674698906, 0.5887675315140298, 2.717975224069669, 3.0697056509011116, 2.0637277981227746, 0.0, 0.0, 2.1307714921914833, 0.8851833934631069, 2.2442328501024913},
    ATransparent = {0.3262752236543155, 4.212030416787108, 0.8938839262801378, 0.42164861674698906, 0.5887675315140298, 2.717975224069669, 3.0697056509011116, 2.0637277981227746, 0.0, 0.0, 2.1307714921914833, 0.8851833934631069, 2.2442328501024913},
    alphaWin = 2.7,
    RWin = 0.00834937191957613,
    gWin = 0.78,
    UWin= 3.0017821341055915,
    ratioWinConRad = 0.03,
    AExt = {4.082849420322921, 52.707299539795436, 11.185628591019023, 5.276305663617729, 7.367550461918805, 34.01141969579073, 38.412803145059854, 25.824485690022833, 108.92907226562501, 108.92907226562501, 26.663437861747482, 11.076754356038338, 28.083238097228477},
    alphaExt = 2.22900619695516,
    nExt = 1,
    RExt = {6.476988023060268e-05},
    RExtRem = 0.001707730168698333 ,
    CExt = {152559189.1681113},
    AInt = 3221.3725383651263,
    alphaInt = 2.7,
    nInt = 1,
    RInt = {6.406980039891918e-06},
    CInt = {358679212.1757919},
    AFloor = 0.0,
    alphaFloor = 0.0,
    nFloor = 1,
    RFloor = {0.00001},
    RFloorRem =  0.00001,
    CFloor = {0.00001},
    ARoof = 0.0,
    alphaRoof = 0.0,
    nRoof = 1,
    RRoof = {0.00001},
    RRoofRem = 0.00001,
    CRoof = {0.00001},
    nOrientationsRoof = 1,
    tiltRoof = {0.0},
    aziRoof = {0.0},
    wfRoof = {0.0},
    aRoof = 0.0,
    aExt = 0.5,
    TSoil = 286.15,
    alphaWallOut = 19.999999999999996,
    alphaRadWall = 5.0,
    alphaWinOut = 19.999999999999996,
    alphaRoofOut = 0.0,
    alphaRadRoof = 0.0,
    tiltExtWalls = {1.5707963267948966, 1.5707963267948966, 1.5707963267948966, 1.5707963267948966, 1.5707963267948966, 1.5707963267948966, 1.5707963267948966, 1.5707963267948966, 0.0, 0.0, 1.5707963267948966, 1.5707963267948966, 1.5707963267948966},
    aziExtWalls = {2.6297895316101982, 2.620174556153833, -2.097739553958722, -0.5307332471941779, -0.5295789011483908, -0.5295789011887406, -0.5295789012316204, -2.1167372357379763, 0.0, 0.0, 1.025682025368303, 1.0610003338268774, 2.619826203741891},
    wfWall = {0.008301862162202545, 0.10717239130672987, 0.02274429869933513, 0.010728576500266457, 0.01498080926116643, 0.06915712268245816, 0.07810667603530796, 0.05251021983352621, 0.19111281013082398, 0.0, 0.054216103292188685, 0.02252291926581357, 0.057103054203029184},
    wfWin = {0.016685683291400674, 0.21540282697872729, 0.045713137289843525, 0.021563069363646995, 0.030109514455536043, 0.13899698933544946, 0.15698444924836216, 0.10553883942968169, 0.0, 0.0, 0.10896744744161349, 0.04526819288546783, 0.11476985028027077},
    wfGro = 0.3113431566271518,
    nrPeople = 5.44645361328125,
    ratioConvectiveHeatPeople = 0.5,
    nrPeopleMachines = 7.625035058593751,
    ratioConvectiveHeatMachines = 0.75,
    lightingPower = 12.5,
    ratioConvectiveHeatLighting = 0.9,
    useConstantACHrate = false,
    baseACH = 0.2,
    maxUserACH = 1.0,
    maxOverheatingACH = {3.0, 2.0},
    maxSummerACH = {1.0, 283.15, 290.15},
    winterReduction = {0.2, 273.15, 283.15},
    withAHU = false,
    minAHU = 0.0,
    maxAHU = 2.6,
    hHeat = 15235.7179401943,
    lHeat = 0,
    KRHeat = 10000,
    TNHeat = 1,
    HeaterOn = true,
    hCool = 0,
    lCool = 0.0,
    KRCool = 10000,
    TNCool = 1,
    CoolerOn = false);
end Inffeldgasse25A_1_Office;
