 
within Inffeldgasse.Inffeldgasse25A_1.Inffeldgasse25A_1_DataBase;
record Inffeldgasse25A_1_Storage "Inffeldgasse25A_1_Storage"
  extends AixLib.DataBase.ThermalZones.ZoneBaseRecord(
    T_start = 293.15,
    withAirCap = true,
    VAir = 63.97847898495197,
    AZone = 7.57189892578125,
    alphaRad = 5.0,
    lat = 0.88645272708792,
    nOrientations = 13,
    AWin = {0.02268010701011705, 0.29278748019129897, 0.062135833899960795, 0.02930972092021753, 0.0409265235320728, 0.1889324241121599, 0.2133819781723943, 0.14345424938170503, 0.0, 0.0, 0.14811460372550553, 0.0615310407651184, 0.15600155177541705},
    ATransparent = {0.02268010701011705, 0.29278748019129897, 0.062135833899960795, 0.02930972092021753, 0.0409265235320728, 0.1889324241121599, 0.2133819781723943, 0.14345424938170503, 0.0, 0.0, 0.14811460372550553, 0.0615310407651184, 0.15600155177541705},
    alphaWin = 2.7000000000000006,
    RWin = 0.120113771474604,
    gWin = 0.7800000000000001,
    UWin= 3.001782134105592,
    ratioWinConRad = 0.030000000000000002,
    AExt = {0.2838078255590323, 3.6638000899613896, 0.7775375971805905, 0.3667675888124518, 0.5121346052797218, 2.3642084422683793, 2.6701582674005016, 1.795116688208904, 7.57189892578125, 7.57189892578125, 1.8534340952678128, 0.76996951011486, 1.9521275262707598},
    alphaExt = 2.2290061969551602,
    nExt = 1,
    RExt = {0.0009317772243700729},
    RExtRem = 0.02456734628653742 ,
    CExt = {10604724.125100423},
    AInt = 159.94619746237993,
    alphaInt = 2.6999999999999997,
    nInt = 1,
    RInt = {0.00012903882606659514},
    CInt = {17808985.273536693},
    AFloor = 0.0,
    alphaFloor = 0.0,
    nFloor = 1,
    RFloor = {0.00001},
    RFloorRem =  0.00001,
    CFloor = {0.00001},
    ARoof = 0.0,
    alphaRoof = 0.0,
    nRoof = 1,
    RRoof = {0.00001},
    RRoofRem = 0.00001,
    CRoof = {0.00001},
    nOrientationsRoof = 1,
    tiltRoof = {0.0},
    aziRoof = {0.0},
    wfRoof = {0.0},
    aRoof = 0.0,
    aExt = 0.5,
    TSoil = 286.15,
    alphaWallOut = 20.0,
    alphaRadWall = 4.999999999999999,
    alphaWinOut = 20.0,
    alphaRoofOut = 0.0,
    alphaRadRoof = 0.0,
    tiltExtWalls = {1.5707963267948966, 1.5707963267948966, 1.5707963267948966, 1.5707963267948966, 1.5707963267948966, 1.5707963267948966, 1.5707963267948966, 1.5707963267948966, 0.0, 0.0, 1.5707963267948966, 1.5707963267948966, 1.5707963267948966},
    aziExtWalls = {2.6297895316101982, 2.620174556153833, -2.097739553958722, -0.5307332471941779, -0.5295789011483908, -0.5295789011887406, -0.5295789012316204, -2.1167372357379763, 0.0, 0.0, 1.025682025368303, 1.0610003338268774, 2.619826203741891},
    wfWall = {0.008301862162202547, 0.1071723913067299, 0.022744298699335128, 0.010728576500266455, 0.014980809261166432, 0.06915712268245815, 0.07810667603530799, 0.052510219833526224, 0.19111281013082396, 0.0, 0.05421610329218869, 0.022522919265813575, 0.057103054203029205},
    wfWin = {0.016685683291400674, 0.21540282697872726, 0.045713137289843525, 0.021563069363646995, 0.030109514455536043, 0.1389969893354495, 0.15698444924836213, 0.10553883942968167, 0.0, 0.0, 0.1089674474416135, 0.04526819288546783, 0.11476985028027079},
    wfGro = 0.31134315662715184,
    nrPeople = 0.0,
    ratioConvectiveHeatPeople = 0.5,
    nrPeopleMachines = 0.0,
    ratioConvectiveHeatMachines = 0.75,
    lightingPower = 11.3,
    ratioConvectiveHeatLighting = 0.9,
    useConstantACHrate = false,
    baseACH = 0.2,
    maxUserACH = 1.0,
    maxOverheatingACH = {3.0, 2.0},
    maxSummerACH = {1.0, 283.15, 290.15},
    winterReduction = {0.2, 273.15, 283.15},
    withAHU = false,
    minAHU = 0.0,
    maxAHU = 0.5,
    hHeat = 1059.068198281799,
    lHeat = 0,
    KRHeat = 10000,
    TNHeat = 1,
    HeaterOn = true,
    hCool = 0,
    lCool = 0.0,
    KRCool = 10000,
    TNCool = 1,
    CoolerOn = false);
end Inffeldgasse25A_1_Storage;
