 
within Inffeldgasse.Inffeldgasse25A_1.Inffeldgasse25A_1_DataBase;
record Inffeldgasse25A_1_Laboratory "Inffeldgasse25A_1_Laboratory"
  extends AixLib.DataBase.ThermalZones.ZoneBaseRecord(
    T_start = 293.15,
    withAirCap = true,
    VAir = 723.1251769483387,
    AZone = 85.58238391113281,
    alphaRad = 5.0,
    lat = 0.88645272708792,
    nOrientations = 13,
    AWin = {0.2563448937064546, 3.3092690195306025, 0.7022984384219253, 0.331276977242985, 0.4625774172901386, 2.135433583057176, 2.411777884869562, 1.6214105291958505, 0.0, 0.0, 1.6740847973711743, 0.6954626844373251, 1.7632280654616215},
    ATransparent = {0.2563448937064546, 3.3092690195306025, 0.7022984384219253, 0.331276977242985, 0.4625774172901386, 2.135433583057176, 2.411777884869562, 1.6214105291958505, 0.0, 0.0, 1.6740847973711743, 0.6954626844373251, 1.7632280654616215},
    alphaWin = 2.6999999999999997,
    RWin = 0.010627062435471367,
    gWin = 0.78,
    UWin= 3.001782134105591,
    ratioWinConRad = 0.030000000000000002,
    AExt = {3.207775291515904, 41.41058259574781, 8.7882209997122, 4.145438931446002, 5.788468762306329, 26.721776998796553, 30.1798151539083, 20.289542568045377, 85.58238391113281, 85.58238391113281, 20.948682734671724, 8.702681699850851, 22.064178224560298},
    alphaExt = 2.2290061969551602,
    nExt = 1,
    RExt = {8.243896280806246e-05},
    RExtRem = 0.0021735952477029614 ,
    CExt = {119861289.78238498},
    AInt = 361.5625884741694,
    alphaInt = 2.7,
    nInt = 1,
    RInt = {5.708353190373241e-05},
    CInt = {53690755.18391803},
    AFloor = 0.0,
    alphaFloor = 0.0,
    nFloor = 1,
    RFloor = {0.00001},
    RFloorRem =  0.00001,
    CFloor = {0.00001},
    ARoof = 0.0,
    alphaRoof = 0.0,
    nRoof = 1,
    RRoof = {0.00001},
    RRoofRem = 0.00001,
    CRoof = {0.00001},
    nOrientationsRoof = 1,
    tiltRoof = {0.0},
    aziRoof = {0.0},
    wfRoof = {0.0},
    aRoof = 0.0,
    aExt = 0.5,
    TSoil = 286.15,
    alphaWallOut = 20.0,
    alphaRadWall = 5.000000000000001,
    alphaWinOut = 19.999999999999996,
    alphaRoofOut = 0.0,
    alphaRadRoof = 0.0,
    tiltExtWalls = {1.5707963267948966, 1.5707963267948966, 1.5707963267948966, 1.5707963267948966, 1.5707963267948966, 1.5707963267948966, 1.5707963267948966, 1.5707963267948966, 0.0, 0.0, 1.5707963267948966, 1.5707963267948966, 1.5707963267948966},
    aziExtWalls = {2.6297895316101982, 2.620174556153833, -2.097739553958722, -0.5307332471941779, -0.5295789011483908, -0.5295789011887406, -0.5295789012316204, -2.1167372357379763, 0.0, 0.0, 1.025682025368303, 1.0610003338268774, 2.619826203741891},
    wfWall = {0.008301862162202545, 0.10717239130672987, 0.022744298699335128, 0.010728576500266455, 0.014980809261166432, 0.06915712268245816, 0.07810667603530795, 0.05251021983352621, 0.19111281013082398, 0.0, 0.054216103292188685, 0.02252291926581357, 0.05710305420302921},
    wfWin = {0.016685683291400678, 0.21540282697872729, 0.04571313728984354, 0.021563069363647, 0.030109514455536047, 0.1389969893354495, 0.1569844492483622, 0.1055388394296817, 0.0, 0.0, 0.1089674474416135, 0.04526819288546784, 0.11476985028027076},
    wfGro = 0.3113431566271518,
    nrPeople = 5.134943034667969,
    ratioConvectiveHeatPeople = 0.5,
    nrPeopleMachines = 15.404829104003905,
    ratioConvectiveHeatMachines = 0.75,
    lightingPower = 14.0,
    ratioConvectiveHeatLighting = 0.9,
    useConstantACHrate = false,
    baseACH = 0.2,
    maxUserACH = 1.0,
    maxOverheatingACH = {3.0, 2.0},
    maxSummerACH = {1.0, 283.15, 290.15},
    winterReduction = {0.2, 273.15, 283.15},
    withAHU = false,
    minAHU = 24.0,
    maxAHU = 48.0,
    hHeat = 11970.257662158752,
    lHeat = 0,
    KRHeat = 10000,
    TNHeat = 1,
    HeaterOn = true,
    hCool = 0,
    lCool = 0.0,
    KRCool = 10000,
    TNCool = 1,
    CoolerOn = false);
end Inffeldgasse25A_1_Laboratory;
