 
within Inffeldgasse.Inffeldgasse25A_1.Inffeldgasse25A_1_DataBase;
record Inffeldgasse25A_1_ICT "Inffeldgasse25A_1_ICT"
  extends AixLib.DataBase.ThermalZones.ZoneBaseRecord(
    T_start = 293.15,
    withAirCap = true,
    VAir = 102.98290257665516,
    AZone = 12.188100463867189,
    alphaRad = 4.999999999999998,
    lat = 0.88645272708792,
    nOrientations = 13,
    AWin = {0.036507014354004205, 0.4712851106588014, 0.10001689053195444, 0.047178366568946646, 0.06587734270294175, 0.30411491074194164, 0.3434701139880207, 0.2309110066802007, 0.0, 0.0, 0.23841254196166903, 0.09904338579297568, 0.2511077609718336},
    ATransparent = {0.036507014354004205, 0.4712851106588014, 0.10001689053195444, 0.047178366568946646, 0.06587734270294175, 0.30411491074194164, 0.3434701139880207, 0.2309110066802007, 0.0, 0.0, 0.23841254196166903, 0.09904338579297568, 0.2511077609718336},
    alphaWin = 2.6999999999999997,
    RWin = 0.07462108963544879,
    gWin = 0.78,
    UWin= 3.0017821341055906,
    ratioWinConRad = 0.03,
    AExt = {0.4568310174568634, 5.897432600946623, 1.2515627112512138, 0.5903671276060081, 0.8243570181476224, 3.8055460452302428, 4.298017912877124, 2.8895080025117013, 12.188100463867189, 12.188100463867189, 2.983378565628453, 1.2393807465445337, 3.142240360269162},
    alphaExt = 2.2290061969551607,
    nExt = 1,
    RExt = {0.0005788697742680576},
    RExtRem = 0.015262547556758944 ,
    CExt = {17069884.885578282},
    AInt = 102.98290257665516,
    alphaInt = 2.7,
    nInt = 1,
    RInt = {0.00020041452549852647},
    CInt = {11466487.009452578},
    AFloor = 0.0,
    alphaFloor = 0.0,
    nFloor = 1,
    RFloor = {0.00001},
    RFloorRem =  0.00001,
    CFloor = {0.00001},
    ARoof = 0.0,
    alphaRoof = 0.0,
    nRoof = 1,
    RRoof = {0.00001},
    RRoofRem = 0.00001,
    CRoof = {0.00001},
    nOrientationsRoof = 1,
    tiltRoof = {0.0},
    aziRoof = {0.0},
    wfRoof = {0.0},
    aRoof = 0.0,
    aExt = 0.5,
    TSoil = 286.15,
    alphaWallOut = 20.000000000000004,
    alphaRadWall = 5.0,
    alphaWinOut = 20.0,
    alphaRoofOut = 0.0,
    alphaRadRoof = 0.0,
    tiltExtWalls = {1.5707963267948966, 1.5707963267948966, 1.5707963267948966, 1.5707963267948966, 1.5707963267948966, 1.5707963267948966, 1.5707963267948966, 1.5707963267948966, 0.0, 0.0, 1.5707963267948966, 1.5707963267948966, 1.5707963267948966},
    aziExtWalls = {2.6297895316101982, 2.620174556153833, -2.097739553958722, -0.5307332471941779, -0.5295789011483908, -0.5295789011887406, -0.5295789012316204, -2.1167372357379763, 0.0, 0.0, 1.025682025368303, 1.0610003338268774, 2.619826203741891},
    wfWall = {0.008301862162202545, 0.10717239130672987, 0.022744298699335124, 0.010728576500266459, 0.014980809261166432, 0.06915712268245816, 0.07810667603530796, 0.05251021983352621, 0.19111281013082396, 0.0, 0.05421610329218868, 0.02252291926581358, 0.0571030542030292},
    wfWin = {0.016685683291400678, 0.21540282697872729, 0.04571313728984354, 0.021563069363647, 0.030109514455536043, 0.13899698933544952, 0.1569844492483622, 0.1055388394296817, 0.0, 0.0, 0.10896744744161353, 0.045268192885467844, 0.1147698502802708},
    wfGro = 0.3113431566271518,
    nrPeople = 0.36564301391601567,
    ratioConvectiveHeatPeople = 0.5,
    nrPeopleMachines = 18.282150695800784,
    ratioConvectiveHeatMachines = 0.75,
    lightingPower = 7.1,
    ratioConvectiveHeatLighting = 0.9,
    useConstantACHrate = false,
    baseACH = 0.2,
    maxUserACH = 1.0,
    maxOverheatingACH = {3.0, 2.0},
    maxSummerACH = {1.0, 283.15, 290.15},
    winterReduction = {0.2, 273.15, 283.15},
    withAHU = false,
    minAHU = 0.0,
    maxAHU = 130.0,
    hHeat = 1704.728196357106,
    lHeat = 0,
    KRHeat = 10000,
    TNHeat = 1,
    HeaterOn = true,
    hCool = 0,
    lCool = 0.0,
    KRCool = 10000,
    TNCool = 1,
    CoolerOn = false);
end Inffeldgasse25A_1_ICT;
