 
within Inffeldgasse.Inffeldgasse25A_1.Inffeldgasse25A_1_DataBase;
record Inffeldgasse25A_1_Floor "Inffeldgasse25A_1_Floor"
  extends AixLib.DataBase.ThermalZones.ZoneBaseRecord(
    T_start = 293.15,
    withAirCap = true,
    VAir = 56.121472793817524,
    AZone = 6.6420166015625,
    alphaRad = 5.000000000000001,
    lat = 0.88645272708792,
    nOrientations = 13,
    AWin = {0.019894830710628995, 0.2568311229748237, 0.05450511745610597, 0.025710281508962752, 0.03590045923866036, 0.165730196589614, 0.18717717383543364, 0.1258370608611448, 0.0, 0.0, 0.12992509098728558, 0.05397459716238458, 0.1368434664696641},
    ATransparent = {0.019894830710628995, 0.2568311229748237, 0.05450511745610597, 0.025710281508962752, 0.03590045923866036, 0.165730196589614, 0.18717717383543364, 0.1258370608611448, 0.0, 0.0, 0.12992509098728558, 0.05397459716238458, 0.1368434664696641},
    alphaWin = 2.6999999999999997,
    RWin = 0.13692969948104855,
    gWin = 0.78,
    UWin= 3.001782134105591,
    ratioWinConRad = 0.030000000000000002,
    AExt = {0.24895423294651958, 3.2138597280363075, 0.6820505238426234, 0.321725955098642, 0.4492408818243175, 2.073867054621386, 2.342244094210967, 1.5746637615867582, 6.642016601562502, 6.642016601562502, 1.625819381813871, 0.6754118509779475, 1.7123925669041757},
    alphaExt = 2.2290061969551602,
    nExt = 1,
    RExt = {0.0010622260357818843},
    RExtRem = 0.028006774766652656 ,
    CExt = {9302389.583421418},
    AInt = 303.9913109665116,
    alphaInt = 2.6999999999999997,
    nInt = 1,
    RInt = {6.789427463811619e-05},
    CInt = {33847486.63099081},
    AFloor = 0.0,
    alphaFloor = 0.0,
    nFloor = 1,
    RFloor = {0.00001},
    RFloorRem =  0.00001,
    CFloor = {0.00001},
    ARoof = 0.0,
    alphaRoof = 0.0,
    nRoof = 1,
    RRoof = {0.00001},
    RRoofRem = 0.00001,
    CRoof = {0.00001},
    nOrientationsRoof = 1,
    tiltRoof = {0.0},
    aziRoof = {0.0},
    wfRoof = {0.0},
    aRoof = 0.0,
    aExt = 0.5,
    TSoil = 286.15,
    alphaWallOut = 20.0,
    alphaRadWall = 5.0,
    alphaWinOut = 20.000000000000004,
    alphaRoofOut = 0.0,
    alphaRadRoof = 0.0,
    tiltExtWalls = {1.5707963267948966, 1.5707963267948966, 1.5707963267948966, 1.5707963267948966, 1.5707963267948966, 1.5707963267948966, 1.5707963267948966, 1.5707963267948966, 0.0, 0.0, 1.5707963267948966, 1.5707963267948966, 1.5707963267948966},
    aziExtWalls = {2.6297895316101982, 2.620174556153833, -2.097739553958722, -0.5307332471941779, -0.5295789011483908, -0.5295789011887406, -0.5295789012316204, -2.1167372357379763, 0.0, 0.0, 1.025682025368303, 1.0610003338268774, 2.619826203741891},
    wfWall = {0.008301862162202547, 0.10717239130672987, 0.022744298699335128, 0.010728576500266455, 0.014980809261166433, 0.06915712268245815, 0.07810667603530796, 0.05251021983352621, 0.19111281013082398, 0.0, 0.05421610329218868, 0.02252291926581357, 0.057103054203029205},
    wfWin = {0.016685683291400678, 0.21540282697872729, 0.04571313728984354, 0.021563069363647, 0.03010951445553604, 0.13899698933544946, 0.1569844492483622, 0.10553883942968169, 0.0, 0.0, 0.10896744744161353, 0.04526819288546784, 0.11476985028027079},
    wfGro = 0.3113431566271518,
    nrPeople = 0.0,
    ratioConvectiveHeatPeople = 0.5,
    nrPeopleMachines = 0.0,
    ratioConvectiveHeatMachines = 0.75,
    lightingPower = 7.0,
    ratioConvectiveHeatLighting = 0.9,
    useConstantACHrate = false,
    baseACH = 0.2,
    maxUserACH = 1.0,
    maxOverheatingACH = {3.0, 2.0},
    maxSummerACH = {1.0, 283.15, 290.15},
    winterReduction = {0.2, 273.15, 283.15},
    withAHU = false,
    minAHU = 0.0,
    maxAHU = 2.0,
    hHeat = 929.0071914752624,
    lHeat = 0,
    KRHeat = 10000,
    TNHeat = 1,
    HeaterOn = true,
    hCool = 0,
    lCool = 0.0,
    KRCool = 10000,
    TNCool = 1,
    CoolerOn = false);
end Inffeldgasse25A_1_Floor;
