 
within Inffeldgasse.Inffeldgasse25B_1.Inffeldgasse25B_1_DataBase;
record Inffeldgasse25B_1_Storage "Inffeldgasse25B_1_Storage"
  extends AixLib.DataBase.ThermalZones.ZoneBaseRecord(
    T_start = 293.15,
    withAirCap = true,
    VAir = 3166.295749775693,
    AZone = 386.94309082031253,
    alphaRad = 5.0,
    lat = 0.88645272708792,
    nOrientations = 12,
    AWin = {11.0396853576098, 0.7987208222050699, 10.911278738114412, 8.053143960215763, 0.0, 0.0, 5.662142851330792, 2.5928832652082345, 7.996401119787915, 6.994257417601516, 5.565589182942196, 2.531683701020817},
    ATransparent = {11.0396853576098, 0.7987208222050699, 10.911278738114412, 8.053143960215763, 0.0, 0.0, 5.662142851330792, 2.5928832652082345, 7.996401119787915, 6.994257417601516, 5.565589182942196, 2.531683701020817},
    alphaWin = 2.7,
    RWin = 0.0026271339625419704,
    gWin = 0.7800000000000001,
    UWin= 3.001782134105592,
    ratioWinConRad = 0.029999999999999995,
    AExt = {138.14525190738752, 9.994803802187768, 136.5384339391074, 100.7731257724297, 386.94309082031253, 386.94309082031253, 70.8533010855718, 32.44607977814629, 100.06307347194067, 87.5227347121487, 69.64507545141181, 31.680258204665893},
    alphaExt = 2.2012168349629433,
    nExt = 1,
    RExt = {1.9424121271663673e-05},
    RExtRem = 0.0005067657388960751 ,
    CExt = {503588129.96225524},
    AInt = 6332.591499551386,
    alphaInt = 2.7000000000000006,
    nInt = 1,
    RInt = {3.2592137919876004e-06},
    CInt = {705093528.6245863},
    AFloor = 0.0,
    alphaFloor = 0.0,
    nFloor = 1,
    RFloor = {0.00001},
    RFloorRem =  0.00001,
    CFloor = {0.00001},
    ARoof = 0.0,
    alphaRoof = 0.0,
    nRoof = 1,
    RRoof = {0.00001},
    RRoofRem = 0.00001,
    CRoof = {0.00001},
    nOrientationsRoof = 1,
    tiltRoof = {0.0},
    aziRoof = {0.0},
    wfRoof = {0.0},
    aRoof = 0.0,
    aExt = 0.5,
    TSoil = 286.15,
    alphaWallOut = 20.000000000000004,
    alphaRadWall = 5.0,
    alphaWinOut = 20.0,
    alphaRoofOut = 0.0,
    alphaRadRoof = 0.0,
    tiltExtWalls = {1.5707963267948966, 1.5707963267948966, 1.5707963267948966, 1.5707963267948966, 0.0, 0.0, 1.5707963267948966, 1.5707963267948966, 1.5707963267948966, 1.5707963267948966, 1.5707963267948966, 1.5707963267948966},
    aziExtWalls = {2.615526234600725, 2.6152002896724267, 2.6145032520494307, -0.5305092477892899, 0.0, 0.0, -2.115910628221491, -2.1198575873307623, -0.5139666025981982, -0.5139666025745196, 1.0591375934151503, 1.0626237089656634},
    wfWall = {0.08344880481459348, 0.006037517903315802, 0.08247818123429494, 0.06087358622196889, 0.20168104958664618, 0.0, 0.042800047132443786, 0.019599563075974717, 0.060444667999926864, 0.05286947980470523, 0.042070199499427786, 0.019136956550409773},
    wfWin = {0.17764173557486826, 0.01285237291645186, 0.17557551955443257, 0.12958471401912575, 0.0, 0.0, 0.09111064768615902, 0.04172259158247854, 0.12867165387940874, 0.11254596362781996, 0.0895569837298899, 0.04073781742936516},
    wfGro = 0.3285599461762926,
    nrPeople = 0.0,
    ratioConvectiveHeatPeople = 0.5,
    nrPeopleMachines = 0.0,
    ratioConvectiveHeatMachines = 0.75,
    lightingPower = 11.3,
    ratioConvectiveHeatLighting = 0.9,
    useConstantACHrate = false,
    baseACH = 0.2,
    maxUserACH = 1.0,
    maxOverheatingACH = {3.0, 2.0},
    maxSummerACH = {1.0, 283.15, 290.15},
    winterReduction = {0.2, 273.15, 283.15},
    withAHU = false,
    minAHU = 0.0,
    maxAHU = 0.5,
    hHeat = 50407.20220532152,
    lHeat = 0,
    KRHeat = 10000,
    TNHeat = 1,
    HeaterOn = true,
    hCool = 0,
    lCool = 0.0,
    KRCool = 10000,
    TNCool = 1,
    CoolerOn = false);
end Inffeldgasse25B_1_Storage;
