 
within Inffeldgasse.Inffeldgasse25B_1.Inffeldgasse25B_1_DataBase;
record Inffeldgasse25B_1_Office "Inffeldgasse25B_1_Office"
  extends AixLib.DataBase.ThermalZones.ZoneBaseRecord(
    T_start = 293.15,
    withAirCap = true,
    VAir = 1153.938895473808,
    AZone = 141.019259765625,
    alphaRad = 5.0,
    lat = 0.88645272708792,
    nOrientations = 12,
    AWin = {4.023351996995571, 0.2910893663147366, 3.9765549178905855, 2.9349235766119666, 0.0, 0.0, 2.063536505818333, 0.9449619010981122, 2.91424396365604, 2.549018258859219, 2.028348057783378, 0.9226580599275866},
    ATransparent = {4.023351996995571, 0.2910893663147366, 3.9765549178905855, 2.9349235766119666, 0.0, 0.0, 2.063536505818333, 0.9449619010981122, 2.91424396365604, 2.549018258859219, 2.028348057783378, 0.9226580599275866},
    alphaWin = 2.700000000000001,
    RWin = 0.007208599287462725,
    gWin = 0.7800000000000002,
    UWin= 3.001782134105592,
    ratioWinConRad = 0.03,
    AExt = {50.34626958402568, 3.6425507190195416, 49.76067370225247, 36.72620583706327, 141.019259765625, 141.019259765625, 25.822091951186167, 11.824793519146649, 36.46743122088505, 31.89717442842753, 25.381760831181193, 11.545694101256014},
    alphaExt = 2.201216834962943,
    nExt = 1,
    RExt = {5.329789373322339e-05},
    RExtRem = 0.0013905157469709377 ,
    CExt = {183529896.25291097},
    AInt = 4038.786134158328,
    alphaInt = 2.6999999999999997,
    nInt = 1,
    RInt = {5.110265527506691e-06},
    CInt = {449692983.81168056},
    AFloor = 0.0,
    alphaFloor = 0.0,
    nFloor = 1,
    RFloor = {0.00001},
    RFloorRem =  0.00001,
    CFloor = {0.00001},
    ARoof = 0.0,
    alphaRoof = 0.0,
    nRoof = 1,
    RRoof = {0.00001},
    RRoofRem = 0.00001,
    CRoof = {0.00001},
    nOrientationsRoof = 1,
    tiltRoof = {0.0},
    aziRoof = {0.0},
    wfRoof = {0.0},
    aRoof = 0.0,
    aExt = 0.5,
    TSoil = 286.15,
    alphaWallOut = 20.0,
    alphaRadWall = 4.999999999999998,
    alphaWinOut = 20.0,
    alphaRoofOut = 0.0,
    alphaRadRoof = 0.0,
    tiltExtWalls = {1.5707963267948966, 1.5707963267948966, 1.5707963267948966, 1.5707963267948966, 0.0, 0.0, 1.5707963267948966, 1.5707963267948966, 1.5707963267948966, 1.5707963267948966, 1.5707963267948966, 1.5707963267948966},
    aziExtWalls = {2.615526234600725, 2.6152002896724267, 2.6145032520494307, -0.5305092477892899, 0.0, 0.0, -2.115910628221491, -2.1198575873307623, -0.5139666025981982, -0.5139666025745196, 1.0591375934151503, 1.0626237089656634},
    wfWall = {0.08344880481459348, 0.0060375179033158016, 0.08247818123429494, 0.06087358622196888, 0.20168104958664615, 0.0, 0.042800047132443786, 0.019599563075974713, 0.06044466799992688, 0.05286947980470524, 0.04207019949942777, 0.01913695655040977},
    wfWin = {0.17764173557486826, 0.012852372916451865, 0.17557551955443262, 0.12958471401912575, 0.0, 0.0, 0.09111064768615905, 0.04172259158247855, 0.12867165387940876, 0.11254596362781999, 0.0895569837298899, 0.04073781742936516},
    wfGro = 0.3285599461762926,
    nrPeople = 7.050962988281251,
    ratioConvectiveHeatPeople = 0.5,
    nrPeopleMachines = 9.871348183593751,
    ratioConvectiveHeatMachines = 0.75,
    lightingPower = 12.5,
    ratioConvectiveHeatLighting = 0.9,
    useConstantACHrate = false,
    baseACH = 0.2,
    maxUserACH = 1.0,
    maxOverheatingACH = {3.0, 2.0},
    maxSummerACH = {1.0, 283.15, 290.15},
    winterReduction = {0.2, 273.15, 283.15},
    withAHU = false,
    minAHU = 0.0,
    maxAHU = 2.6,
    hHeat = 18370.624803717175,
    lHeat = 0,
    KRHeat = 10000,
    TNHeat = 1,
    HeaterOn = true,
    hCool = 0,
    lCool = 0.0,
    KRCool = 10000,
    TNCool = 1,
    CoolerOn = false);
end Inffeldgasse25B_1_Office;
