 
within Inffeldgasse.Inffeldgasse25B_1.Inffeldgasse25B_1_DataBase;
record Inffeldgasse25B_1_Restroom "Inffeldgasse25B_1_Restroom"
  extends AixLib.DataBase.ThermalZones.ZoneBaseRecord(
    T_start = 293.15,
    withAirCap = true,
    VAir = 103.43232782600596,
    AZone = 12.640140966796874,
    alphaRad = 5.0,
    lat = 0.88645272708792,
    nOrientations = 12,
    AWin = {0.3606297216819201, 0.026091546858698945, 0.35643510544507073, 0.2630693693670482, 0.0, 0.0, 0.1849633331434725, 0.08470085333013566, 0.2612157699130719, 0.2284790756416495, 0.18180924664277837, 0.08270166756668001},
    ATransparent = {0.3606297216819201, 0.026091546858698945, 0.35643510544507073, 0.2630693693670482, 0.0, 0.0, 0.1849633331434725, 0.08470085333013566, 0.2612157699130719, 0.2284790756416495, 0.18180924664277837, 0.08270166756668001},
    alphaWin = 2.6999999999999993,
    RWin = 0.08042246824108074,
    gWin = 0.7799999999999997,
    UWin= 3.0017821341055906,
    ratioWinConRad = 0.029999999999999992,
    AExt = {4.512744895641325, 0.32649692420480037, 4.460255508677507, 3.291922108566036, 12.640140966796874, 12.640140966796874, 2.3145411687953454, 1.0599052727527787, 3.2687270667500616, 2.859076000596857, 2.2750724647461187, 1.0348884346857523},
    alphaExt = 2.2012168349629437,
    nExt = 1,
    RExt = {0.0005946159572958274},
    RExtRem = 0.015513236904981896 ,
    CExt = {16450545.578766983},
    AInt = 258.5808195650149,
    alphaInt = 2.7000000000000006,
    nInt = 1,
    RInt = {7.981748062010453e-05},
    CInt = {28791319.085503943},
    AFloor = 0.0,
    alphaFloor = 0.0,
    nFloor = 1,
    RFloor = {0.00001},
    RFloorRem =  0.00001,
    CFloor = {0.00001},
    ARoof = 0.0,
    alphaRoof = 0.0,
    nRoof = 1,
    RRoof = {0.00001},
    RRoofRem = 0.00001,
    CRoof = {0.00001},
    nOrientationsRoof = 1,
    tiltRoof = {0.0},
    aziRoof = {0.0},
    wfRoof = {0.0},
    aRoof = 0.0,
    aExt = 0.5,
    TSoil = 286.15,
    alphaWallOut = 20.0,
    alphaRadWall = 5.0,
    alphaWinOut = 19.999999999999993,
    alphaRoofOut = 0.0,
    alphaRadRoof = 0.0,
    tiltExtWalls = {1.5707963267948966, 1.5707963267948966, 1.5707963267948966, 1.5707963267948966, 0.0, 0.0, 1.5707963267948966, 1.5707963267948966, 1.5707963267948966, 1.5707963267948966, 1.5707963267948966, 1.5707963267948966},
    aziExtWalls = {2.615526234600725, 2.6152002896724267, 2.6145032520494307, -0.5305092477892899, 0.0, 0.0, -2.115910628221491, -2.1198575873307623, -0.5139666025981982, -0.5139666025745196, 1.0591375934151503, 1.0626237089656634},
    wfWall = {0.08344880481459349, 0.006037517903315804, 0.08247818123429494, 0.060873586221968895, 0.2016810495866462, 0.0, 0.04280004713244379, 0.01959956307597472, 0.06044466799992687, 0.05286947980470523, 0.04207019949942778, 0.01913695655040977},
    wfWin = {0.17764173557486831, 0.012852372916451865, 0.17557551955443262, 0.12958471401912575, 0.0, 0.0, 0.09111064768615904, 0.041722591582478555, 0.12867165387940882, 0.11254596362781998, 0.08955698372988992, 0.040737817429365164},
    wfGro = 0.3285599461762926,
    nrPeople = 0.0,
    ratioConvectiveHeatPeople = 0.5,
    nrPeopleMachines = 0.0,
    ratioConvectiveHeatMachines = 0.75,
    lightingPower = 11.1,
    ratioConvectiveHeatLighting = 0.9,
    useConstantACHrate = false,
    baseACH = 0.2,
    maxUserACH = 1.0,
    maxOverheatingACH = {3.0, 2.0},
    maxSummerACH = {1.0, 283.15, 290.15},
    winterReduction = {0.2, 273.15, 283.15},
    withAHU = false,
    minAHU = 0.0,
    maxAHU = 8.0,
    hHeat = 1646.6352720405025,
    lHeat = 0,
    KRHeat = 10000,
    TNHeat = 1,
    HeaterOn = true,
    hCool = 0,
    lCool = 0.0,
    KRCool = 10000,
    TNCool = 1,
    CoolerOn = false);
end Inffeldgasse25B_1_Restroom;
