 
within Inffeldgasse.Inffeldgasse25B_1.Inffeldgasse25B_1_DataBase;
record Inffeldgasse25B_1_ICT "Inffeldgasse25B_1_ICT"
  extends AixLib.DataBase.ThermalZones.ZoneBaseRecord(
    T_start = 293.15,
    withAirCap = true,
    VAir = 129.1145044630755,
    AZone = 15.778679370117189,
    alphaRad = 5.0,
    lat = 0.88645272708792,
    nOrientations = 12,
    AWin = {0.45017383624919965, 0.032570060194362295, 0.444937699654221, 0.32838931482213163, 0.0, 0.0, 0.23088960293760005, 0.10573201759238024, 0.326075467884685, 0.2852102746955285, 0.22695235890442064, 0.10323643536384887},
    ATransparent = {0.45017383624919965, 0.032570060194362295, 0.444937699654221, 0.32838931482213163, 0.0, 0.0, 0.23088960293760005, 0.10573201759238024, 0.326075467884685, 0.2852102746955285, 0.22695235890442064, 0.10323643536384887},
    alphaWin = 2.7,
    RWin = 0.06442562850920365,
    gWin = 0.7799999999999999,
    UWin= 3.001782134105591,
    ratioWinConRad = 0.029999999999999995,
    AExt = {5.63325638333458, 0.4075658883781012, 5.567733917294713, 4.109304128720189, 15.778679370117189, 15.778679370117189, 2.889240166489428, 1.3230790309532987, 4.080349773800247, 3.5689826265953974, 2.839971410074237, 1.291850529012487},
    alphaExt = 2.2012168349629433,
    nExt = 1,
    RExt = {0.00047634084862390526},
    RExtRem = 0.012427497684099936 ,
    CExt = {20535204.855127502},
    AInt = 129.1145044630755,
    alphaInt = 2.7,
    nInt = 1,
    RInt = {0.00015985244756342454},
    CInt = {14376073.61140129},
    AFloor = 0.0,
    alphaFloor = 0.0,
    nFloor = 1,
    RFloor = {0.00001},
    RFloorRem =  0.00001,
    CFloor = {0.00001},
    ARoof = 0.0,
    alphaRoof = 0.0,
    nRoof = 1,
    RRoof = {0.00001},
    RRoofRem = 0.00001,
    CRoof = {0.00001},
    nOrientationsRoof = 1,
    tiltRoof = {0.0},
    aziRoof = {0.0},
    wfRoof = {0.0},
    aRoof = 0.0,
    aExt = 0.5,
    TSoil = 286.15,
    alphaWallOut = 20.0,
    alphaRadWall = 5.000000000000001,
    alphaWinOut = 19.999999999999996,
    alphaRoofOut = 0.0,
    alphaRadRoof = 0.0,
    tiltExtWalls = {1.5707963267948966, 1.5707963267948966, 1.5707963267948966, 1.5707963267948966, 0.0, 0.0, 1.5707963267948966, 1.5707963267948966, 1.5707963267948966, 1.5707963267948966, 1.5707963267948966, 1.5707963267948966},
    aziExtWalls = {2.615526234600725, 2.6152002896724267, 2.6145032520494307, -0.5305092477892899, 0.0, 0.0, -2.115910628221491, -2.1198575873307623, -0.5139666025981982, -0.5139666025745196, 1.0591375934151503, 1.0626237089656634},
    wfWall = {0.08344880481459348, 0.006037517903315803, 0.08247818123429494, 0.060873586221968874, 0.20168104958664615, 0.0, 0.04280004713244378, 0.019599563075974713, 0.060444667999926864, 0.05286947980470523, 0.042070199499427786, 0.019136956550409773},
    wfWin = {0.17764173557486831, 0.012852372916451865, 0.17557551955443262, 0.12958471401912577, 0.0, 0.0, 0.09111064768615905, 0.04172259158247855, 0.1286716538794088, 0.11254596362782002, 0.08955698372988992, 0.040737817429365164},
    wfGro = 0.3285599461762925,
    nrPeople = 0.47336038110351564,
    ratioConvectiveHeatPeople = 0.5,
    nrPeopleMachines = 23.668019055175783,
    ratioConvectiveHeatMachines = 0.75,
    lightingPower = 7.1,
    ratioConvectiveHeatLighting = 0.9,
    useConstantACHrate = false,
    baseACH = 0.2,
    maxUserACH = 1.0,
    maxOverheatingACH = {3.0, 2.0},
    maxSummerACH = {1.0, 283.15, 290.15},
    winterReduction = {0.2, 273.15, 283.15},
    withAHU = false,
    minAHU = 0.0,
    maxAHU = 130.0,
    hHeat = 2055.493689928111,
    lHeat = 0,
    KRHeat = 10000,
    TNHeat = 1,
    HeaterOn = true,
    hCool = 0,
    lCool = 0.0,
    KRCool = 10000,
    TNCool = 1,
    CoolerOn = false);
end Inffeldgasse25B_1_ICT;
