 
within Inffeldgasse.Inffeldgasse25B_1.Inffeldgasse25B_1_DataBase;
record Inffeldgasse25B_1_Laboratory "Inffeldgasse25B_1_Laboratory"
  extends AixLib.DataBase.ThermalZones.ZoneBaseRecord(
    T_start = 293.15,
    withAirCap = true,
    VAir = 906.6160163524399,
    AZone = 110.7947050048828,
    alphaRad = 5.0,
    lat = 0.88645272708792,
    nOrientations = 12,
    AWin = {3.161029907395606, 0.2287003954247183, 3.1242628120134257, 2.3058835539417797, 0.0, 0.0, 1.6212602364310498, 0.742428908271291, 2.2896361872992728, 2.002689040573234, 1.5936137027157817, 0.7249054330589605},
    ATransparent = {3.161029907395606, 0.2287003954247183, 3.1242628120134257, 2.3058835539417797, 0.0, 0.0, 1.6212602364310498, 0.742428908271291, 2.2896361872992728, 2.002689040573234, 1.5936137027157817, 0.7249054330589605},
    alphaWin = 2.7,
    RWin = 0.009175089508295592,
    gWin = 0.7799999999999998,
    UWin= 3.0017821341055906,
    ratioWinConRad = 0.029999999999999995,
    AExt = {39.55559046281529, 2.861845488693097, 39.09550491789774, 28.85470501283903, 110.7947050048828, 110.7947050048828, 20.287661877502057, 9.290394176475887, 28.651393370799006, 25.060676372578577, 19.941706604254247, 9.071113932602666},
    alphaExt = 2.201216834962943,
    nExt = 1,
    RExt = {6.783744332362164e-05},
    RExtRem = 0.0017698454210573061 ,
    CExt = {144194067.87919247},
    AInt = 453.30800817622,
    alphaInt = 2.7,
    nInt = 1,
    RInt = {4.553034400913994e-05},
    CInt = {67314622.87791295},
    AFloor = 0.0,
    alphaFloor = 0.0,
    nFloor = 1,
    RFloor = {0.00001},
    RFloorRem =  0.00001,
    CFloor = {0.00001},
    ARoof = 0.0,
    alphaRoof = 0.0,
    nRoof = 1,
    RRoof = {0.00001},
    RRoofRem = 0.00001,
    CRoof = {0.00001},
    nOrientationsRoof = 1,
    tiltRoof = {0.0},
    aziRoof = {0.0},
    wfRoof = {0.0},
    aRoof = 0.0,
    aExt = 0.5,
    TSoil = 286.15,
    alphaWallOut = 20.0,
    alphaRadWall = 5.000000000000001,
    alphaWinOut = 19.999999999999996,
    alphaRoofOut = 0.0,
    alphaRadRoof = 0.0,
    tiltExtWalls = {1.5707963267948966, 1.5707963267948966, 1.5707963267948966, 1.5707963267948966, 0.0, 0.0, 1.5707963267948966, 1.5707963267948966, 1.5707963267948966, 1.5707963267948966, 1.5707963267948966, 1.5707963267948966},
    aziExtWalls = {2.615526234600725, 2.6152002896724267, 2.6145032520494307, -0.5305092477892899, 0.0, 0.0, -2.115910628221491, -2.1198575873307623, -0.5139666025981982, -0.5139666025745196, 1.0591375934151503, 1.0626237089656634},
    wfWall = {0.08344880481459346, 0.006037517903315802, 0.08247818123429493, 0.06087358622196887, 0.20168104958664618, 0.0, 0.042800047132443786, 0.019599563075974713, 0.06044466799992687, 0.05286947980470525, 0.04207019949942779, 0.01913695655040977},
    wfWin = {0.1776417355748683, 0.012852372916451861, 0.17557551955443265, 0.12958471401912577, 0.0, 0.0, 0.09111064768615905, 0.041722591582478555, 0.12867165387940882, 0.11254596362781999, 0.0895569837298899, 0.040737817429365164},
    wfGro = 0.3285599461762926,
    nrPeople = 6.647682300292968,
    ratioConvectiveHeatPeople = 0.5,
    nrPeopleMachines = 19.943046900878905,
    ratioConvectiveHeatMachines = 0.75,
    lightingPower = 14.0,
    ratioConvectiveHeatLighting = 0.9,
    useConstantACHrate = false,
    baseACH = 0.2,
    maxUserACH = 1.0,
    maxOverheatingACH = {3.0, 2.0},
    maxSummerACH = {1.0, 283.15, 290.15},
    winterReduction = {0.2, 273.15, 283.15},
    withAHU = false,
    minAHU = 24.0,
    maxAHU = 48.0,
    hHeat = 14433.26223145706,
    lHeat = 0,
    KRHeat = 10000,
    TNHeat = 1,
    HeaterOn = true,
    hCool = 0,
    lCool = 0.0,
    KRCool = 10000,
    TNCool = 1,
    CoolerOn = false);
end Inffeldgasse25B_1_Laboratory;
