 
within Inffeldgasse.Inffeldgasse25B_1.Inffeldgasse25B_1_DataBase;
record Inffeldgasse25B_1_Storage "Inffeldgasse25B_1_Storage"
  extends AixLib.DataBase.ThermalZones.ZoneBaseRecord(
    T_start = 293.15,
    withAirCap = true,
    VAir = 80.21282566098422,
    AZone = 9.80255830078125,
    alphaRad = 4.999999999999999,
    lat = 0.88645272708792,
    nOrientations = 12,
    AWin = {0.27967202905944827, 0.020234260829195102, 0.27641906136556504, 0.20401298032546597, 0.0, 0.0, 0.14344095223371336, 0.06568637605194194, 0.20257549503462716, 0.17718785457923839, 0.14099492596786894, 0.06413598709252735},
    ATransparent = {0.27967202905944827, 0.020234260829195102, 0.27641906136556504, 0.20401298032546597, 0.0, 0.0, 0.14344095223371336, 0.06568637605194194, 0.20257549503462716, 0.17718785457923839, 0.14099492596786894, 0.06413598709252735},
    alphaWin = 2.6999999999999997,
    RWin = 0.10370265641613045,
    gWin = 0.78,
    UWin= 3.0017821341055915,
    ratioWinConRad = 0.029999999999999995,
    AExt = {3.4996797149871504, 0.2532016963220901, 3.45897365979072, 2.5529191862348855, 9.80255830078125, 9.80255830078125, 1.7949502941678188, 0.821967354379706, 2.5349311946224966, 2.217242612707767, 1.7643419114357657, 0.8025665411848693},
    alphaExt = 2.2012168349629433,
    nExt = 1,
    RExt = {0.0007667416291446187},
    RExtRem = 0.0200039107458977 ,
    CExt = {12757565.959043799},
    AInt = 200.53206415246055,
    alphaInt = 2.7000000000000006,
    nInt = 1,
    RInt = {0.00010292254079960843},
    CInt = {22327961.739778563},
    AFloor = 0.0,
    alphaFloor = 0.0,
    nFloor = 1,
    RFloor = {0.00001},
    RFloorRem =  0.00001,
    CFloor = {0.00001},
    ARoof = 0.0,
    alphaRoof = 0.0,
    nRoof = 1,
    RRoof = {0.00001},
    RRoofRem = 0.00001,
    CRoof = {0.00001},
    nOrientationsRoof = 1,
    tiltRoof = {0.0},
    aziRoof = {0.0},
    wfRoof = {0.0},
    aRoof = 0.0,
    aExt = 0.5,
    TSoil = 286.15,
    alphaWallOut = 20.0,
    alphaRadWall = 4.999999999999999,
    alphaWinOut = 20.0,
    alphaRoofOut = 0.0,
    alphaRadRoof = 0.0,
    tiltExtWalls = {1.5707963267948966, 1.5707963267948966, 1.5707963267948966, 1.5707963267948966, 0.0, 0.0, 1.5707963267948966, 1.5707963267948966, 1.5707963267948966, 1.5707963267948966, 1.5707963267948966, 1.5707963267948966},
    aziExtWalls = {2.615526234600725, 2.6152002896724267, 2.6145032520494307, -0.5305092477892899, 0.0, 0.0, -2.115910628221491, -2.1198575873307623, -0.5139666025981982, -0.5139666025745196, 1.0591375934151503, 1.0626237089656634},
    wfWall = {0.08344880481459346, 0.006037517903315805, 0.08247818123429496, 0.060873586221968874, 0.2016810495866462, 0.0, 0.04280004713244378, 0.01959956307597472, 0.060444667999926864, 0.05286947980470523, 0.042070199499427786, 0.01913695655040977},
    wfWin = {0.17764173557486831, 0.012852372916451865, 0.17557551955443257, 0.12958471401912577, 0.0, 0.0, 0.09111064768615906, 0.041722591582478555, 0.1286716538794088, 0.11254596362782, 0.0895569837298899, 0.04073781742936516},
    wfGro = 0.3285599461762926,
    nrPeople = 0.0,
    ratioConvectiveHeatPeople = 0.5,
    nrPeopleMachines = 0.0,
    ratioConvectiveHeatMachines = 0.75,
    lightingPower = 11.3,
    ratioConvectiveHeatLighting = 0.9,
    useConstantACHrate = false,
    baseACH = 0.2,
    maxUserACH = 1.0,
    maxOverheatingACH = {3.0, 2.0},
    maxSummerACH = {1.0, 283.15, 290.15},
    winterReduction = {0.2, 273.15, 283.15},
    withAHU = false,
    minAHU = 0.0,
    maxAHU = 0.5,
    hHeat = 1276.982455868145,
    lHeat = 0,
    KRHeat = 10000,
    TNHeat = 1,
    HeaterOn = true,
    hCool = 0,
    lCool = 0.0,
    KRCool = 10000,
    TNCool = 1,
    CoolerOn = false);
end Inffeldgasse25B_1_Storage;
