 
within Inffeldgasse.Inffeldgasse25B_1.Inffeldgasse25B_1_DataBase;
record Inffeldgasse25B_1_Meeting "Inffeldgasse25B_1_Meeting"
  extends AixLib.DataBase.ThermalZones.ZoneBaseRecord(
    T_start = 293.15,
    withAirCap = true,
    VAir = 70.36212777279317,
    AZone = 8.5987353515625,
    alphaRad = 4.999999999999999,
    lat = 0.88645272708792,
    nOrientations = 12,
    AWin = {0.24532634128021777, 0.017749351604557106, 0.24247286084698688, 0.17895875467146136, 0.0, 0.0, 0.1258253966962398, 0.05761962811573854, 0.17769780266195365, 0.155427942613367, 0.12367975962093766, 0.05625963780046259},
    ATransparent = {0.24532634128021777, 0.017749351604557106, 0.24247286084698688, 0.17895875467146136, 0.0, 0.0, 0.1258253966962398, 0.05761962811573854, 0.17769780266195365, 0.155427942613367, 0.12367975962093766, 0.05625963780046259},
    alphaWin = 2.7000000000000006,
    RWin = 0.11822102831438872,
    gWin = 0.7800000000000001,
    UWin= 3.001782134105592,
    ratioWinConRad = 0.029999999999999995,
    AExt = {3.0698944868308335, 0.22210675115972814, 3.0341874208690527, 2.239402794942882, 8.5987353515625, 8.5987353515625, 1.5745178019015953, 0.7210239950699175, 2.2236238549320144, 1.944949660269971, 1.5476683433647067, 0.7040057378814643},
    alphaExt = 2.201216834962943,
    nExt = 1,
    RExt = {0.000874085457224866},
    RExtRem = 0.022804458250323383 ,
    CExt = {11190847.332494551},
    AInt = 105.54319165918976,
    alphaInt = 2.6999999999999997,
    nInt = 1,
    RInt = {0.00019555282751925615},
    CInt = {11751558.81040977},
    AFloor = 0.0,
    alphaFloor = 0.0,
    nFloor = 1,
    RFloor = {0.00001},
    RFloorRem =  0.00001,
    CFloor = {0.00001},
    ARoof = 0.0,
    alphaRoof = 0.0,
    nRoof = 1,
    RRoof = {0.00001},
    RRoofRem = 0.00001,
    CRoof = {0.00001},
    nOrientationsRoof = 1,
    tiltRoof = {0.0},
    aziRoof = {0.0},
    wfRoof = {0.0},
    aRoof = 0.0,
    aExt = 0.5,
    TSoil = 286.15,
    alphaWallOut = 19.999999999999996,
    alphaRadWall = 4.999999999999999,
    alphaWinOut = 20.0,
    alphaRoofOut = 0.0,
    alphaRadRoof = 0.0,
    tiltExtWalls = {1.5707963267948966, 1.5707963267948966, 1.5707963267948966, 1.5707963267948966, 0.0, 0.0, 1.5707963267948966, 1.5707963267948966, 1.5707963267948966, 1.5707963267948966, 1.5707963267948966, 1.5707963267948966},
    aziExtWalls = {2.615526234600725, 2.6152002896724267, 2.6145032520494307, -0.5305092477892899, 0.0, 0.0, -2.115910628221491, -2.1198575873307623, -0.5139666025981982, -0.5139666025745196, 1.0591375934151503, 1.0626237089656634},
    wfWall = {0.08344880481459349, 0.006037517903315802, 0.08247818123429494, 0.06087358622196889, 0.20168104958664615, 0.0, 0.04280004713244377, 0.019599563075974713, 0.06044466799992685, 0.05286947980470524, 0.04207019949942778, 0.01913695655040977},
    wfWin = {0.1776417355748683, 0.012852372916451863, 0.17557551955443257, 0.12958471401912575, 0.0, 0.0, 0.09111064768615904, 0.04172259158247854, 0.1286716538794088, 0.11254596362781998, 0.08955698372988989, 0.040737817429365164},
    wfGro = 0.3285599461762926,
    nrPeople = 2.063696484375,
    ratioConvectiveHeatPeople = 0.5,
    nrPeopleMachines = 0.17197470703125,
    ratioConvectiveHeatMachines = 0.75,
    lightingPower = 15.9,
    ratioConvectiveHeatLighting = 0.9,
    useConstantACHrate = false,
    baseACH = 0.2,
    maxUserACH = 1.0,
    maxOverheatingACH = {3.0, 2.0},
    maxSummerACH = {1.0, 283.15, 290.15},
    winterReduction = {0.2, 273.15, 283.15},
    withAHU = false,
    minAHU = 0.0,
    maxAHU = 12.0,
    hHeat = 1120.160049007145,
    lHeat = 0,
    KRHeat = 10000,
    TNHeat = 1,
    HeaterOn = true,
    hCool = 0,
    lCool = 0.0,
    KRCool = 10000,
    TNCool = 1,
    CoolerOn = false);
end Inffeldgasse25B_1_Meeting;
