 
within Inffeldgasse.Inffeldgasse25B_1.Inffeldgasse25B_1_DataBase;
record Inffeldgasse25B_1_Floor "Inffeldgasse25B_1_Floor"
  extends AixLib.DataBase.ThermalZones.ZoneBaseRecord(
    T_start = 293.15,
    withAirCap = true,
    VAir = 947.42605046066,
    AZone = 115.78197150878906,
    alphaRad = 5.0,
    lat = 0.88645272708792,
    nOrientations = 12,
    AWin = {3.303319185338132, 0.23899501935536144, 3.2648970713046785, 2.4096796316512274, 0.0, 0.0, 1.6942389665148687, 0.7758482925784195, 2.392700912843206, 2.0928372472889865, 1.6653479632959256, 0.7575360229832288},
    ATransparent = {3.303319185338132, 0.23899501935536144, 3.2648970713046785, 2.4096796316512274, 0.0, 0.0, 1.6942389665148687, 0.7758482925784195, 2.392700912843206, 2.0928372472889865, 1.6653479632959256, 0.7575360229832288},
    alphaWin = 2.7,
    RWin = 0.008779875849564701,
    gWin = 0.7800000000000001,
    UWin= 3.001782134105591,
    ratioWinConRad = 0.029999999999999995,
    AExt = {41.33612926517718, 2.9906674043657393, 40.855333622001794, 30.153558633905902, 115.78197150878906, 115.78197150878906, 21.200882202604983, 9.70858809361644, 29.941095206659575, 26.18874717553516, 20.839354243405776, 9.479437260573915},
    alphaExt = 2.201216834962943,
    nExt = 1,
    RExt = {6.491537001298664e-05},
    RExtRem = 0.00169360997031737 ,
    CExt = {150684759.33203924},
    AInt = 6158.269327994289,
    alphaInt = 2.700000000000001,
    nInt = 1,
    RInt = {3.351472378861254e-06},
    CInt = {685683870.6560591},
    AFloor = 0.0,
    alphaFloor = 0.0,
    nFloor = 1,
    RFloor = {0.00001},
    RFloorRem =  0.00001,
    CFloor = {0.00001},
    ARoof = 0.0,
    alphaRoof = 0.0,
    nRoof = 1,
    RRoof = {0.00001},
    RRoofRem = 0.00001,
    CRoof = {0.00001},
    nOrientationsRoof = 1,
    tiltRoof = {0.0},
    aziRoof = {0.0},
    wfRoof = {0.0},
    aRoof = 0.0,
    aExt = 0.5,
    TSoil = 286.15,
    alphaWallOut = 20.0,
    alphaRadWall = 4.999999999999998,
    alphaWinOut = 19.999999999999996,
    alphaRoofOut = 0.0,
    alphaRadRoof = 0.0,
    tiltExtWalls = {1.5707963267948966, 1.5707963267948966, 1.5707963267948966, 1.5707963267948966, 0.0, 0.0, 1.5707963267948966, 1.5707963267948966, 1.5707963267948966, 1.5707963267948966, 1.5707963267948966, 1.5707963267948966},
    aziExtWalls = {2.615526234600725, 2.6152002896724267, 2.6145032520494307, -0.5305092477892899, 0.0, 0.0, -2.115910628221491, -2.1198575873307623, -0.5139666025981982, -0.5139666025745196, 1.0591375934151503, 1.0626237089656634},
    wfWall = {0.08344880481459348, 0.0060375179033158016, 0.08247818123429494, 0.060873586221968874, 0.2016810495866462, 0.0, 0.04280004713244378, 0.019599563075974717, 0.06044466799992685, 0.05286947980470523, 0.04207019949942778, 0.01913695655040977},
    wfWin = {0.17764173557486834, 0.012852372916451865, 0.17557551955443262, 0.12958471401912577, 0.0, 0.0, 0.09111064768615904, 0.04172259158247855, 0.12867165387940882, 0.11254596362781999, 0.08955698372988992, 0.040737817429365164},
    wfGro = 0.3285599461762926,
    nrPeople = 0.0,
    ratioConvectiveHeatPeople = 0.5,
    nrPeopleMachines = 0.0,
    ratioConvectiveHeatMachines = 0.75,
    lightingPower = 7.0,
    ratioConvectiveHeatLighting = 0.9,
    useConstantACHrate = false,
    baseACH = 0.2,
    maxUserACH = 1.0,
    maxOverheatingACH = {3.0, 2.0},
    maxSummerACH = {1.0, 283.15, 290.15},
    winterReduction = {0.2, 273.15, 283.15},
    withAHU = false,
    minAHU = 0.0,
    maxAHU = 2.0,
    hHeat = 15082.955059881206,
    lHeat = 0,
    KRHeat = 10000,
    TNHeat = 1,
    HeaterOn = true,
    hCool = 0,
    lCool = 0.0,
    KRCool = 10000,
    TNCool = 1,
    CoolerOn = false);
end Inffeldgasse25B_1_Floor;
