 
within Inffeldgasse.Inffeldgasse25B_1.Inffeldgasse25B_1_DataBase;
record Inffeldgasse25B_1_Meeting "Inffeldgasse25B_1_Meeting"
  extends AixLib.DataBase.ThermalZones.ZoneBaseRecord(
    T_start = 293.15,
    withAirCap = true,
    VAir = 197.36576840268484,
    AZone = 24.11945266113281,
    alphaRad = 4.999999999999999,
    lat = 0.88645272708792,
    nOrientations = 12,
    AWin = {0.6881403872910108, 0.04978693125078268, 0.6801363746757982, 0.5019793068534492, 0.0, 0.0, 0.35294023773295263, 0.16162305686464662, 0.49844233646678, 0.43597537903049444, 0.34692172573673014, 0.15780828403029756},
    ATransparent = {0.6881403872910108, 0.04978693125078268, 0.6801363746757982, 0.5019793068534492, 0.0, 0.0, 0.35294023773295263, 0.16162305686464662, 0.49844233646678, 0.43597537903049444, 0.34692172573673014, 0.15780828403029756},
    alphaWin = 2.7,
    RWin = 0.04214653415842734,
    gWin = 0.7799999999999999,
    UWin= 3.0017821341055906,
    ratioWinConRad = 0.029999999999999995,
    AExt = {8.611054035560489, 0.6230094370030375, 8.510895715537693, 6.281524839814783, 24.11945266113281, 24.11945266113281, 4.4165224343339755, 2.0224723061711187, 6.237264913084301, 5.455583797057269, 4.341209703138002, 1.9747360947575072},
    alphaExt = 2.201216834962943,
    nExt = 1,
    RExt = {0.0003116169187967433},
    RExtRem = 0.008129931640043988 ,
    CExt = {31390326.767647244},
    AInt = 394.7315368053697,
    alphaInt = 2.7,
    nInt = 1,
    RInt = {5.228685227787594e-05},
    CInt = {43950829.95093254},
    AFloor = 0.0,
    alphaFloor = 0.0,
    nFloor = 1,
    RFloor = {0.00001},
    RFloorRem =  0.00001,
    CFloor = {0.00001},
    ARoof = 0.0,
    alphaRoof = 0.0,
    nRoof = 1,
    RRoof = {0.00001},
    RRoofRem = 0.00001,
    CRoof = {0.00001},
    nOrientationsRoof = 1,
    tiltRoof = {0.0},
    aziRoof = {0.0},
    wfRoof = {0.0},
    aRoof = 0.0,
    aExt = 0.5,
    TSoil = 286.15,
    alphaWallOut = 20.0,
    alphaRadWall = 4.999999999999998,
    alphaWinOut = 20.0,
    alphaRoofOut = 0.0,
    alphaRadRoof = 0.0,
    tiltExtWalls = {1.5707963267948966, 1.5707963267948966, 1.5707963267948966, 1.5707963267948966, 0.0, 0.0, 1.5707963267948966, 1.5707963267948966, 1.5707963267948966, 1.5707963267948966, 1.5707963267948966, 1.5707963267948966},
    aziExtWalls = {2.615526234600725, 2.6152002896724267, 2.6145032520494307, -0.5305092477892899, 0.0, 0.0, -2.115910628221491, -2.1198575873307623, -0.5139666025981982, -0.5139666025745196, 1.0591375934151503, 1.0626237089656634},
    wfWall = {0.08344880481459348, 0.006037517903315802, 0.08247818123429493, 0.060873586221968874, 0.20168104958664618, 0.0, 0.042800047132443786, 0.019599563075974713, 0.06044466799992688, 0.052869479804705244, 0.04207019949942778, 0.01913695655040977},
    wfWin = {0.17764173557486831, 0.012852372916451868, 0.17557551955443265, 0.1295847140191258, 0.0, 0.0, 0.09111064768615906, 0.041722591582478555, 0.1286716538794088, 0.11254596362782004, 0.08955698372988993, 0.04073781742936517},
    wfGro = 0.32855994617629264,
    nrPeople = 5.788668638671875,
    ratioConvectiveHeatPeople = 0.5,
    nrPeopleMachines = 0.48238905322265624,
    ratioConvectiveHeatMachines = 0.75,
    lightingPower = 15.9,
    ratioConvectiveHeatLighting = 0.9,
    useConstantACHrate = false,
    baseACH = 0.2,
    maxUserACH = 1.0,
    maxOverheatingACH = {3.0, 2.0},
    maxSummerACH = {1.0, 283.15, 290.15},
    winterReduction = {0.2, 273.15, 283.15},
    withAHU = false,
    minAHU = 0.0,
    maxAHU = 12.0,
    hHeat = 3142.048937465041,
    lHeat = 0,
    KRHeat = 10000,
    TNHeat = 1,
    HeaterOn = true,
    hCool = 0,
    lCool = 0.0,
    KRCool = 10000,
    TNCool = 1,
    CoolerOn = false);
end Inffeldgasse25B_1_Meeting;
