 
within Inffeldgasse.Inffeldgasse25E_8.Inffeldgasse25E_8_DataBase;
record Inffeldgasse25E_8_Floor "Inffeldgasse25E_8_Floor"
  extends AixLib.DataBase.ThermalZones.ZoneBaseRecord(
    T_start = 293.15,
    withAirCap = true,
    VAir = 67.48084142363071,
    AZone = 15.153384765624999,
    alphaRad = 4.999999999999999,
    lat = 0.88645272708792,
    nOrientations = 9,
    AWin = {1.3230548047619428, 0.1407786182355324, 1.151948948680572, 1.3300654330752841, 0.0, 0.051710285515294184, 0.1785245237275803, 0.9416859263984816, 0.12374610425447188},
    ATransparent = {1.3230548047619428, 0.1407786182355324, 1.151948948680572, 1.3300654330752841, 0.0, 0.051710285515294184, 0.1785245237275803, 0.9416859263984816, 0.12374610425447188},
    alphaWin = 2.6999999999999997,
    RWin = 0.031148497560551443,
    gWin = 0.78,
    UWin= 3.001782134105592,
    ratioWinConRad = 0.03,
    AExt = {16.556064178507558, 1.761635141704095, 14.414928736192023, 16.643791770644775, 15.153384765624999, 0.6470773565832758, 2.23396904015864, 11.783799565472894, 1.548498547832986},
    alphaExt = 2.512326061913353,
    nExt = 1,
    RExt = {0.0003255724518159664},
    RExtRem = 0.010917307725200179 ,
    CExt = {32958163.426291678},
    AInt = 438.6254692535996,
    alphaInt = 2.7,
    nInt = 1,
    RInt = {4.705442570282741e-05},
    CInt = {48838138.36445082},
    AFloor = 0.0,
    alphaFloor = 0.0,
    nFloor = 1,
    RFloor = {0.00001},
    RFloorRem =  0.00001,
    CFloor = {0.00001},
    ARoof = 0.0,
    alphaRoof = 0.0,
    nRoof = 1,
    RRoof = {0.00001},
    RRoofRem = 0.00001,
    CRoof = {0.00001},
    nOrientationsRoof = 1,
    tiltRoof = {0.0},
    aziRoof = {0.0},
    wfRoof = {0.0},
    aRoof = 0.0,
    aExt = 0.5,
    TSoil = 286.15,
    alphaWallOut = 20.0,
    alphaRadWall = 4.999999999999999,
    alphaWinOut = 19.999999999999996,
    alphaRoofOut = 0.0,
    alphaRadRoof = 0.0,
    tiltExtWalls = {1.5707963267948966, 1.5707963267948966, 1.5707963267948966, 1.5707963267948966, 0.0, 1.5707963267948966, 1.5707963267948966, 1.5707963267948966, 1.5707963267948966},
    aziExtWalls = {2.612747028261224, -0.5444187091447431, -2.110795931474896, -0.5416399149557776, 0.0, 1.0240074863211686, 1.0496994689295385, 1.0532237753529978, 2.618895773492316},
    wfWall = {0.2104633881181524, 0.02239419324263983, 0.18324492515794125, 0.21157859557770156, 0.16621221810817982, 0.008225752894691334, 0.02839857879707902, 0.14979758200467436, 0.019684766098940522},
    wfWin = {0.2524184123214448, 0.0268583849859596, 0.2197740589843716, 0.25375593187230555, 0.0, 0.009865523426149922, 0.03405972048744124, 0.1796591234100259, 0.023608844512301237},
    wfGro = 0,
    nrPeople = 0.0,
    ratioConvectiveHeatPeople = 0.5,
    nrPeopleMachines = 0.0,
    ratioConvectiveHeatMachines = 0.75,
    lightingPower = 7.0,
    ratioConvectiveHeatLighting = 0.9,
    useConstantACHrate = false,
    baseACH = 0.2,
    maxUserACH = 1.0,
    maxOverheatingACH = {3.0, 2.0},
    maxSummerACH = {1.0, 283.15, 290.15},
    winterReduction = {0.2, 273.15, 283.15},
    withAHU = false,
    minAHU = 0.0,
    maxAHU = 2.0,
    hHeat = 3043.8536120871822,
    lHeat = 0,
    KRHeat = 10000,
    TNHeat = 1,
    HeaterOn = true,
    hCool = 0,
    lCool = 0.0,
    KRCool = 10000,
    TNCool = 1,
    CoolerOn = false);
end Inffeldgasse25E_8_Floor;
