 
within Inffeldgasse.Inffeldgasse25E_8.Inffeldgasse25E_8_DataBase;
record Inffeldgasse25E_8_Meeting "Inffeldgasse25E_8_Meeting"
  extends AixLib.DataBase.ThermalZones.ZoneBaseRecord(
    T_start = 293.15,
    withAirCap = true,
    VAir = 14.057464552044868,
    AZone = 3.156720703125,
    alphaRad = 5.0,
    lat = 0.88645272708792,
    nOrientations = 9,
    AWin = {0.2756159470744337, 0.029326700642455877, 0.239971541110212, 0.2770763861697863, 0.0, 0.010772176076524337, 0.03718984694065078, 0.19616999803548021, 0.025778523760400567},
    ATransparent = {0.2756159470744337, 0.029326700642455877, 0.239971541110212, 0.2770763861697863, 0.0, 0.010772176076524337, 0.03718984694065078, 0.19616999803548021, 0.025778523760400567},
    alphaWin = 2.6999999999999997,
    RWin = 0.14952389292435833,
    gWin = 0.7799999999999999,
    UWin= 3.0017821341055915,
    ratioWinConRad = 0.03,
    AExt = {3.4489238782557523, 0.36698006479613715, 3.0028871225413014, 3.46719910261111, 3.156720703125, 0.13479777090353426, 0.4653756522573328, 2.4547759213629017, 0.32257990543420173},
    alphaExt = 2.512326061913353,
    nExt = 1,
    RExt = {0.0015628638373269123},
    RExtRem = 0.052406969169276424 ,
    CExt = {6865774.11145549},
    AInt = 28.114929104089736,
    alphaInt = 2.7000000000000006,
    nInt = 1,
    RInt = {0.0007341035603521769},
    CInt = {3130417.39237989},
    AFloor = 0.0,
    alphaFloor = 0.0,
    nFloor = 1,
    RFloor = {0.00001},
    RFloorRem =  0.00001,
    CFloor = {0.00001},
    ARoof = 0.0,
    alphaRoof = 0.0,
    nRoof = 1,
    RRoof = {0.00001},
    RRoofRem = 0.00001,
    CRoof = {0.00001},
    nOrientationsRoof = 1,
    tiltRoof = {0.0},
    aziRoof = {0.0},
    wfRoof = {0.0},
    aRoof = 0.0,
    aExt = 0.5,
    TSoil = 286.15,
    alphaWallOut = 20.0,
    alphaRadWall = 5.0,
    alphaWinOut = 20.0,
    alphaRoofOut = 0.0,
    alphaRadRoof = 0.0,
    tiltExtWalls = {1.5707963267948966, 1.5707963267948966, 1.5707963267948966, 1.5707963267948966, 0.0, 1.5707963267948966, 1.5707963267948966, 1.5707963267948966, 1.5707963267948966},
    aziExtWalls = {2.612747028261224, -0.5444187091447431, -2.110795931474896, -0.5416399149557776, 0.0, 1.0240074863211686, 1.0496994689295385, 1.0532237753529978, 2.618895773492316},
    wfWall = {0.21046338811815238, 0.02239419324263983, 0.18324492515794122, 0.21157859557770156, 0.16621221810817982, 0.008225752894691336, 0.028398578797079015, 0.14979758200467433, 0.01968476609894052},
    wfWin = {0.25241841232144485, 0.026858384985959605, 0.21977405898437158, 0.25375593187230555, 0.0, 0.009865523426149925, 0.03405972048744125, 0.17965912341002596, 0.023608844512301233},
    wfGro = 0,
    nrPeople = 0.7576129687500001,
    ratioConvectiveHeatPeople = 0.5,
    nrPeopleMachines = 0.0631344140625,
    ratioConvectiveHeatMachines = 0.75,
    lightingPower = 15.9,
    ratioConvectiveHeatLighting = 0.9,
    useConstantACHrate = false,
    baseACH = 0.2,
    maxUserACH = 1.0,
    maxOverheatingACH = {3.0, 2.0},
    maxSummerACH = {1.0, 283.15, 290.15},
    winterReduction = {0.2, 273.15, 283.15},
    withAHU = false,
    minAHU = 0.0,
    maxAHU = 12.0,
    hHeat = 634.0890740367283,
    lHeat = 0,
    KRHeat = 10000,
    TNHeat = 1,
    HeaterOn = true,
    hCool = 0,
    lCool = 0.0,
    KRCool = 10000,
    TNCool = 1,
    CoolerOn = false);
end Inffeldgasse25E_8_Meeting;
