 
within Inffeldgasse.Inffeldgasse25E_8.Inffeldgasse25E_8_DataBase;
record Inffeldgasse25E_8_ICT "Inffeldgasse25E_8_ICT"
  extends AixLib.DataBase.ThermalZones.ZoneBaseRecord(
    T_start = 293.15,
    withAirCap = true,
    VAir = 9.196237951159477,
    AZone = 2.065091796875,
    alphaRad = 4.999999999999999,
    lat = 0.88645272708792,
    nOrientations = 9,
    AWin = {0.18030490655315004, 0.019185203450590566, 0.1569867301024025, 0.18126030966900458, 0.0, 0.007047038538474923, 0.024329186857787587, 0.12833224470413768, 0.016864025347713026},
    ATransparent = {0.18030490655315004, 0.019185203450590566, 0.1569867301024025, 0.18126030966900458, 0.0, 0.007047038538474923, 0.024329186857787587, 0.12833224470413768, 0.016864025347713026},
    alphaWin = 2.7000000000000006,
    RWin = 0.22856377092797012,
    gWin = 0.7800000000000001,
    UWin= 3.001782134105592,
    ratioWinConRad = 0.030000000000000006,
    AExt = {2.2562478847056346, 0.24007430263847118, 1.9644555685787124, 2.2682033345067336, 2.065091796875, 0.08818321198145646, 0.3044436085177204, 1.6058872783247502, 0.2110282090808414},
    alphaExt = 2.512326061913353,
    nExt = 1,
    RExt = {0.0023890098439792846},
    RExtRem = 0.08010983570562419 ,
    CExt = {4491513.545283717},
    AInt = 9.196237951159477,
    alphaInt = 2.7,
    nInt = 1,
    RInt = {0.0022443166068532496},
    CInt = {1023942.2308408376},
    AFloor = 0.0,
    alphaFloor = 0.0,
    nFloor = 1,
    RFloor = {0.00001},
    RFloorRem =  0.00001,
    CFloor = {0.00001},
    ARoof = 0.0,
    alphaRoof = 0.0,
    nRoof = 1,
    RRoof = {0.00001},
    RRoofRem = 0.00001,
    CRoof = {0.00001},
    nOrientationsRoof = 1,
    tiltRoof = {0.0},
    aziRoof = {0.0},
    wfRoof = {0.0},
    aRoof = 0.0,
    aExt = 0.5,
    TSoil = 286.15,
    alphaWallOut = 19.999999999999996,
    alphaRadWall = 4.999999999999998,
    alphaWinOut = 20.0,
    alphaRoofOut = 0.0,
    alphaRadRoof = 0.0,
    tiltExtWalls = {1.5707963267948966, 1.5707963267948966, 1.5707963267948966, 1.5707963267948966, 0.0, 1.5707963267948966, 1.5707963267948966, 1.5707963267948966, 1.5707963267948966},
    aziExtWalls = {2.612747028261224, -0.5444187091447431, -2.110795931474896, -0.5416399149557776, 0.0, 1.0240074863211686, 1.0496994689295385, 1.0532237753529978, 2.618895773492316},
    wfWall = {0.21046338811815232, 0.022394193242639835, 0.18324492515794127, 0.21157859557770156, 0.1662122181081798, 0.008225752894691334, 0.028398578797079015, 0.1497975820046743, 0.01968476609894052},
    wfWin = {0.2524184123214448, 0.026858384985959608, 0.21977405898437158, 0.2537559318723056, 0.0, 0.009865523426149925, 0.03405972048744125, 0.17965912341002593, 0.023608844512301237},
    wfGro = 0,
    nrPeople = 0.061952753906250005,
    ratioConvectiveHeatPeople = 0.5,
    nrPeopleMachines = 3.0976376953125,
    ratioConvectiveHeatMachines = 0.75,
    lightingPower = 7.1,
    ratioConvectiveHeatLighting = 0.9,
    useConstantACHrate = false,
    baseACH = 0.2,
    maxUserACH = 1.0,
    maxOverheatingACH = {3.0, 2.0},
    maxSummerACH = {1.0, 283.15, 290.15},
    winterReduction = {0.2, 273.15, 283.15},
    withAHU = false,
    minAHU = 0.0,
    maxAHU = 130.0,
    hHeat = 414.8140644767902,
    lHeat = 0,
    KRHeat = 10000,
    TNHeat = 1,
    HeaterOn = true,
    hCool = 0,
    lCool = 0.0,
    KRCool = 10000,
    TNCool = 1,
    CoolerOn = false);
end Inffeldgasse25E_8_ICT;
