 
within Inffeldgasse.Inffeldgasse25E_8.Inffeldgasse25E_8_DataBase;
record Inffeldgasse25E_8_Laboratory "Inffeldgasse25E_8_Laboratory"
  extends AixLib.DataBase.ThermalZones.ZoneBaseRecord(
    T_start = 293.15,
    withAirCap = true,
    VAir = 64.57412861073017,
    AZone = 14.500658203124999,
    alphaRad = 4.999999999999999,
    lat = 0.88645272708792,
    nOrientations = 9,
    AWin = {1.2660646980584949, 0.1347146302239016, 1.1023291647789952, 1.2727733460954354, 0.0, 0.04948288368841928, 0.1708346445027755, 0.9011231460560294, 0.11841578561595768},
    ATransparent = {1.2660646980584949, 0.1347146302239016, 1.1023291647789952, 1.2727733460954354, 0.0, 0.04948288368841928, 0.1708346445027755, 0.9011231460560294, 0.11841578561595768},
    alphaWin = 2.7000000000000006,
    RWin = 0.03255060299983121,
    gWin = 0.7800000000000001,
    UWin= 3.0017821341055915,
    ratioWinConRad = 0.030000000000000002,
    AExt = {15.842917708137385, 1.6857533457747689, 13.79401089980202, 15.926866466005047, 14.500658203124999, 0.6192047337226521, 2.1377416325617586, 11.276216665511937, 1.4817975335186058},
    alphaExt = 2.512326061913353,
    nExt = 1,
    RExt = {0.00034022763396988654},
    RExtRem = 0.011408734848259246 ,
    CExt = {31538502.469199277},
    AInt = 32.287064305365085,
    alphaInt = 2.6999999999999993,
    nInt = 1,
    RInt = {0.0006392426811914185},
    CInt = {4794513.925078697},
    AFloor = 0.0,
    alphaFloor = 0.0,
    nFloor = 1,
    RFloor = {0.00001},
    RFloorRem =  0.00001,
    CFloor = {0.00001},
    ARoof = 0.0,
    alphaRoof = 0.0,
    nRoof = 1,
    RRoof = {0.00001},
    RRoofRem = 0.00001,
    CRoof = {0.00001},
    nOrientationsRoof = 1,
    tiltRoof = {0.0},
    aziRoof = {0.0},
    wfRoof = {0.0},
    aRoof = 0.0,
    aExt = 0.5,
    TSoil = 286.15,
    alphaWallOut = 19.999999999999996,
    alphaRadWall = 4.999999999999999,
    alphaWinOut = 20.0,
    alphaRoofOut = 0.0,
    alphaRadRoof = 0.0,
    tiltExtWalls = {1.5707963267948966, 1.5707963267948966, 1.5707963267948966, 1.5707963267948966, 0.0, 1.5707963267948966, 1.5707963267948966, 1.5707963267948966, 1.5707963267948966},
    aziExtWalls = {2.612747028261224, -0.5444187091447431, -2.110795931474896, -0.5416399149557776, 0.0, 1.0240074863211686, 1.0496994689295385, 1.0532237753529978, 2.618895773492316},
    wfWall = {0.21046338811815235, 0.022394193242639828, 0.18324492515794122, 0.21157859557770153, 0.16621221810817982, 0.008225752894691336, 0.02839857879707902, 0.14979758200467433, 0.01968476609894052},
    wfWin = {0.2524184123214448, 0.02685838498595961, 0.21977405898437163, 0.2537559318723056, 0.0, 0.009865523426149925, 0.03405972048744125, 0.17965912341002593, 0.02360884451230124},
    wfGro = 0,
    nrPeople = 0.8700394921875,
    ratioConvectiveHeatPeople = 0.5,
    nrPeopleMachines = 2.6101184765625,
    ratioConvectiveHeatMachines = 0.75,
    lightingPower = 14.0,
    ratioConvectiveHeatLighting = 0.9,
    useConstantACHrate = false,
    baseACH = 0.2,
    maxUserACH = 1.0,
    maxOverheatingACH = {3.0, 2.0},
    maxSummerACH = {1.0, 283.15, 290.15},
    winterReduction = {0.2, 273.15, 283.15},
    withAHU = false,
    minAHU = 24.0,
    maxAHU = 48.0,
    hHeat = 2912.7407197729926,
    lHeat = 0,
    KRHeat = 10000,
    TNHeat = 1,
    HeaterOn = true,
    hCool = 0,
    lCool = 0.0,
    KRCool = 10000,
    TNCool = 1,
    CoolerOn = false);
end Inffeldgasse25E_8_Laboratory;
