 
within Inffeldgasse.Inffeldgasse25E_8.Inffeldgasse25E_8_DataBase;
record Inffeldgasse25E_8_Storage "Inffeldgasse25E_8_Storage"
  extends AixLib.DataBase.ThermalZones.ZoneBaseRecord(
    T_start = 293.15,
    withAirCap = true,
    VAir = 225.5208216905594,
    AZone = 50.642578125,
    alphaRad = 5.0,
    lat = 0.88645272708792,
    nOrientations = 9,
    AWin = {4.421646209750274, 0.470481828488597, 3.8498108199499246, 4.44507571395379, 0.0, 0.17281565898167384, 0.5966285605451995, 3.14711226794888, 0.4135592047123085},
    ATransparent = {4.421646209750274, 0.470481828488597, 3.8498108199499246, 4.44507571395379, 0.0, 0.17281565898167384, 0.5966285605451995, 3.14711226794888, 0.4135592047123085},
    alphaWin = 2.7,
    RWin = 0.00932032265895167,
    gWin = 0.7799999999999999,
    UWin= 3.001782134105591,
    ratioWinConRad = 0.029999999999999992,
    AExt = {55.330329597685854, 5.887380718654605, 48.17465971991392, 55.62351501515149, 50.64257812499999, 2.1625310840139185, 7.465919554930471, 39.38143189352248, 5.175078696805374},
    alphaExt = 2.512326061913353,
    nExt = 1,
    RExt = {9.741851252671086e-05},
    RExtRem = 0.003266701078218231 ,
    CExt = {110146108.73992762},
    AInt = 451.0416433811188,
    alphaInt = 2.7,
    nInt = 1,
    RInt = {4.575912192861905e-05},
    CInt = {50220599.877752244},
    AFloor = 0.0,
    alphaFloor = 0.0,
    nFloor = 1,
    RFloor = {0.00001},
    RFloorRem =  0.00001,
    CFloor = {0.00001},
    ARoof = 0.0,
    alphaRoof = 0.0,
    nRoof = 1,
    RRoof = {0.00001},
    RRoofRem = 0.00001,
    CRoof = {0.00001},
    nOrientationsRoof = 1,
    tiltRoof = {0.0},
    aziRoof = {0.0},
    wfRoof = {0.0},
    aRoof = 0.0,
    aExt = 0.5,
    TSoil = 286.15,
    alphaWallOut = 20.0,
    alphaRadWall = 4.999999999999999,
    alphaWinOut = 19.999999999999993,
    alphaRoofOut = 0.0,
    alphaRadRoof = 0.0,
    tiltExtWalls = {1.5707963267948966, 1.5707963267948966, 1.5707963267948966, 1.5707963267948966, 0.0, 1.5707963267948966, 1.5707963267948966, 1.5707963267948966, 1.5707963267948966},
    aziExtWalls = {2.612747028261224, -0.5444187091447431, -2.110795931474896, -0.5416399149557776, 0.0, 1.0240074863211686, 1.0496994689295385, 1.0532237753529978, 2.618895773492316},
    wfWall = {0.21046338811815238, 0.022394193242639825, 0.18324492515794125, 0.21157859557770153, 0.16621221810817982, 0.008225752894691334, 0.028398578797079015, 0.14979758200467433, 0.01968476609894052},
    wfWin = {0.25241841232144485, 0.026858384985959615, 0.21977405898437158, 0.25375593187230555, 0.0, 0.009865523426149925, 0.034059720487441235, 0.17965912341002593, 0.02360884451230123},
    wfGro = 0,
    nrPeople = 0.0,
    ratioConvectiveHeatPeople = 0.5,
    nrPeopleMachines = 0.0,
    ratioConvectiveHeatMachines = 0.75,
    lightingPower = 11.3,
    ratioConvectiveHeatLighting = 0.9,
    useConstantACHrate = false,
    baseACH = 0.2,
    maxUserACH = 1.0,
    maxOverheatingACH = {3.0, 2.0},
    maxSummerACH = {1.0, 283.15, 290.15},
    winterReduction = {0.2, 273.15, 283.15},
    withAHU = false,
    minAHU = 0.0,
    maxAHU = 0.5,
    hHeat = 10172.551989894037,
    lHeat = 0,
    KRHeat = 10000,
    TNHeat = 1,
    HeaterOn = true,
    hCool = 0,
    lCool = 0.0,
    KRCool = 10000,
    TNCool = 1,
    CoolerOn = false);
end Inffeldgasse25E_8_Storage;
