 
within Inffeldgasse.Inffeldgasse25E_8.Inffeldgasse25E_8_DataBase;
record Inffeldgasse25E_8_Storage "Inffeldgasse25E_8_Storage"
  extends AixLib.DataBase.ThermalZones.ZoneBaseRecord(
    T_start = 293.15,
    withAirCap = true,
    VAir = 5.713194149494171,
    AZone = 1.2829453125,
    alphaRad = 5.000000000000001,
    lat = 0.88645272708792,
    nOrientations = 9,
    AWin = {0.11201503731367361, 0.011918872988377792, 0.09752854077206478, 0.11260858475349604, 0.0, 0.004377996694202405, 0.015114590200478393, 0.07972684412137164, 0.010476833186045151},
    ATransparent = {0.11201503731367361, 0.011918872988377792, 0.09752854077206478, 0.11260858475349604, 0.0, 0.004377996694202405, 0.015114590200478393, 0.07972684412137164, 0.010476833186045151},
    alphaWin = 2.7000000000000006,
    RWin = 0.3679074733796711,
    gWin = 0.78,
    UWin= 3.0017821341055915,
    ratioWinConRad = 0.03,
    AExt = {1.4017016831413753, 0.1491469782059167, 1.2204247129044863, 1.409129047050505, 1.2829453125, 0.05478412079501928, 0.18913662872490533, 0.9976629413025697, 0.13110199365240285},
    alphaExt = 2.512326061913353,
    nExt = 1,
    RExt = {0.0038454675997385817},
    RExtRem = 0.12894872677177227 ,
    CExt = {2790368.0880781673},
    AInt = 14.28298537373543,
    alphaInt = 2.7,
    nInt = 1,
    RInt = {0.001445024903009022},
    CInt = {1590318.9961288217},
    AFloor = 0.0,
    alphaFloor = 0.0,
    nFloor = 1,
    RFloor = {0.00001},
    RFloorRem =  0.00001,
    CFloor = {0.00001},
    ARoof = 0.0,
    alphaRoof = 0.0,
    nRoof = 1,
    RRoof = {0.00001},
    RRoofRem = 0.00001,
    CRoof = {0.00001},
    nOrientationsRoof = 1,
    tiltRoof = {0.0},
    aziRoof = {0.0},
    wfRoof = {0.0},
    aRoof = 0.0,
    aExt = 0.5,
    TSoil = 286.15,
    alphaWallOut = 20.0,
    alphaRadWall = 5.0,
    alphaWinOut = 20.0,
    alphaRoofOut = 0.0,
    alphaRadRoof = 0.0,
    tiltExtWalls = {1.5707963267948966, 1.5707963267948966, 1.5707963267948966, 1.5707963267948966, 0.0, 1.5707963267948966, 1.5707963267948966, 1.5707963267948966, 1.5707963267948966},
    aziExtWalls = {2.612747028261224, -0.5444187091447431, -2.110795931474896, -0.5416399149557776, 0.0, 1.0240074863211686, 1.0496994689295385, 1.0532237753529978, 2.618895773492316},
    wfWall = {0.21046338811815238, 0.02239419324263983, 0.18324492515794125, 0.21157859557770156, 0.16621221810817982, 0.008225752894691336, 0.028398578797079015, 0.1497975820046743, 0.01968476609894052},
    wfWin = {0.25241841232144485, 0.026858384985959608, 0.21977405898437163, 0.2537559318723056, 0.0, 0.009865523426149927, 0.03405972048744124, 0.1796591234100259, 0.023608844512301233},
    wfGro = 0,
    nrPeople = 0.0,
    ratioConvectiveHeatPeople = 0.5,
    nrPeopleMachines = 0.0,
    ratioConvectiveHeatMachines = 0.75,
    lightingPower = 11.3,
    ratioConvectiveHeatLighting = 0.9,
    useConstantACHrate = false,
    baseACH = 0.2,
    maxUserACH = 1.0,
    maxOverheatingACH = {3.0, 2.0},
    maxSummerACH = {1.0, 283.15, 290.15},
    winterReduction = {0.2, 273.15, 283.15},
    withAHU = false,
    minAHU = 0.0,
    maxAHU = 0.5,
    hHeat = 257.704650410649,
    lHeat = 0,
    KRHeat = 10000,
    TNHeat = 1,
    HeaterOn = true,
    hCool = 0,
    lCool = 0.0,
    KRCool = 10000,
    TNCool = 1,
    CoolerOn = false);
end Inffeldgasse25E_8_Storage;
