 
within Inffeldgasse.Inffeldgasse25E_8.Inffeldgasse25E_8_DataBase;
record Inffeldgasse25E_8_ICT "Inffeldgasse25E_8_ICT"
  extends AixLib.DataBase.ThermalZones.ZoneBaseRecord(
    T_start = 293.15,
    withAirCap = true,
    VAir = 5.0115738153457645,
    AZone = 1.125390625,
    alphaRad = 4.999999999999999,
    lat = 0.88645272708792,
    nOrientations = 9,
    AWin = {0.0982588046611172, 0.010455151744191045, 0.08555135155444277, 0.09877946031008424, 0.0, 0.00384034797737053, 0.013258412456559992, 0.06993582817664179, 0.009190204549162412},
    ATransparent = {0.0982588046611172, 0.010455151744191045, 0.08555135155444277, 0.09877946031008424, 0.0, 0.00384034797737053, 0.013258412456559992, 0.06993582817664179, 0.009190204549162412},
    alphaWin = 2.7000000000000006,
    RWin = 0.41941451965282517,
    gWin = 0.78,
    UWin= 3.0017821341055915,
    ratioWinConRad = 0.029999999999999995,
    AExt = {1.2295628799485747, 0.13083068263676903, 1.070547993775865, 1.236078111447811, 1.1253906249999999, 0.04805624631142041, 0.16590932344289938, 0.8751429309671662, 0.11500174881789722},
    alphaExt = 2.512326061913354,
    nExt = 1,
    RExt = {0.0043838330637019874},
    RExtRem = 0.14700154851982036 ,
    CExt = {2447691.305331725},
    AInt = 2.5057869076728823,
    alphaInt = 2.7,
    nInt = 1,
    RInt = {0.008236641947151426},
    CInt = {372100.4210382881},
    AFloor = 0.0,
    alphaFloor = 0.0,
    nFloor = 1,
    RFloor = {0.00001},
    RFloorRem =  0.00001,
    CFloor = {0.00001},
    ARoof = 0.0,
    alphaRoof = 0.0,
    nRoof = 1,
    RRoof = {0.00001},
    RRoofRem = 0.00001,
    CRoof = {0.00001},
    nOrientationsRoof = 1,
    tiltRoof = {0.0},
    aziRoof = {0.0},
    wfRoof = {0.0},
    aRoof = 0.0,
    aExt = 0.5,
    TSoil = 286.15,
    alphaWallOut = 20.0,
    alphaRadWall = 5.0,
    alphaWinOut = 20.0,
    alphaRoofOut = 0.0,
    alphaRadRoof = 0.0,
    tiltExtWalls = {1.5707963267948966, 1.5707963267948966, 1.5707963267948966, 1.5707963267948966, 0.0, 1.5707963267948966, 1.5707963267948966, 1.5707963267948966, 1.5707963267948966},
    aziExtWalls = {2.612747028261224, -0.5444187091447431, -2.110795931474896, -0.5416399149557776, 0.0, 1.0240074863211686, 1.0496994689295385, 1.0532237753529978, 2.618895773492316},
    wfWall = {0.21046338811815238, 0.022394193242639828, 0.18324492515794125, 0.21157859557770153, 0.16621221810817982, 0.008225752894691334, 0.028398578797079018, 0.14979758200467433, 0.019684766098940522},
    wfWin = {0.25241841232144485, 0.026858384985959608, 0.21977405898437155, 0.2537559318723056, 0.0, 0.009865523426149925, 0.03405972048744124, 0.179659123410026, 0.023608844512301233},
    wfGro = 0,
    nrPeople = 0.03376171875,
    ratioConvectiveHeatPeople = 0.5,
    nrPeopleMachines = 1.6880859375000001,
    ratioConvectiveHeatMachines = 0.75,
    lightingPower = 7.1,
    ratioConvectiveHeatLighting = 0.9,
    useConstantACHrate = false,
    baseACH = 0.2,
    maxUserACH = 1.0,
    maxOverheatingACH = {3.0, 2.0},
    maxSummerACH = {1.0, 283.15, 290.15},
    winterReduction = {0.2, 273.15, 283.15},
    withAHU = false,
    minAHU = 0.0,
    maxAHU = 130.0,
    hHeat = 226.05671088653415,
    lHeat = 0,
    KRHeat = 10000,
    TNHeat = 1,
    HeaterOn = true,
    hCool = 0,
    lCool = 0.0,
    KRCool = 10000,
    TNCool = 1,
    CoolerOn = false);
end Inffeldgasse25E_8_ICT;
