 
within Inffeldgasse.Inffeldgasse25E_8.Inffeldgasse25E_8_DataBase;
record Inffeldgasse25E_8_Restroom "Inffeldgasse25E_8_Restroom"
  extends AixLib.DataBase.ThermalZones.ZoneBaseRecord(
    T_start = 293.15,
    withAirCap = true,
    VAir = 7.367013508558274,
    AZone = 1.65432421875,
    alphaRad = 5.0,
    lat = 0.88645272708792,
    nOrientations = 9,
    AWin = {0.14444044285184227, 0.015369073063960835, 0.12576048678503088, 0.14520580665582383, 0.0, 0.005645311526734679, 0.01948986631114319, 0.10280566741966343, 0.013509600687268747},
    ATransparent = {0.14444044285184227, 0.015369073063960835, 0.12576048678503088, 0.14520580665582383, 0.0, 0.005645311526734679, 0.01948986631114319, 0.10280566741966343, 0.013509600687268747},
    alphaWin = 2.7,
    RWin = 0.2853159997638266,
    gWin = 0.78,
    UWin= 3.001782134105592,
    ratioWinConRad = 0.030000000000000002,
    AExt = {1.8074574335244051, 0.19232110347605047, 1.5737055508505216, 1.8170348238282825, 1.65432421875, 0.07064268207778801, 0.24388670546106211, 1.2864601085217344, 0.16905257076230892},
    alphaExt = 2.512326061913353,
    nExt = 1,
    RExt = {0.0029821993630625753},
    RExtRem = 0.10000105341484378 ,
    CExt = {3598106.2188376365},
    AInt = 18.417533771395682,
    alphaInt = 2.7000000000000006,
    nInt = 1,
    RInt = {0.0011206315574355682},
    CInt = {2050674.495008217},
    AFloor = 0.0,
    alphaFloor = 0.0,
    nFloor = 1,
    RFloor = {0.00001},
    RFloorRem =  0.00001,
    CFloor = {0.00001},
    ARoof = 0.0,
    alphaRoof = 0.0,
    nRoof = 1,
    RRoof = {0.00001},
    RRoofRem = 0.00001,
    CRoof = {0.00001},
    nOrientationsRoof = 1,
    tiltRoof = {0.0},
    aziRoof = {0.0},
    wfRoof = {0.0},
    aRoof = 0.0,
    aExt = 0.5,
    TSoil = 286.15,
    alphaWallOut = 20.0,
    alphaRadWall = 5.0,
    alphaWinOut = 20.0,
    alphaRoofOut = 0.0,
    alphaRadRoof = 0.0,
    tiltExtWalls = {1.5707963267948966, 1.5707963267948966, 1.5707963267948966, 1.5707963267948966, 0.0, 1.5707963267948966, 1.5707963267948966, 1.5707963267948966, 1.5707963267948966},
    aziExtWalls = {2.612747028261224, -0.5444187091447431, -2.110795931474896, -0.5416399149557776, 0.0, 1.0240074863211686, 1.0496994689295385, 1.0532237753529978, 2.618895773492316},
    wfWall = {0.21046338811815235, 0.022394193242639818, 0.1832449251579412, 0.2115785955777015, 0.1662122181081798, 0.008225752894691334, 0.02839857879707902, 0.14979758200467427, 0.01968476609894051},
    wfWin = {0.2524184123214448, 0.026858384985959605, 0.2197740589843716, 0.25375593187230555, 0.0, 0.009865523426149924, 0.034059720487441235, 0.17965912341002596, 0.023608844512301237},
    wfGro = 0,
    nrPeople = 0.0,
    ratioConvectiveHeatPeople = 0.5,
    nrPeopleMachines = 0.0,
    ratioConvectiveHeatMachines = 0.75,
    lightingPower = 11.1,
    ratioConvectiveHeatLighting = 0.9,
    useConstantACHrate = false,
    baseACH = 0.2,
    maxUserACH = 1.0,
    maxOverheatingACH = {3.0, 2.0},
    maxSummerACH = {1.0, 283.15, 290.15},
    winterReduction = {0.2, 273.15, 283.15},
    withAHU = false,
    minAHU = 0.0,
    maxAHU = 8.0,
    hHeat = 332.3033650032053,
    lHeat = 0,
    KRHeat = 10000,
    TNHeat = 1,
    HeaterOn = true,
    hCool = 0,
    lCool = 0.0,
    KRCool = 10000,
    TNCool = 1,
    CoolerOn = false);
end Inffeldgasse25E_8_Restroom;
