 
within Inffeldgasse.Inffeldgasse25E_8.Inffeldgasse25E_8_DataBase;
record Inffeldgasse25E_8_Office "Inffeldgasse25E_8_Office"
  extends AixLib.DataBase.ThermalZones.ZoneBaseRecord(
    T_start = 293.15,
    withAirCap = true,
    VAir = 82.18981057167053,
    AZone = 18.45640625,
    alphaRad = 5.0,
    lat = 0.88645272708792,
    nOrientations = 9,
    AWin = {1.611444396442322, 0.17146448860473312, 1.4030421654928618, 1.6199831490853815, 0.0, 0.0629817068288767, 0.21743796428758388, 1.1469475820969253, 0.15071935460626357},
    ATransparent = {1.611444396442322, 0.17146448860473312, 1.4030421654928618, 1.6199831490853815, 0.0, 0.0629817068288767, 0.21743796428758388, 1.1469475820969253, 0.15071935460626357},
    alphaWin = 2.7,
    RWin = 0.025574056076391776,
    gWin = 0.7800000000000001,
    UWin= 3.0017821341055915,
    ratioWinConRad = 0.03,
    AExt = {20.16483123115663, 2.145623195243012, 17.55698709792419, 20.271681027744105, 18.45640625, 0.7881224395072948, 2.72091290446355, 14.352344067861528, 1.8860286806135147},
    alphaExt = 2.512326061913353,
    nExt = 1,
    RExt = {0.00026730689412817},
    RExtRem = 0.008963509056086607 ,
    CExt = {40142137.40744028},
    AInt = 287.6643370008469,
    alphaInt = 2.7000000000000006,
    nInt = 1,
    RInt = {7.174775215288697e-05},
    CInt = {32029582.588699773},
    AFloor = 0.0,
    alphaFloor = 0.0,
    nFloor = 1,
    RFloor = {0.00001},
    RFloorRem =  0.00001,
    CFloor = {0.00001},
    ARoof = 0.0,
    alphaRoof = 0.0,
    nRoof = 1,
    RRoof = {0.00001},
    RRoofRem = 0.00001,
    CRoof = {0.00001},
    nOrientationsRoof = 1,
    tiltRoof = {0.0},
    aziRoof = {0.0},
    wfRoof = {0.0},
    aRoof = 0.0,
    aExt = 0.5,
    TSoil = 286.15,
    alphaWallOut = 20.0,
    alphaRadWall = 5.0,
    alphaWinOut = 20.0,
    alphaRoofOut = 0.0,
    alphaRadRoof = 0.0,
    tiltExtWalls = {1.5707963267948966, 1.5707963267948966, 1.5707963267948966, 1.5707963267948966, 0.0, 1.5707963267948966, 1.5707963267948966, 1.5707963267948966, 1.5707963267948966},
    aziExtWalls = {2.612747028261224, -0.5444187091447431, -2.110795931474896, -0.5416399149557776, 0.0, 1.0240074863211686, 1.0496994689295385, 1.0532237753529978, 2.618895773492316},
    wfWall = {0.21046338811815243, 0.022394193242639825, 0.18324492515794125, 0.21157859557770153, 0.16621221810817985, 0.008225752894691336, 0.02839857879707902, 0.1497975820046743, 0.019684766098940525},
    wfWin = {0.25241841232144485, 0.026858384985959608, 0.2197740589843716, 0.2537559318723056, 0.0, 0.009865523426149927, 0.03405972048744125, 0.17965912341002593, 0.023608844512301233},
    wfGro = 0,
    nrPeople = 0.9228203125000001,
    ratioConvectiveHeatPeople = 0.5,
    nrPeopleMachines = 1.2919484375,
    ratioConvectiveHeatMachines = 0.75,
    lightingPower = 12.5,
    ratioConvectiveHeatLighting = 0.9,
    useConstantACHrate = false,
    baseACH = 0.2,
    maxUserACH = 1.0,
    maxOverheatingACH = {3.0, 2.0},
    maxSummerACH = {1.0, 283.15, 290.15},
    winterReduction = {0.2, 273.15, 283.15},
    withAHU = false,
    minAHU = 0.0,
    maxAHU = 2.6,
    hHeat = 3707.33005853916,
    lHeat = 0,
    KRHeat = 10000,
    TNHeat = 1,
    HeaterOn = true,
    hCool = 0,
    lCool = 0.0,
    KRCool = 10000,
    TNCool = 1,
    CoolerOn = false);
end Inffeldgasse25E_8_Office;
