 
within Inffeldgasse.Inffeldgasse25E_5.Inffeldgasse25E_5_DataBase;
record Inffeldgasse25E_5_Floor "Inffeldgasse25E_5_Floor"
  extends AixLib.DataBase.ThermalZones.ZoneBaseRecord(
    T_start = 293.15,
    withAirCap = true,
    VAir = 125.57976670116003,
    AZone = 19.955616528320313,
    alphaRad = 4.999999999999999,
    lat = 0.88645272708792,
    nOrientations = 8,
    AWin = {0.30260475891225913, 2.9487519078499784, 0.0, 0.0, 0.2668233210721981, 1.2035204786497968, 3.895588876829893, 0.26191253331915504},
    ATransparent = {0.30260475891225913, 2.9487519078499784, 0.0, 0.0, 0.2668233210721981, 1.2035204786497968, 3.895588876829893, 0.26191253331915504},
    alphaWin = 2.7,
    RWin = 0.018387385306792257,
    gWin = 0.7800000000000001,
    UWin= 3.0017821341055915,
    ratioWinConRad = 0.030000000000000002,
    AExt = {3.7866487399020534, 36.899246846879464, 19.955616528320313, 19.955616528320313, 3.3388972339575056, 15.060269773374486, 48.74750405330381, 3.277446025047805},
    alphaExt = 2.435724381930796,
    nExt = 1,
    RExt = {0.000189077661136663},
    RExtRem = 0.0054165200644032616 ,
    CExt = {55714561.848151915},
    AInt = 816.2684835575402,
    alphaInt = 2.6999999999999997,
    nInt = 1,
    RInt = {2.5284903153934422e-05},
    CInt = {90886270.71829894},
    AFloor = 0.0,
    alphaFloor = 0.0,
    nFloor = 1,
    RFloor = {0.00001},
    RFloorRem =  0.00001,
    CFloor = {0.00001},
    ARoof = 0.0,
    alphaRoof = 0.0,
    nRoof = 1,
    RRoof = {0.00001},
    RRoofRem = 0.00001,
    CRoof = {0.00001},
    nOrientationsRoof = 1,
    tiltRoof = {0.0},
    aziRoof = {0.0},
    wfRoof = {0.0},
    aRoof = 0.0,
    aExt = 0.5,
    TSoil = 286.15,
    alphaWallOut = 19.999999999999996,
    alphaRadWall = 4.999999999999999,
    alphaWinOut = 20.0,
    alphaRoofOut = 0.0,
    alphaRadRoof = 0.0,
    tiltExtWalls = {1.5707963267948966, 1.5707963267948966, 0.0, 0.0, 1.5707963267948966, 1.5707963267948966, 1.5707963267948966, 1.5707963267948966},
    aziExtWalls = {2.601897856339769, -2.0947992072209525, 0.0, 0.0, -0.5613480921114005, -2.0851462835667265, 1.0409454981831523, 1.0409447336113666},
    wfWall = {0.02421445680251237, 0.23595936148070476, 0.1101079554497872, 0.0, 0.021351223309343272, 0.09630580413196502, 0.31172533081575304, 0.02095826168395507},
    wfWin = {0.0340801755739557, 0.33209650471062996, 0.0, 0.0, 0.030050372182028735, 0.13554376793898673, 0.4387318737601426, 0.029497305834256377},
    wfGro = 0.17937760632597916,
    nrPeople = 0.0,
    ratioConvectiveHeatPeople = 0.5,
    nrPeopleMachines = 0.0,
    ratioConvectiveHeatMachines = 0.75,
    lightingPower = 7.0,
    ratioConvectiveHeatLighting = 0.9,
    useConstantACHrate = false,
    baseACH = 0.2,
    maxUserACH = 1.0,
    maxOverheatingACH = {3.0, 2.0},
    maxSummerACH = {1.0, 283.15, 290.15},
    winterReduction = {0.2, 273.15, 283.15},
    withAHU = false,
    minAHU = 0.0,
    maxAHU = 2.0,
    hHeat = 5218.044842558208,
    lHeat = 0,
    KRHeat = 10000,
    TNHeat = 1,
    HeaterOn = true,
    hCool = 0,
    lCool = 0.0,
    KRCool = 10000,
    TNCool = 1,
    CoolerOn = false);
end Inffeldgasse25E_5_Floor;
