 
within Inffeldgasse.Inffeldgasse25E_5.Inffeldgasse25E_5_DataBase;
record Inffeldgasse25E_5_Restroom "Inffeldgasse25E_5_Restroom"
  extends AixLib.DataBase.ThermalZones.ZoneBaseRecord(
    T_start = 293.15,
    withAirCap = true,
    VAir = 13.709785150442272,
    AZone = 2.1785931152343747,
    alphaRad = 4.999999999999999,
    lat = 0.88645272708792,
    nOrientations = 8,
    AWin = {0.033035944716006, 0.32192092866984534, 0.0, 0.0, 0.029129616188349878, 0.13139065010138887, 0.4252889453353095, 0.028593496025188108},
    ATransparent = {0.033035944716006, 0.32192092866984534, 0.0, 0.0, 0.029129616188349878, 0.13139065010138887, 0.4252889453353095, 0.028593496025188108},
    alphaWin = 2.7000000000000006,
    RWin = 0.16842594772514133,
    gWin = 0.78,
    UWin= 3.0017821341055915,
    ratioWinConRad = 0.030000000000000002,
    AExt = {0.4133957406354265, 4.02836189119293, 2.1785931152343747, 2.1785931152343747, 0.3645138458163782, 1.6441586755930555, 5.321858964601306, 0.3578050989097863},
    alphaExt = 2.435724381930796,
    nExt = 1,
    RExt = {0.0017319256511599762},
    RExtRem = 0.04961458684842853 ,
    CExt = {6082466.091109051},
    AInt = 34.27446287610568,
    alphaInt = 2.7000000000000006,
    nInt = 1,
    RInt = {0.0006021763091946195},
    CInt = {3816242.0507840677},
    AFloor = 0.0,
    alphaFloor = 0.0,
    nFloor = 1,
    RFloor = {0.00001},
    RFloorRem =  0.00001,
    CFloor = {0.00001},
    ARoof = 0.0,
    alphaRoof = 0.0,
    nRoof = 1,
    RRoof = {0.00001},
    RRoofRem = 0.00001,
    CRoof = {0.00001},
    nOrientationsRoof = 1,
    tiltRoof = {0.0},
    aziRoof = {0.0},
    wfRoof = {0.0},
    aRoof = 0.0,
    aExt = 0.5,
    TSoil = 286.15,
    alphaWallOut = 20.0,
    alphaRadWall = 5.0,
    alphaWinOut = 20.0,
    alphaRoofOut = 0.0,
    alphaRadRoof = 0.0,
    tiltExtWalls = {1.5707963267948966, 1.5707963267948966, 0.0, 0.0, 1.5707963267948966, 1.5707963267948966, 1.5707963267948966, 1.5707963267948966},
    aziExtWalls = {2.601897856339769, -2.0947992072209525, 0.0, 0.0, -0.5613480921114005, -2.0851462835667265, 1.0409454981831523, 1.0409447336113666},
    wfWall = {0.024214456802512378, 0.2359593614807048, 0.11010795544978721, 0.0, 0.02135122330934328, 0.09630580413196502, 0.3117253308157531, 0.020958261683955072},
    wfWin = {0.03408017557395569, 0.3320965047106299, 0.0, 0.0, 0.03005037218202873, 0.1355437679389867, 0.4387318737601425, 0.02949730583425637},
    wfGro = 0.17937760632597924,
    nrPeople = 0.0,
    ratioConvectiveHeatPeople = 0.5,
    nrPeopleMachines = 0.0,
    ratioConvectiveHeatMachines = 0.75,
    lightingPower = 11.1,
    ratioConvectiveHeatLighting = 0.9,
    useConstantACHrate = false,
    baseACH = 0.2,
    maxUserACH = 1.0,
    maxOverheatingACH = {3.0, 2.0},
    maxSummerACH = {1.0, 283.15, 290.15},
    winterReduction = {0.2, 273.15, 283.15},
    withAHU = false,
    minAHU = 0.0,
    maxAHU = 8.0,
    hHeat = 569.6640117757566,
    lHeat = 0,
    KRHeat = 10000,
    TNHeat = 1,
    HeaterOn = true,
    hCool = 0,
    lCool = 0.0,
    KRCool = 10000,
    TNCool = 1,
    CoolerOn = false);
end Inffeldgasse25E_5_Restroom;
