 
within Inffeldgasse.Inffeldgasse25E_5.Inffeldgasse25E_5_DataBase;
record Inffeldgasse25E_5_Office "Inffeldgasse25E_5_Office"
  extends AixLib.DataBase.ThermalZones.ZoneBaseRecord(
    T_start = 293.15,
    withAirCap = true,
    VAir = 152.95270507976417,
    AZone = 24.305392578125,
    alphaRad = 5.000000000000001,
    lat = 0.88645272708792,
    nOrientations = 8,
    AWin = {0.36856428118537315, 3.591498796044534, 0.0, 0.0, 0.3249834731217266, 1.4658548718794406, 4.744720206461957, 0.31900226858033},
    ATransparent = {0.36856428118537315, 3.591498796044534, 0.0, 0.0, 0.3249834731217266, 1.4658548718794406, 4.744720206461957, 0.31900226858033},
    alphaWin = 2.7,
    RWin = 0.015096716046094983,
    gWin = 0.78,
    UWin= 3.0017821341055915,
    ratioWinConRad = 0.03,
    AExt = {4.612034113211561, 44.94226871807079, 24.305392578125, 24.305392578125, 4.066685082577282, 18.342994748113004, 59.37312042140234, 3.991839198721426},
    alphaExt = 2.4357243819307954,
    nExt = 1,
    RExt = {0.00015523967726860776},
    RExtRem = 0.004447161138243286 ,
    CExt = {67858805.37019618},
    AInt = 535.3344677791746,
    alphaInt = 2.6999999999999997,
    nInt = 1,
    RInt = {3.855397101550913e-05},
    CInt = {59606066.31700834},
    AFloor = 0.0,
    alphaFloor = 0.0,
    nFloor = 1,
    RFloor = {0.00001},
    RFloorRem =  0.00001,
    CFloor = {0.00001},
    ARoof = 0.0,
    alphaRoof = 0.0,
    nRoof = 1,
    RRoof = {0.00001},
    RRoofRem = 0.00001,
    CRoof = {0.00001},
    nOrientationsRoof = 1,
    tiltRoof = {0.0},
    aziRoof = {0.0},
    wfRoof = {0.0},
    aRoof = 0.0,
    aExt = 0.5,
    TSoil = 286.15,
    alphaWallOut = 19.999999999999996,
    alphaRadWall = 4.999999999999999,
    alphaWinOut = 20.0,
    alphaRoofOut = 0.0,
    alphaRadRoof = 0.0,
    tiltExtWalls = {1.5707963267948966, 1.5707963267948966, 0.0, 0.0, 1.5707963267948966, 1.5707963267948966, 1.5707963267948966, 1.5707963267948966},
    aziExtWalls = {2.601897856339769, -2.0947992072209525, 0.0, 0.0, -0.5613480921114005, -2.0851462835667265, 1.0409454981831523, 1.0409447336113666},
    wfWall = {0.024214456802512378, 0.2359593614807048, 0.11010795544978724, 0.0, 0.021351223309343286, 0.09630580413196504, 0.3117253308157531, 0.020958261683955075},
    wfWin = {0.034080175573955686, 0.3320965047106299, 0.0, 0.0, 0.030050372182028735, 0.13554376793898673, 0.4387318737601425, 0.029497305834256377},
    wfGro = 0.17937760632597924,
    nrPeople = 1.2152696289062501,
    ratioConvectiveHeatPeople = 0.5,
    nrPeopleMachines = 1.70137748046875,
    ratioConvectiveHeatMachines = 0.75,
    lightingPower = 12.5,
    ratioConvectiveHeatLighting = 0.9,
    useConstantACHrate = false,
    baseACH = 0.2,
    maxUserACH = 1.0,
    maxOverheatingACH = {3.0, 2.0},
    maxSummerACH = {1.0, 283.15, 290.15},
    winterReduction = {0.2, 273.15, 283.15},
    withAHU = false,
    minAHU = 0.0,
    maxAHU = 2.6,
    hHeat = 6355.435233416607,
    lHeat = 0,
    KRHeat = 10000,
    TNHeat = 1,
    HeaterOn = true,
    hCool = 0,
    lCool = 0.0,
    KRCool = 10000,
    TNCool = 1,
    CoolerOn = false);
end Inffeldgasse25E_5_Office;
