 
within Inffeldgasse.Inffeldgasse25E_5.Inffeldgasse25E_5_DataBase;
record Inffeldgasse25E_5_Storage "Inffeldgasse25E_5_Storage"
  extends AixLib.DataBase.ThermalZones.ZoneBaseRecord(
    T_start = 293.15,
    withAirCap = true,
    VAir = 10.632078279934825,
    AZone = 1.68952119140625,
    alphaRad = 5.0,
    lat = 0.88645272708792,
    nOrientations = 8,
    AWin = {0.025619712228739353, 0.2496529650909005, 0.0, 0.0, 0.022590314595046845, 0.10189478987454648, 0.3298159167906482, 0.022174547937900985},
    ATransparent = {0.025619712228739353, 0.2496529650909005, 0.0, 0.0, 0.022590314595046845, 0.10189478987454648, 0.3298159167906482, 0.022174547937900985},
    alphaWin = 2.7000000000000006,
    RWin = 0.21718082732978747,
    gWin = 0.7800000000000001,
    UWin= 3.0017821341055915,
    ratioWinConRad = 0.03,
    AExt = {0.3205926151866573, 3.1240357523537017, 1.68952119140625, 1.68952119140625, 0.28268420695964025, 1.2750618300517575, 4.127155931731626, 0.2774815052769772},
    alphaExt = 2.4357243819307954,
    nExt = 1,
    RExt = {0.002233272550179973},
    RExtRem = 0.06397670409402624 ,
    CExt = {4717014.519635584},
    AInt = 26.580195699837063,
    alphaInt = 2.7,
    nInt = 1,
    RInt = {0.0007764905039614828},
    CInt = {2959534.6516284626},
    AFloor = 0.0,
    alphaFloor = 0.0,
    nFloor = 1,
    RFloor = {0.00001},
    RFloorRem =  0.00001,
    CFloor = {0.00001},
    ARoof = 0.0,
    alphaRoof = 0.0,
    nRoof = 1,
    RRoof = {0.00001},
    RRoofRem = 0.00001,
    CRoof = {0.00001},
    nOrientationsRoof = 1,
    tiltRoof = {0.0},
    aziRoof = {0.0},
    wfRoof = {0.0},
    aRoof = 0.0,
    aExt = 0.5,
    TSoil = 286.15,
    alphaWallOut = 19.999999999999996,
    alphaRadWall = 4.999999999999999,
    alphaWinOut = 20.0,
    alphaRoofOut = 0.0,
    alphaRadRoof = 0.0,
    tiltExtWalls = {1.5707963267948966, 1.5707963267948966, 0.0, 0.0, 1.5707963267948966, 1.5707963267948966, 1.5707963267948966, 1.5707963267948966},
    aziExtWalls = {2.601897856339769, -2.0947992072209525, 0.0, 0.0, -0.5613480921114005, -2.0851462835667265, 1.0409454981831523, 1.0409447336113666},
    wfWall = {0.02421445680251238, 0.23595936148070476, 0.11010795544978721, 0.0, 0.02135122330934328, 0.09630580413196503, 0.31172533081575304, 0.020958261683955075},
    wfWin = {0.0340801755739557, 0.33209650471062996, 0.0, 0.0, 0.03005037218202873, 0.1355437679389867, 0.4387318737601425, 0.02949730583425638},
    wfGro = 0.1793776063259792,
    nrPeople = 0.0,
    ratioConvectiveHeatPeople = 0.5,
    nrPeopleMachines = 0.0,
    ratioConvectiveHeatMachines = 0.75,
    lightingPower = 11.3,
    ratioConvectiveHeatLighting = 0.9,
    useConstantACHrate = false,
    baseACH = 0.2,
    maxUserACH = 1.0,
    maxOverheatingACH = {3.0, 2.0},
    maxSummerACH = {1.0, 283.15, 290.15},
    winterReduction = {0.2, 273.15, 283.15},
    withAHU = false,
    minAHU = 0.0,
    maxAHU = 0.5,
    hHeat = 441.78025403017875,
    lHeat = 0,
    KRHeat = 10000,
    TNHeat = 1,
    HeaterOn = true,
    hCool = 0,
    lCool = 0.0,
    KRCool = 10000,
    TNCool = 1,
    CoolerOn = false);
end Inffeldgasse25E_5_Storage;
