 
within Inffeldgasse.Inffeldgasse25E_5.Inffeldgasse25E_5_DataBase;
record Inffeldgasse25E_5_Laboratory "Inffeldgasse25E_5_Laboratory"
  extends AixLib.DataBase.ThermalZones.ZoneBaseRecord(
    T_start = 293.15,
    withAirCap = true,
    VAir = 120.17046371663176,
    AZone = 19.09603557128906,
    alphaRad = 4.999999999999998,
    lat = 0.88645272708792,
    nOrientations = 8,
    AWin = {0.2895701684800935, 2.821735487014257, 0.0, 0.0, 0.2553300031203321, 1.1516792697662555, 3.727787796357458, 0.2506307457718019},
    ATransparent = {0.2895701684800935, 2.821735487014257, 0.0, 0.0, 0.2553300031203321, 1.1516792697662555, 3.727787796357458, 0.2506307457718019},
    alphaWin = 2.6999999999999997,
    RWin = 0.0192150673772571,
    gWin = 0.7800000000000002,
    UWin= 3.001782134105592,
    ratioWinConRad = 0.030000000000000006,
    AExt = {3.6235402163860346, 35.30982514831354, 19.09603557128906, 19.09603557128906, 3.195075444451723, 14.411554105453416, 46.64772296522982, 3.136271224117413},
    alphaExt = 2.435724381930795,
    nExt = 1,
    RExt = {0.0001975887238808823},
    RExtRem = 0.0056603370327660005 ,
    CExt = {53314677.267986394},
    AInt = 60.085231858315886,
    alphaInt = 2.7,
    nInt = 1,
    RInt = {0.0003434998736965815},
    CInt = {8922442.688244943},
    AFloor = 0.0,
    alphaFloor = 0.0,
    nFloor = 1,
    RFloor = {0.00001},
    RFloorRem =  0.00001,
    CFloor = {0.00001},
    ARoof = 0.0,
    alphaRoof = 0.0,
    nRoof = 1,
    RRoof = {0.00001},
    RRoofRem = 0.00001,
    CRoof = {0.00001},
    nOrientationsRoof = 1,
    tiltRoof = {0.0},
    aziRoof = {0.0},
    wfRoof = {0.0},
    aRoof = 0.0,
    aExt = 0.5,
    TSoil = 286.15,
    alphaWallOut = 19.999999999999996,
    alphaRadWall = 4.999999999999997,
    alphaWinOut = 20.0,
    alphaRoofOut = 0.0,
    alphaRadRoof = 0.0,
    tiltExtWalls = {1.5707963267948966, 1.5707963267948966, 0.0, 0.0, 1.5707963267948966, 1.5707963267948966, 1.5707963267948966, 1.5707963267948966},
    aziExtWalls = {2.601897856339769, -2.0947992072209525, 0.0, 0.0, -0.5613480921114005, -2.0851462835667265, 1.0409454981831523, 1.0409447336113666},
    wfWall = {0.024214456802512375, 0.23595936148070473, 0.11010795544978721, 0.0, 0.021351223309343272, 0.09630580413196504, 0.31172533081575304, 0.020958261683955072},
    wfWin = {0.03408017557395569, 0.33209650471062996, 0.0, 0.0, 0.030050372182028735, 0.1355437679389867, 0.43873187376014244, 0.029497305834256374},
    wfGro = 0.1793776063259792,
    nrPeople = 1.1457621342773436,
    ratioConvectiveHeatPeople = 0.5,
    nrPeopleMachines = 3.437286402832031,
    ratioConvectiveHeatMachines = 0.75,
    lightingPower = 14.0,
    ratioConvectiveHeatLighting = 0.9,
    useConstantACHrate = false,
    baseACH = 0.2,
    maxUserACH = 1.0,
    maxOverheatingACH = {3.0, 2.0},
    maxSummerACH = {1.0, 283.15, 290.15},
    winterReduction = {0.2, 273.15, 283.15},
    withAHU = false,
    minAHU = 24.0,
    maxAHU = 48.0,
    hHeat = 4993.279450156887,
    lHeat = 0,
    KRHeat = 10000,
    TNHeat = 1,
    HeaterOn = true,
    hCool = 0,
    lCool = 0.0,
    KRCool = 10000,
    TNCool = 1,
    CoolerOn = false);
end Inffeldgasse25E_5_Laboratory;
