 
within Inffeldgasse.Inffeldgasse25E_5.Inffeldgasse25E_5_DataBase;
record Inffeldgasse25E_5_Floor "Inffeldgasse25E_5_Floor"
  extends AixLib.DataBase.ThermalZones.ZoneBaseRecord(
    T_start = 293.15,
    withAirCap = true,
    VAir = 9.32638445608318,
    AZone = 1.4820361328125,
    alphaRad = 5.0,
    lat = 0.88645272708792,
    nOrientations = 8,
    AWin = {0.022473431779595925, 0.2189938290271057, 0.0, 0.0, 0.019816065434251618, 0.08938139462679516, 0.28931220771109495, 0.01945135784026402},
    ATransparent = {0.022473431779595925, 0.2189938290271057, 0.0, 0.0, 0.019816065434251618, 0.08938139462679516, 0.28931220771109495, 0.01945135784026402},
    alphaWin = 2.6999999999999997,
    RWin = 0.24758614315595767,
    gWin = 0.7799999999999998,
    UWin= 3.001782134105591,
    ratioWinConRad = 0.029999999999999992,
    AExt = {0.2812215922689977, 2.7403822389067556, 1.4820361328125, 1.4820361328125, 0.24796860259617567, 1.1184752895190855, 3.620312220817216, 0.24340482919033085},
    alphaExt = 2.4357243819307963,
    nExt = 1,
    RExt = {0.00254593070720517},
    RExtRem = 0.07293344266718992 ,
    CExt = {4137732.034768056},
    AInt = 50.51791580378389,
    alphaInt = 2.7000000000000006,
    nInt = 1,
    RInt = {0.00040855346516127254},
    CInt = {5624846.560112574},
    AFloor = 0.0,
    alphaFloor = 0.0,
    nFloor = 1,
    RFloor = {0.00001},
    RFloorRem =  0.00001,
    CFloor = {0.00001},
    ARoof = 0.0,
    alphaRoof = 0.0,
    nRoof = 1,
    RRoof = {0.00001},
    RRoofRem = 0.00001,
    CRoof = {0.00001},
    nOrientationsRoof = 1,
    tiltRoof = {0.0},
    aziRoof = {0.0},
    wfRoof = {0.0},
    aRoof = 0.0,
    aExt = 0.5,
    TSoil = 286.15,
    alphaWallOut = 20.0,
    alphaRadWall = 5.0,
    alphaWinOut = 20.0,
    alphaRoofOut = 0.0,
    alphaRadRoof = 0.0,
    tiltExtWalls = {1.5707963267948966, 1.5707963267948966, 0.0, 0.0, 1.5707963267948966, 1.5707963267948966, 1.5707963267948966, 1.5707963267948966},
    aziExtWalls = {2.601897856339769, -2.0947992072209525, 0.0, 0.0, -0.5613480921114005, -2.0851462835667265, 1.0409454981831523, 1.0409447336113666},
    wfWall = {0.02421445680251238, 0.2359593614807048, 0.11010795544978721, 0.0, 0.02135122330934328, 0.09630580413196503, 0.31172533081575315, 0.020958261683955072},
    wfWin = {0.034080175573955686, 0.3320965047106299, 0.0, 0.0, 0.030050372182028735, 0.13554376793898673, 0.43873187376014255, 0.02949730583425637},
    wfGro = 0.1793776063259792,
    nrPeople = 0.0,
    ratioConvectiveHeatPeople = 0.5,
    nrPeopleMachines = 0.0,
    ratioConvectiveHeatMachines = 0.75,
    lightingPower = 7.0,
    ratioConvectiveHeatLighting = 0.9,
    useConstantACHrate = false,
    baseACH = 0.2,
    maxUserACH = 1.0,
    maxOverheatingACH = {3.0, 2.0},
    maxSummerACH = {1.0, 283.15, 290.15},
    winterReduction = {0.2, 273.15, 283.15},
    withAHU = false,
    minAHU = 0.0,
    maxAHU = 2.0,
    hHeat = 387.5265386229638,
    lHeat = 0,
    KRHeat = 10000,
    TNHeat = 1,
    HeaterOn = true,
    hCool = 0,
    lCool = 0.0,
    KRCool = 10000,
    TNCool = 1,
    CoolerOn = false);
end Inffeldgasse25E_5_Floor;
