 
within Inffeldgasse.Inffeldgasse25E_5.Inffeldgasse25E_5_DataBase;
record Inffeldgasse25E_5_ICT "Inffeldgasse25E_5_ICT"
  extends AixLib.DataBase.ThermalZones.ZoneBaseRecord(
    T_start = 293.15,
    withAirCap = true,
    VAir = 17.113915476912638,
    AZone = 2.719536303710938,
    alphaRad = 5.0,
    lat = 0.88645272708792,
    nOrientations = 8,
    AWin = {0.04123874731555853, 0.401853676264739, 0.0, 0.0, 0.03636248007185173, 0.16401485914016914, 0.5308879011498593, 0.03569324163688448},
    ATransparent = {0.04123874731555853, 0.401853676264739, 0.0, 0.0, 0.03636248007185173, 0.16401485914016914, 0.5308879011498593, 0.03569324163688448},
    alphaWin = 2.6999999999999997,
    RWin = 0.1349243286953448,
    gWin = 0.78,
    UWin= 3.001782134105591,
    ratioWinConRad = 0.03,
    AExt = {0.5160416218136108, 5.0286014083938975, 2.719536303710938, 2.719536303710938, 0.4550223857639824, 2.0524021562675223, 6.643272925199592, 0.4466478615642572},
    alphaExt = 2.435724381930796,
    nExt = 1,
    RExt = {0.0013874281783134437},
    RExtRem = 0.039745745322719295 ,
    CExt = {7592738.2837993875},
    AInt = 17.113915476912638,
    alphaInt = 2.7,
    nInt = 1,
    RInt = {0.0012059934257712401},
    CInt = {1905524.9423642906},
    AFloor = 0.0,
    alphaFloor = 0.0,
    nFloor = 1,
    RFloor = {0.00001},
    RFloorRem =  0.00001,
    CFloor = {0.00001},
    ARoof = 0.0,
    alphaRoof = 0.0,
    nRoof = 1,
    RRoof = {0.00001},
    RRoofRem = 0.00001,
    CRoof = {0.00001},
    nOrientationsRoof = 1,
    tiltRoof = {0.0},
    aziRoof = {0.0},
    wfRoof = {0.0},
    aRoof = 0.0,
    aExt = 0.5,
    TSoil = 286.15,
    alphaWallOut = 20.0,
    alphaRadWall = 5.0,
    alphaWinOut = 19.999999999999996,
    alphaRoofOut = 0.0,
    alphaRadRoof = 0.0,
    tiltExtWalls = {1.5707963267948966, 1.5707963267948966, 0.0, 0.0, 1.5707963267948966, 1.5707963267948966, 1.5707963267948966, 1.5707963267948966},
    aziExtWalls = {2.601897856339769, -2.0947992072209525, 0.0, 0.0, -0.5613480921114005, -2.0851462835667265, 1.0409454981831523, 1.0409447336113666},
    wfWall = {0.024214456802512375, 0.23595936148070476, 0.11010795544978723, 0.0, 0.02135122330934327, 0.09630580413196502, 0.31172533081575304, 0.020958261683955075},
    wfWin = {0.0340801755739557, 0.33209650471062985, 0.0, 0.0, 0.030050372182028738, 0.13554376793898673, 0.4387318737601426, 0.029497305834256384},
    wfGro = 0.17937760632597918,
    nrPeople = 0.08158608911132814,
    ratioConvectiveHeatPeople = 0.5,
    nrPeopleMachines = 4.079304455566406,
    ratioConvectiveHeatMachines = 0.75,
    lightingPower = 7.1,
    ratioConvectiveHeatLighting = 0.9,
    useConstantACHrate = false,
    baseACH = 0.2,
    maxUserACH = 1.0,
    maxOverheatingACH = {3.0, 2.0},
    maxSummerACH = {1.0, 283.15, 290.15},
    winterReduction = {0.2, 273.15, 283.15},
    withAHU = false,
    minAHU = 0.0,
    maxAHU = 130.0,
    hHeat = 711.1111983731387,
    lHeat = 0,
    KRHeat = 10000,
    TNHeat = 1,
    HeaterOn = true,
    hCool = 0,
    lCool = 0.0,
    KRCool = 10000,
    TNCool = 1,
    CoolerOn = false);
end Inffeldgasse25E_5_ICT;
