 
within Inffeldgasse.Inffeldgasse25E_5.Inffeldgasse25E_5_DataBase;
record Inffeldgasse25E_5_Meeting "Inffeldgasse25E_5_Meeting"
  extends AixLib.DataBase.ThermalZones.ZoneBaseRecord(
    T_start = 293.15,
    withAirCap = true,
    VAir = 26.16050839931332,
    AZone = 4.157111352539062,
    alphaRad = 5.0,
    lat = 0.88645272708792,
    nOrientations = 8,
    AWin = {0.06303797614176657, 0.6142776904210315, 0.0, 0.0, 0.05558406354307579, 0.2507148119281604, 0.8115207426296213, 0.054561058741940574},
    ATransparent = {0.06303797614176657, 0.6142776904210315, 0.0, 0.0, 0.05558406354307579, 0.2507148119281604, 0.8115207426296213, 0.054561058741940574},
    alphaWin = 2.7000000000000006,
    RWin = 0.088266004690181,
    gWin = 0.78,
    UWin= 3.0017821341055915,
    ratioWinConRad = 0.029999999999999995,
    AExt = {0.7888265663145384, 7.686772180133449, 4.157111352539062, 4.157111352539062, 0.6955519302822727, 3.137323187101035, 10.15497577939229, 0.682750545878878},
    alphaExt = 2.4357243819307954,
    nExt = 1,
    RExt = {0.0009076401808218078},
    RExtRem = 0.026001227332331525 ,
    CExt = {11606338.357524393},
    AInt = 52.321016798626644,
    alphaInt = 2.7,
    nInt = 1,
    RInt = {0.00039447378543497786},
    CInt = {5825610.31425813},
    AFloor = 0.0,
    alphaFloor = 0.0,
    nFloor = 1,
    RFloor = {0.00001},
    RFloorRem =  0.00001,
    CFloor = {0.00001},
    ARoof = 0.0,
    alphaRoof = 0.0,
    nRoof = 1,
    RRoof = {0.00001},
    RRoofRem = 0.00001,
    CRoof = {0.00001},
    nOrientationsRoof = 1,
    tiltRoof = {0.0},
    aziRoof = {0.0},
    wfRoof = {0.0},
    aRoof = 0.0,
    aExt = 0.5,
    TSoil = 286.15,
    alphaWallOut = 20.0,
    alphaRadWall = 5.0,
    alphaWinOut = 20.0,
    alphaRoofOut = 0.0,
    alphaRadRoof = 0.0,
    tiltExtWalls = {1.5707963267948966, 1.5707963267948966, 0.0, 0.0, 1.5707963267948966, 1.5707963267948966, 1.5707963267948966, 1.5707963267948966},
    aziExtWalls = {2.601897856339769, -2.0947992072209525, 0.0, 0.0, -0.5613480921114005, -2.0851462835667265, 1.0409454981831523, 1.0409447336113666},
    wfWall = {0.02421445680251237, 0.23595936148070476, 0.11010795544978721, 0.0, 0.021351223309343272, 0.09630580413196502, 0.31172533081575304, 0.020958261683955072},
    wfWin = {0.03408017557395569, 0.3320965047106299, 0.0, 0.0, 0.030050372182028728, 0.1355437679389867, 0.4387318737601426, 0.02949730583425638},
    wfGro = 0.1793776063259792,
    nrPeople = 0.997706724609375,
    ratioConvectiveHeatPeople = 0.5,
    nrPeopleMachines = 0.08314222705078125,
    ratioConvectiveHeatMachines = 0.75,
    lightingPower = 15.9,
    ratioConvectiveHeatLighting = 0.9,
    useConstantACHrate = false,
    baseACH = 0.2,
    maxUserACH = 1.0,
    maxOverheatingACH = {3.0, 2.0},
    maxSummerACH = {1.0, 283.15, 290.15},
    winterReduction = {0.2, 273.15, 283.15},
    withAHU = false,
    minAHU = 0.0,
    maxAHU = 12.0,
    hHeat = 1087.0119408374135,
    lHeat = 0,
    KRHeat = 10000,
    TNHeat = 1,
    HeaterOn = true,
    hCool = 0,
    lCool = 0.0,
    KRCool = 10000,
    TNCool = 1,
    CoolerOn = false);
end Inffeldgasse25E_5_Meeting;
