 
within Inffeldgasse.Inffeldgasse18_6.Inffeldgasse18_6_DataBase;
record Inffeldgasse18_6_Laboratory "Inffeldgasse18_6_Laboratory"
  extends AixLib.DataBase.ThermalZones.ZoneBaseRecord(
    T_start = 293.15,
    withAirCap = true,
    VAir = 856.3593405968695,
    AZone = 187.40188110351562,
    alphaRad = 4.999999999999999,
    lat = 0.88645272708792,
    nOrientations = 10,
    AWin = {0.2801272949305083, 1.12934160864733, 3.4505480675450255, 2.5325775468513942, 0.0, 0.0, 1.8705633135351711, 0.11954463095055017, 2.2247897867713267, 2.6308292527904746},
    ATransparent = {0.2801272949305083, 1.12934160864733, 3.4505480675450255, 2.5325775468513942, 0.0, 0.0, 1.8705633135351711, 0.11954463095055017, 2.2247897867713267, 2.6308292527904746},
    alphaWin = 2.6999999999999997,
    RWin = 0.025158088695568254,
    gWin = 0.67,
    UWin= 1.8936557576825381,
    ratioWinConRad = 0.029999999999999995,
    AExt = {3.5053766906169006, 14.132031481181455, 43.178479872252616, 31.69144335654583, 93.70094055175781, 93.70094055175781, 23.407319301804982, 1.4959233548676951, 27.83993706148985, 32.92091740654027},
    alphaExt = 2.18737537405618,
    nExt = 1,
    RExt = {8.597754541651547e-05},
    RExtRem = 0.004827631601993921 ,
    CExt = {116566663.0241095},
    AInt = 615.5815514019505,
    alphaInt = 2.3955693674108343,
    nInt = 1,
    RInt = {0.00011250080929381615},
    CInt = {68432911.42376404},
    AFloor = 0.0,
    alphaFloor = 0.0,
    nFloor = 1,
    RFloor = {0.00001},
    RFloorRem =  0.00001,
    CFloor = {0.00001},
    ARoof = 0.0,
    alphaRoof = 0.0,
    nRoof = 1,
    RRoof = {0.00001},
    RRoofRem = 0.00001,
    CRoof = {0.00001},
    nOrientationsRoof = 1,
    tiltRoof = {0.0},
    aziRoof = {0.0},
    wfRoof = {0.0},
    aRoof = 0.0,
    aExt = 0.5,
    TSoil = 286.15,
    alphaWallOut = 20.0,
    alphaRadWall = 4.999999999999999,
    alphaWinOut = 19.999999999999996,
    alphaRoofOut = 0.0,
    alphaRadRoof = 0.0,
    tiltExtWalls = {1.5707963267948966, 1.5707963267948966, 1.5707963267948966, 1.5707963267948966, 0.0, 0.0, 1.5707963267948966, 1.5707963267948966, 1.5707963267948966, 1.5707963267948966},
    aziExtWalls = {2.627779372803022, -2.0956375566324064, -2.0967696945164627, -0.5346906630928048, 0.0, 0.0, 1.0542729886496185, 1.0542729885877742, 2.622566838348037, 1.048666210744204},
    wfWall = {0.00940423717374273, 0.03791346480724168, 0.11583938085948726, 0.08502191804406055, 0.23490684359349429, 0.0, 0.06279724028088988, 0.004013268548448334, 0.07468908312454288, 0.088320355440549},
    wfWin = {0.019674179634919145, 0.07931704649926387, 0.24234233417577083, 0.17787051279125696, 0.0, 0.0, 0.13137526872599128, 0.008395977779654392, 0.1562536557736399, 0.18477102461950362},
    wfGro = 0.2870942081275433,
    nrPeople = 11.244112866210937,
    ratioConvectiveHeatPeople = 0.5,
    nrPeopleMachines = 33.732338598632815,
    ratioConvectiveHeatMachines = 0.75,
    lightingPower = 14.0,
    ratioConvectiveHeatLighting = 0.9,
    useConstantACHrate = false,
    baseACH = 0.2,
    maxUserACH = 1.0,
    maxOverheatingACH = {3.0, 2.0},
    maxSummerACH = {1.0, 283.15, 290.15},
    winterReduction = {0.2, 273.15, 283.15},
    withAHU = false,
    minAHU = 24.0,
    maxAHU = 48.0,
    hHeat = 7388.478831576275,
    lHeat = 0,
    KRHeat = 10000,
    TNHeat = 1,
    HeaterOn = true,
    hCool = 0,
    lCool = 0.0,
    KRCool = 10000,
    TNCool = 1,
    CoolerOn = false);
end Inffeldgasse18_6_Laboratory;
