 
within Inffeldgasse.Inffeldgasse18_6.Inffeldgasse18_6_DataBase;
record Inffeldgasse18_6_Office "Inffeldgasse18_6_Office"
  extends AixLib.DataBase.ThermalZones.ZoneBaseRecord(
    T_start = 293.15,
    withAirCap = true,
    VAir = 1089.9723077833653,
    AZone = 238.52470703125002,
    alphaRad = 5.0,
    lat = 0.88645272708792,
    nOrientations = 10,
    AWin = {0.3565454122514813, 1.4374235453485615, 4.391850082090681, 3.2234591981655316, 0.0, 0.0, 2.3808489206035555, 0.15215614649507359, 2.831707605979803, 3.3485137559770113},
    ATransparent = {0.3565454122514813, 1.4374235453485615, 4.391850082090681, 3.2234591981655316, 0.0, 0.0, 2.3808489206035555, 0.15215614649507359, 2.831707605979803, 3.3485137559770113},
    alphaWin = 2.7,
    RWin = 0.01976597395380469,
    gWin = 0.67,
    UWin= 1.8936557576825386,
    ratioWinConRad = 0.03,
    AExt = {4.461635834390157, 17.98721895936173, 54.95747535156717, 40.33680023650381, 119.26235351562501, 119.26235351562501, 29.792785141606654, 1.904007995330245, 35.43461139374727, 41.90167213560423},
    alphaExt = 2.18737537405618,
    nExt = 1,
    RExt = {6.755004101779288e-05},
    RExtRem = 0.0037929288531519307 ,
    CExt = {148365795.38963094},
    AInt = 5484.576026460528,
    alphaInt = 2.3955693674108356,
    nInt = 1,
    RInt = {1.2626941879362551e-05},
    CInt = {609708826.6548789},
    AFloor = 0.0,
    alphaFloor = 0.0,
    nFloor = 1,
    RFloor = {0.00001},
    RFloorRem =  0.00001,
    CFloor = {0.00001},
    ARoof = 0.0,
    alphaRoof = 0.0,
    nRoof = 1,
    RRoof = {0.00001},
    RRoofRem = 0.00001,
    CRoof = {0.00001},
    nOrientationsRoof = 1,
    tiltRoof = {0.0},
    aziRoof = {0.0},
    wfRoof = {0.0},
    aRoof = 0.0,
    aExt = 0.5,
    TSoil = 286.15,
    alphaWallOut = 20.0,
    alphaRadWall = 4.999999999999999,
    alphaWinOut = 19.999999999999996,
    alphaRoofOut = 0.0,
    alphaRadRoof = 0.0,
    tiltExtWalls = {1.5707963267948966, 1.5707963267948966, 1.5707963267948966, 1.5707963267948966, 0.0, 0.0, 1.5707963267948966, 1.5707963267948966, 1.5707963267948966, 1.5707963267948966},
    aziExtWalls = {2.627779372803022, -2.0956375566324064, -2.0967696945164627, -0.5346906630928048, 0.0, 0.0, 1.0542729886496185, 1.0542729885877742, 2.622566838348037, 1.048666210744204},
    wfWall = {0.00940423717374273, 0.03791346480724168, 0.11583938085948725, 0.08502191804406055, 0.23490684359349437, 0.0, 0.06279724028088987, 0.004013268548448335, 0.0746890831245429, 0.08832035544054902},
    wfWin = {0.019674179634919145, 0.07931704649926385, 0.24234233417577078, 0.17787051279125696, 0.0, 0.0, 0.13137526872599128, 0.008395977779654387, 0.15625365577363987, 0.18477102461950365},
    wfGro = 0.2870942081275433,
    nrPeople = 11.926235351562502,
    ratioConvectiveHeatPeople = 0.5,
    nrPeopleMachines = 16.6967294921875,
    ratioConvectiveHeatMachines = 0.75,
    lightingPower = 12.5,
    ratioConvectiveHeatLighting = 0.9,
    useConstantACHrate = false,
    baseACH = 0.2,
    maxUserACH = 1.0,
    maxOverheatingACH = {3.0, 2.0},
    maxSummerACH = {1.0, 283.15, 290.15},
    winterReduction = {0.2, 273.15, 283.15},
    withAHU = false,
    minAHU = 0.0,
    maxAHU = 2.6,
    hHeat = 9404.039801152576,
    lHeat = 0,
    KRHeat = 10000,
    TNHeat = 1,
    HeaterOn = true,
    hCool = 0,
    lCool = 0.0,
    KRCool = 10000,
    TNCool = 1,
    CoolerOn = false);
end Inffeldgasse18_6_Office;
