 
within Inffeldgasse.Inffeldgasse18_6.Inffeldgasse18_6_DataBase;
record Inffeldgasse18_6_Restroom "Inffeldgasse18_6_Restroom"
  extends AixLib.DataBase.ThermalZones.ZoneBaseRecord(
    T_start = 293.15,
    withAirCap = true,
    VAir = 97.69873734399675,
    AZone = 21.37995849609375,
    alphaRad = 4.999999999999999,
    lat = 0.88645272708792,
    nOrientations = 10,
    AWin = {0.03195864365912667, 0.12884223241843812, 0.3936597329678842, 0.2889320134941055, 0.0, 0.0, 0.21340536056629428, 0.013638386301692569, 0.25381769395062864, 0.3001411720296467},
    ATransparent = {0.03195864365912667, 0.12884223241843812, 0.3936597329678842, 0.2889320134941055, 0.0, 0.0, 0.21340536056629428, 0.013638386301692569, 0.25381769395062864, 0.3001411720296467},
    alphaWin = 2.7,
    RWin = 0.2205183488723789,
    gWin = 0.6699999999999999,
    UWin= 1.893655757682538,
    ratioWinConRad = 0.029999999999999995,
    AExt = {0.39991491930204454, 1.6122690164793743, 4.9260663882197395, 3.6155546553451585, 10.689979248046875, 10.689979248046875, 2.6704508633025474, 0.17066413128874752, 3.176151143220029, 3.755820612154769},
    alphaExt = 2.18737537405618,
    nExt = 1,
    RExt = {0.0007536195052325193},
    RExtRem = 0.04231566883788549 ,
    CExt = {13298641.416021794},
    AInt = 308.3867188482732,
    alphaInt = 2.4920147932186465,
    nInt = 1,
    RInt = {0.0002611374215625918},
    CInt = {29063457.293186665},
    AFloor = 0.0,
    alphaFloor = 0.0,
    nFloor = 1,
    RFloor = {0.00001},
    RFloorRem =  0.00001,
    CFloor = {0.00001},
    ARoof = 0.0,
    alphaRoof = 0.0,
    nRoof = 1,
    RRoof = {0.00001},
    RRoofRem = 0.00001,
    CRoof = {0.00001},
    nOrientationsRoof = 1,
    tiltRoof = {0.0},
    aziRoof = {0.0},
    wfRoof = {0.0},
    aRoof = 0.0,
    aExt = 0.5,
    TSoil = 286.15,
    alphaWallOut = 20.0,
    alphaRadWall = 5.0,
    alphaWinOut = 19.999999999999993,
    alphaRoofOut = 0.0,
    alphaRadRoof = 0.0,
    tiltExtWalls = {1.5707963267948966, 1.5707963267948966, 1.5707963267948966, 1.5707963267948966, 0.0, 0.0, 1.5707963267948966, 1.5707963267948966, 1.5707963267948966, 1.5707963267948966},
    aziExtWalls = {2.627779372803022, -2.0956375566324064, -2.0967696945164627, -0.5346906630928048, 0.0, 0.0, 1.0542729886496185, 1.0542729885877742, 2.622566838348037, 1.048666210744204},
    wfWall = {0.009404237173742728, 0.037913464807241684, 0.11583938085948728, 0.08502191804406055, 0.2349068435934943, 0.0, 0.06279724028088987, 0.004013268548448335, 0.07468908312454288, 0.08832035544054903},
    wfWin = {0.01967417963491915, 0.07931704649926387, 0.24234233417577086, 0.17787051279125698, 0.0, 0.0, 0.1313752687259913, 0.008395977779654389, 0.1562536557736399, 0.18477102461950365},
    wfGro = 0.28709420812754327,
    nrPeople = 0.0,
    ratioConvectiveHeatPeople = 0.5,
    nrPeopleMachines = 0.0,
    ratioConvectiveHeatMachines = 0.75,
    lightingPower = 11.1,
    ratioConvectiveHeatLighting = 0.9,
    useConstantACHrate = false,
    baseACH = 0.2,
    maxUserACH = 1.0,
    maxOverheatingACH = {3.0, 2.0},
    maxSummerACH = {1.0, 283.15, 290.15},
    winterReduction = {0.2, 273.15, 283.15},
    withAHU = false,
    minAHU = 0.0,
    maxAHU = 8.0,
    hHeat = 842.9230797374564,
    lHeat = 0,
    KRHeat = 10000,
    TNHeat = 1,
    HeaterOn = true,
    hCool = 0,
    lCool = 0.0,
    KRCool = 10000,
    TNCool = 1,
    CoolerOn = false);
end Inffeldgasse18_6_Restroom;
