 
within Inffeldgasse.Inffeldgasse18_6.Inffeldgasse18_6_DataBase;
record Inffeldgasse18_6_Meeting "Inffeldgasse18_6_Meeting"
  extends AixLib.DataBase.ThermalZones.ZoneBaseRecord(
    T_start = 293.15,
    withAirCap = true,
    VAir = 66.46172608435154,
    AZone = 14.544189453125,
    alphaRad = 5.000000000000001,
    lat = 0.88645272708792,
    nOrientations = 10,
    AWin = {0.02174057391777325, 0.08764777715540008, 0.2677957367128464, 0.1965523901320446, 0.0, 0.0, 0.14517371467094847, 0.009277813810675217, 0.17266509792559773, 0.20417766804737872},
    ATransparent = {0.02174057391777325, 0.08764777715540008, 0.2677957367128464, 0.1965523901320446, 0.0, 0.0, 0.14517371467094847, 0.009277813810675217, 0.17266509792559773, 0.20417766804737872},
    alphaWin = 2.7000000000000006,
    RWin = 0.32416197284239695,
    gWin = 0.67,
    UWin= 1.8936557576825386,
    ratioWinConRad = 0.03000000000000001,
    AExt = {0.27205096551159497, 1.09678164386352, 3.3510655702175103, 2.4595609900307203, 7.2720947265625, 7.2720947265625, 1.816633240341869, 0.11609804849574662, 2.1606470362041015, 2.5549800082685503},
    alphaExt = 2.187375374056181,
    nExt = 1,
    RExt = {0.0011078206726918031},
    RExtRem = 0.06220403319169168 ,
    CExt = {9046694.840831157},
    AInt = 143.3251574859023,
    alphaInt = 2.395569367410834,
    nInt = 1,
    RInt = {0.0004831909759169403},
    CInt = {15933157.490981152},
    AFloor = 0.0,
    alphaFloor = 0.0,
    nFloor = 1,
    RFloor = {0.00001},
    RFloorRem =  0.00001,
    CFloor = {0.00001},
    ARoof = 0.0,
    alphaRoof = 0.0,
    nRoof = 1,
    RRoof = {0.00001},
    RRoofRem = 0.00001,
    CRoof = {0.00001},
    nOrientationsRoof = 1,
    tiltRoof = {0.0},
    aziRoof = {0.0},
    wfRoof = {0.0},
    aRoof = 0.0,
    aExt = 0.5,
    TSoil = 286.15,
    alphaWallOut = 20.0,
    alphaRadWall = 5.0,
    alphaWinOut = 20.000000000000004,
    alphaRoofOut = 0.0,
    alphaRadRoof = 0.0,
    tiltExtWalls = {1.5707963267948966, 1.5707963267948966, 1.5707963267948966, 1.5707963267948966, 0.0, 0.0, 1.5707963267948966, 1.5707963267948966, 1.5707963267948966, 1.5707963267948966},
    aziExtWalls = {2.627779372803022, -2.0956375566324064, -2.0967696945164627, -0.5346906630928048, 0.0, 0.0, 1.0542729886496185, 1.0542729885877742, 2.622566838348037, 1.048666210744204},
    wfWall = {0.00940423717374273, 0.03791346480724167, 0.1158393808594873, 0.08502191804406053, 0.23490684359349429, 0.0, 0.06279724028088988, 0.004013268548448333, 0.07468908312454288, 0.088320355440549},
    wfWin = {0.019674179634919145, 0.07931704649926385, 0.24234233417577083, 0.177870512791257, 0.0, 0.0, 0.13137526872599126, 0.008395977779654389, 0.1562536557736399, 0.18477102461950365},
    wfGro = 0.28709420812754327,
    nrPeople = 3.49060546875,
    ratioConvectiveHeatPeople = 0.5,
    nrPeopleMachines = 0.2908837890625,
    ratioConvectiveHeatMachines = 0.75,
    lightingPower = 15.9,
    ratioConvectiveHeatLighting = 0.9,
    useConstantACHrate = false,
    baseACH = 0.2,
    maxUserACH = 1.0,
    maxOverheatingACH = {3.0, 2.0},
    maxSummerACH = {1.0, 283.15, 290.15},
    winterReduction = {0.2, 273.15, 283.15},
    withAHU = false,
    minAHU = 0.0,
    maxAHU = 12.0,
    hHeat = 573.4170610458888,
    lHeat = 0,
    KRHeat = 10000,
    TNHeat = 1,
    HeaterOn = true,
    hCool = 0,
    lCool = 0.0,
    KRCool = 10000,
    TNCool = 1,
    CoolerOn = false);
end Inffeldgasse18_6_Meeting;
