 
within Inffeldgasse.Inffeldgasse18_6.Inffeldgasse18_6_DataBase;
record Inffeldgasse18_6_Meeting "Inffeldgasse18_6_Meeting"
  extends AixLib.DataBase.ThermalZones.ZoneBaseRecord(
    T_start = 293.15,
    withAirCap = true,
    VAir = 186.42514166660604,
    AZone = 40.79645141601562,
    alphaRad = 4.999999999999999,
    lat = 0.88645272708792,
    nOrientations = 10,
    AWin = {0.06098230983935395, 0.24585201492089723, 0.7511670414795341, 0.551329454320385, 0.0, 0.0, 0.40721226965201046, 0.026024267738943983, 0.48432559968130157, 0.5727183588728972},
    ATransparent = {0.06098230983935395, 0.24585201492089723, 0.7511670414795341, 0.551329454320385, 0.0, 0.0, 0.40721226965201046, 0.026024267738943983, 0.48432559968130157, 0.5727183588728972},
    alphaWin = 2.7,
    RWin = 0.11556576571921462,
    gWin = 0.6699999999999999,
    UWin= 1.8936557576825384,
    ratioWinConRad = 0.029999999999999995,
    AExt = {0.7631029582600237, 3.0764725110371733, 9.399738924460115, 6.89906857703617, 20.39822570800781, 20.39822570800781, 5.095656239158942, 0.32565502603056923, 6.060614936552504, 7.166718923193283},
    alphaExt = 2.18737537405618,
    nExt = 1,
    RExt = {0.00039494498135180157},
    RExtRem = 0.022176125915041596 ,
    CExt = {25375979.028531387},
    AInt = 536.0360889972745,
    alphaInt = 2.3955693674108347,
    nInt = 1,
    RInt = {0.00012919544810613382},
    CInt = {59590009.016269505},
    AFloor = 0.0,
    alphaFloor = 0.0,
    nFloor = 1,
    RFloor = {0.00001},
    RFloorRem =  0.00001,
    CFloor = {0.00001},
    ARoof = 0.0,
    alphaRoof = 0.0,
    nRoof = 1,
    RRoof = {0.00001},
    RRoofRem = 0.00001,
    CRoof = {0.00001},
    nOrientationsRoof = 1,
    tiltRoof = {0.0},
    aziRoof = {0.0},
    wfRoof = {0.0},
    aRoof = 0.0,
    aExt = 0.5,
    TSoil = 286.15,
    alphaWallOut = 20.0,
    alphaRadWall = 4.999999999999999,
    alphaWinOut = 20.0,
    alphaRoofOut = 0.0,
    alphaRadRoof = 0.0,
    tiltExtWalls = {1.5707963267948966, 1.5707963267948966, 1.5707963267948966, 1.5707963267948966, 0.0, 0.0, 1.5707963267948966, 1.5707963267948966, 1.5707963267948966, 1.5707963267948966},
    aziExtWalls = {2.627779372803022, -2.0956375566324064, -2.0967696945164627, -0.5346906630928048, 0.0, 0.0, 1.0542729886496185, 1.0542729885877742, 2.622566838348037, 1.048666210744204},
    wfWall = {0.00940423717374273, 0.03791346480724168, 0.11583938085948728, 0.08502191804406055, 0.2349068435934943, 0.0, 0.06279724028088987, 0.004013268548448335, 0.07468908312454291, 0.088320355440549},
    wfWin = {0.019674179634919145, 0.07931704649926385, 0.24234233417577083, 0.17787051279125698, 0.0, 0.0, 0.13137526872599123, 0.008395977779654387, 0.1562536557736399, 0.18477102461950365},
    wfGro = 0.2870942081275433,
    nrPeople = 9.79114833984375,
    ratioConvectiveHeatPeople = 0.5,
    nrPeopleMachines = 0.8159290283203124,
    ratioConvectiveHeatMachines = 0.75,
    lightingPower = 15.9,
    ratioConvectiveHeatLighting = 0.9,
    useConstantACHrate = false,
    baseACH = 0.2,
    maxUserACH = 1.0,
    maxOverheatingACH = {3.0, 2.0},
    maxSummerACH = {1.0, 283.15, 290.15},
    winterReduction = {0.2, 273.15, 283.15},
    withAHU = false,
    minAHU = 0.0,
    maxAHU = 12.0,
    hHeat = 1608.4348562337175,
    lHeat = 0,
    KRHeat = 10000,
    TNHeat = 1,
    HeaterOn = true,
    hCool = 0,
    lCool = 0.0,
    KRCool = 10000,
    TNCool = 1,
    CoolerOn = false);
end Inffeldgasse18_6_Meeting;
