 
within Inffeldgasse.Inffeldgasse18_6.Inffeldgasse18_6_DataBase;
record Inffeldgasse18_6_Floor "Inffeldgasse18_6_Floor"
  extends AixLib.DataBase.ThermalZones.ZoneBaseRecord(
    T_start = 293.15,
    withAirCap = true,
    VAir = 894.9071417257934,
    AZone = 195.8375109863281,
    alphaRad = 5.0,
    lat = 0.88645272708792,
    nOrientations = 10,
    AWin = {0.2927368278028168, 1.180177319397462, 3.6058695948384765, 2.64657793312798, 0.0, 0.0, 1.9547640680443212, 0.12492576296074179, 2.324935543568173, 2.7492523002579543},
    ATransparent = {0.2927368278028168, 1.180177319397462, 3.6058695948384765, 2.64657793312798, 0.0, 0.0, 1.9547640680443212, 0.12492576296074179, 2.324935543568173, 2.7492523002579543},
    alphaWin = 2.7,
    RWin = 0.024074413133486593,
    gWin = 0.6700000000000002,
    UWin= 1.8936557576825386,
    ratioWinConRad = 0.030000000000000002,
    AExt = {3.6631662506136258, 14.768164834622295, 45.12209790297877, 33.11798873076365, 97.91875549316406, 97.91875549316406, 24.460966581203262, 1.5632602229952282, 29.093112342488226, 34.40280581133603},
    alphaExt = 2.18737537405618,
    nExt = 1,
    RExt = {8.227409377584869e-05},
    RExtRem = 0.004619683118580889 ,
    CExt = {121813746.03179152},
    AInt = 6991.921487135626,
    alphaInt = 2.5319453288942264,
    nInt = 1,
    RInt = {1.2348469613151135e-05},
    CInt = {609951877.1804088},
    AFloor = 0.0,
    alphaFloor = 0.0,
    nFloor = 1,
    RFloor = {0.00001},
    RFloorRem =  0.00001,
    CFloor = {0.00001},
    ARoof = 0.0,
    alphaRoof = 0.0,
    nRoof = 1,
    RRoof = {0.00001},
    RRoofRem = 0.00001,
    CRoof = {0.00001},
    nOrientationsRoof = 1,
    tiltRoof = {0.0},
    aziRoof = {0.0},
    wfRoof = {0.0},
    aRoof = 0.0,
    aExt = 0.5,
    TSoil = 286.15,
    alphaWallOut = 20.0,
    alphaRadWall = 5.0,
    alphaWinOut = 20.0,
    alphaRoofOut = 0.0,
    alphaRadRoof = 0.0,
    tiltExtWalls = {1.5707963267948966, 1.5707963267948966, 1.5707963267948966, 1.5707963267948966, 0.0, 0.0, 1.5707963267948966, 1.5707963267948966, 1.5707963267948966, 1.5707963267948966},
    aziExtWalls = {2.627779372803022, -2.0956375566324064, -2.0967696945164627, -0.5346906630928048, 0.0, 0.0, 1.0542729886496185, 1.0542729885877742, 2.622566838348037, 1.048666210744204},
    wfWall = {0.00940423717374273, 0.03791346480724167, 0.11583938085948728, 0.08502191804406055, 0.2349068435934943, 0.0, 0.06279724028088987, 0.004013268548448334, 0.07468908312454288, 0.08832035544054903},
    wfWin = {0.01967417963491915, 0.07931704649926387, 0.24234233417577083, 0.17787051279125696, 0.0, 0.0, 0.13137526872599126, 0.008395977779654387, 0.1562536557736399, 0.18477102461950365},
    wfGro = 0.2870942081275433,
    nrPeople = 0.0,
    ratioConvectiveHeatPeople = 0.5,
    nrPeopleMachines = 0.0,
    ratioConvectiveHeatMachines = 0.75,
    lightingPower = 7.0,
    ratioConvectiveHeatLighting = 0.9,
    useConstantACHrate = false,
    baseACH = 0.2,
    maxUserACH = 1.0,
    maxOverheatingACH = {3.0, 2.0},
    maxSummerACH = {1.0, 283.15, 290.15},
    winterReduction = {0.2, 273.15, 283.15},
    withAHU = false,
    minAHU = 0.0,
    maxAHU = 2.0,
    hHeat = 7721.060726982892,
    lHeat = 0,
    KRHeat = 10000,
    TNHeat = 1,
    HeaterOn = true,
    hCool = 0,
    lCool = 0.0,
    KRCool = 10000,
    TNCool = 1,
    CoolerOn = false);
end Inffeldgasse18_6_Floor;
