 
within Inffeldgasse.Inffeldgasse18_6.Inffeldgasse18_6_DataBase;
record Inffeldgasse18_6_ICT "Inffeldgasse18_6_ICT"
  extends AixLib.DataBase.ThermalZones.ZoneBaseRecord(
    T_start = 293.15,
    withAirCap = true,
    VAir = 121.9572673647851,
    AZone = 26.68858764648438,
    alphaRad = 4.999999999999999,
    lat = 0.88645272708792,
    nOrientations = 10,
    AWin = {0.03989395313911392, 0.16083367108015917, 0.49140517686807317, 0.3606736358923019, 0.0, 0.0, 0.2663937664211905, 0.017024788342589026, 0.3168404546934719, 0.37466602086694},
    ATransparent = {0.03989395313911392, 0.16083367108015917, 0.49140517686807317, 0.3606736358923019, 0.0, 0.0, 0.2663937664211905, 0.017024788342589026, 0.3168404546934719, 0.37466602086694},
    alphaWin = 2.7000000000000006,
    RWin = 0.1766550260721509,
    gWin = 0.6700000000000002,
    UWin= 1.8936557576825386,
    ratioWinConRad = 0.03,
    AExt = {0.4992135217137768, 2.0125943164895594, 6.1492053213491324, 4.513294416706373, 13.34429382324219, 13.34429382324219, 3.33352199602733, 0.2130399189896951, 3.964787311434527, 4.688388315172791},
    alphaExt = 2.18737537405618,
    nExt = 1,
    RExt = {0.0006037169878429441},
    RExtRem = 0.03389865569029518 ,
    CExt = {16600685.03292518},
    AInt = 175.33444265775387,
    alphaInt = 2.3955693674108347,
    nInt = 1,
    RInt = {0.0003949789993871446},
    CInt = {19491562.663966943},
    AFloor = 0.0,
    alphaFloor = 0.0,
    nFloor = 1,
    RFloor = {0.00001},
    RFloorRem =  0.00001,
    CFloor = {0.00001},
    ARoof = 0.0,
    alphaRoof = 0.0,
    nRoof = 1,
    RRoof = {0.00001},
    RRoofRem = 0.00001,
    CRoof = {0.00001},
    nOrientationsRoof = 1,
    tiltRoof = {0.0},
    aziRoof = {0.0},
    wfRoof = {0.0},
    aRoof = 0.0,
    aExt = 0.5,
    TSoil = 286.15,
    alphaWallOut = 20.0,
    alphaRadWall = 5.0,
    alphaWinOut = 20.000000000000004,
    alphaRoofOut = 0.0,
    alphaRadRoof = 0.0,
    tiltExtWalls = {1.5707963267948966, 1.5707963267948966, 1.5707963267948966, 1.5707963267948966, 0.0, 0.0, 1.5707963267948966, 1.5707963267948966, 1.5707963267948966, 1.5707963267948966},
    aziExtWalls = {2.627779372803022, -2.0956375566324064, -2.0967696945164627, -0.5346906630928048, 0.0, 0.0, 1.0542729886496185, 1.0542729885877742, 2.622566838348037, 1.048666210744204},
    wfWall = {0.009404237173742731, 0.03791346480724168, 0.11583938085948728, 0.08502191804406056, 0.23490684359349434, 0.0, 0.06279724028088988, 0.004013268548448334, 0.07468908312454288, 0.08832035544054902},
    wfWin = {0.019674179634919145, 0.07931704649926387, 0.24234233417577078, 0.17787051279125698, 0.0, 0.0, 0.13137526872599126, 0.008395977779654389, 0.1562536557736399, 0.18477102461950365},
    wfGro = 0.2870942081275433,
    nrPeople = 0.8006576293945313,
    ratioConvectiveHeatPeople = 0.5,
    nrPeopleMachines = 40.03288146972657,
    ratioConvectiveHeatMachines = 0.75,
    lightingPower = 7.1,
    ratioConvectiveHeatLighting = 0.9,
    useConstantACHrate = false,
    baseACH = 0.2,
    maxUserACH = 1.0,
    maxOverheatingACH = {3.0, 2.0},
    maxSummerACH = {1.0, 283.15, 290.15},
    winterReduction = {0.2, 273.15, 283.15},
    withAHU = false,
    minAHU = 0.0,
    maxAHU = 130.0,
    hHeat = 1052.2203070192058,
    lHeat = 0,
    KRHeat = 10000,
    TNHeat = 1,
    HeaterOn = true,
    hCool = 0,
    lCool = 0.0,
    KRCool = 10000,
    TNCool = 1,
    CoolerOn = false);
end Inffeldgasse18_6_ICT;
