 
within Inffeldgasse.Inffeldgasse18_6.Inffeldgasse18_6_DataBase;
record Inffeldgasse18_6_Storage "Inffeldgasse18_6_Storage"
  extends AixLib.DataBase.ThermalZones.ZoneBaseRecord(
    T_start = 293.15,
    withAirCap = true,
    VAir = 2990.7776737958193,
    AZone = 654.488525390625,
    alphaRad = 5.0,
    lat = 0.88645272708792,
    nOrientations = 10,
    AWin = {0.9783258262997961, 3.9441499719930038, 12.050808152078087, 8.844857555942006, 0.0, 0.0, 6.532817160192682, 0.4175016214803848, 7.769929406651897, 9.187995062132043},
    ATransparent = {0.9783258262997961, 3.9441499719930038, 12.050808152078087, 8.844857555942006, 0.0, 0.0, 6.532817160192682, 0.4175016214803848, 7.769929406651897, 9.187995062132043},
    alphaWin = 2.7000000000000006,
    RWin = 0.00720359939649771,
    gWin = 0.6699999999999999,
    UWin= 1.8936557576825384,
    ratioWinConRad = 0.030000000000000002,
    AExt = {12.242293448021773, 49.3551739738584, 150.79795065978797, 110.68024455138242, 327.2442626953125, 327.2442626953125, 81.7484958153841, 5.2244121823085985, 97.22911662918457, 114.97410037208476},
    alphaExt = 2.18737537405618,
    nExt = 1,
    RExt = {2.4618237170928954e-05},
    RExtRem = 0.0013823118487042596 ,
    CExt = {407101267.837402},
    AInt = 8599.509449154139,
    alphaInt = 2.3955693674108347,
    nInt = 1,
    RInt = {8.053182931949002e-06},
    CInt = {955989449.4588693},
    AFloor = 0.0,
    alphaFloor = 0.0,
    nFloor = 1,
    RFloor = {0.00001},
    RFloorRem =  0.00001,
    CFloor = {0.00001},
    ARoof = 0.0,
    alphaRoof = 0.0,
    nRoof = 1,
    RRoof = {0.00001},
    RRoofRem = 0.00001,
    CRoof = {0.00001},
    nOrientationsRoof = 1,
    tiltRoof = {0.0},
    aziRoof = {0.0},
    wfRoof = {0.0},
    aRoof = 0.0,
    aExt = 0.5,
    TSoil = 286.15,
    alphaWallOut = 20.0,
    alphaRadWall = 5.0,
    alphaWinOut = 19.999999999999996,
    alphaRoofOut = 0.0,
    alphaRadRoof = 0.0,
    tiltExtWalls = {1.5707963267948966, 1.5707963267948966, 1.5707963267948966, 1.5707963267948966, 0.0, 0.0, 1.5707963267948966, 1.5707963267948966, 1.5707963267948966, 1.5707963267948966},
    aziExtWalls = {2.627779372803022, -2.0956375566324064, -2.0967696945164627, -0.5346906630928048, 0.0, 0.0, 1.0542729886496185, 1.0542729885877742, 2.622566838348037, 1.048666210744204},
    wfWall = {0.009404237173742731, 0.03791346480724168, 0.1158393808594873, 0.08502191804406058, 0.23490684359349434, 0.0, 0.06279724028088988, 0.004013268548448336, 0.07468908312454291, 0.08832035544054903},
    wfWin = {0.019674179634919145, 0.07931704649926387, 0.2423423341757708, 0.177870512791257, 0.0, 0.0, 0.13137526872599128, 0.008395977779654389, 0.15625365577363987, 0.18477102461950368},
    wfGro = 0.2870942081275434,
    nrPeople = 0.0,
    ratioConvectiveHeatPeople = 0.5,
    nrPeopleMachines = 0.0,
    ratioConvectiveHeatMachines = 0.75,
    lightingPower = 11.3,
    ratioConvectiveHeatLighting = 0.9,
    useConstantACHrate = false,
    baseACH = 0.2,
    maxUserACH = 1.0,
    maxOverheatingACH = {3.0, 2.0},
    maxSummerACH = {1.0, 283.15, 290.15},
    winterReduction = {0.2, 273.15, 283.15},
    withAHU = false,
    minAHU = 0.0,
    maxAHU = 0.5,
    hHeat = 25803.767747064987,
    lHeat = 0,
    KRHeat = 10000,
    TNHeat = 1,
    HeaterOn = true,
    hCool = 0,
    lCool = 0.0,
    KRCool = 10000,
    TNCool = 1,
    CoolerOn = false);
end Inffeldgasse18_6_Storage;
