 
within Inffeldgasse.Inffeldgasse18_6.Inffeldgasse18_6_DataBase;
record Inffeldgasse18_6_Storage "Inffeldgasse18_6_Storage"
  extends AixLib.DataBase.ThermalZones.ZoneBaseRecord(
    T_start = 293.15,
    withAirCap = true,
    VAir = 75.76636773616076,
    AZone = 16.5803759765625,
    alphaRad = 4.999999999999999,
    lat = 0.88645272708792,
    nOrientations = 10,
    AWin = {0.024784254266261505, 0.0999184659571561, 0.3052871398526449, 0.22406972475053083, 0.0, 0.0, 0.16549803472488128, 0.010576707744169748, 0.19683821163518142, 0.23276254157401174},
    ATransparent = {0.024784254266261505, 0.0999184659571561, 0.3052871398526449, 0.22406972475053083, 0.0, 0.0, 0.16549803472488128, 0.010576707744169748, 0.19683821163518142, 0.23276254157401174},
    alphaWin = 2.6999999999999997,
    RWin = 0.2843526077564885,
    gWin = 0.67,
    UWin= 1.8936557576825381,
    ratioWinConRad = 0.029999999999999995,
    AExt = {0.31013810068321823, 1.250331074004413, 3.820214750047962, 2.803899528635021, 8.29018798828125, 8.29018798828125, 2.0709618939897307, 0.13235177528515116, 2.4631376212726757, 2.9126772094261475},
    alphaExt = 2.187375374056181,
    nExt = 1,
    RExt = {0.0009717725199050907},
    RExtRem = 0.054564941396220756 ,
    CExt = {10313232.118547518},
    AInt = 272.3177992232144,
    alphaInt = 2.3955693674108347,
    nInt = 1,
    RInt = {0.0002543110399562843},
    CInt = {30272999.232864186},
    AFloor = 0.0,
    alphaFloor = 0.0,
    nFloor = 1,
    RFloor = {0.00001},
    RFloorRem =  0.00001,
    CFloor = {0.00001},
    ARoof = 0.0,
    alphaRoof = 0.0,
    nRoof = 1,
    RRoof = {0.00001},
    RRoofRem = 0.00001,
    CRoof = {0.00001},
    nOrientationsRoof = 1,
    tiltRoof = {0.0},
    aziRoof = {0.0},
    wfRoof = {0.0},
    aRoof = 0.0,
    aExt = 0.5,
    TSoil = 286.15,
    alphaWallOut = 20.0,
    alphaRadWall = 4.999999999999998,
    alphaWinOut = 20.0,
    alphaRoofOut = 0.0,
    alphaRadRoof = 0.0,
    tiltExtWalls = {1.5707963267948966, 1.5707963267948966, 1.5707963267948966, 1.5707963267948966, 0.0, 0.0, 1.5707963267948966, 1.5707963267948966, 1.5707963267948966, 1.5707963267948966},
    aziExtWalls = {2.627779372803022, -2.0956375566324064, -2.0967696945164627, -0.5346906630928048, 0.0, 0.0, 1.0542729886496185, 1.0542729885877742, 2.622566838348037, 1.048666210744204},
    wfWall = {0.009404237173742728, 0.03791346480724168, 0.1158393808594873, 0.08502191804406053, 0.2349068435934943, 0.0, 0.06279724028088987, 0.004013268548448334, 0.07468908312454287, 0.08832035544054902},
    wfWin = {0.01967417963491915, 0.07931704649926387, 0.2423423341757708, 0.17787051279125696, 0.0, 0.0, 0.13137526872599126, 0.00839597777965439, 0.15625365577363992, 0.18477102461950368},
    wfGro = 0.28709420812754327,
    nrPeople = 0.0,
    ratioConvectiveHeatPeople = 0.5,
    nrPeopleMachines = 0.0,
    ratioConvectiveHeatMachines = 0.75,
    lightingPower = 11.3,
    ratioConvectiveHeatLighting = 0.9,
    useConstantACHrate = false,
    baseACH = 0.2,
    maxUserACH = 1.0,
    maxOverheatingACH = {3.0, 2.0},
    maxSummerACH = {1.0, 283.15, 290.15},
    winterReduction = {0.2, 273.15, 283.15},
    withAHU = false,
    minAHU = 0.0,
    maxAHU = 0.5,
    hHeat = 653.6954495923131,
    lHeat = 0,
    KRHeat = 10000,
    TNHeat = 1,
    HeaterOn = true,
    hCool = 0,
    lCool = 0.0,
    KRCool = 10000,
    TNCool = 1,
    CoolerOn = false);
end Inffeldgasse18_6_Storage;
