 
within Inffeldgasse.Inffeldgasse25C_4.Inffeldgasse25C_4_DataBase;
record Inffeldgasse25C_4_Storage "Inffeldgasse25C_4_Storage"
  extends AixLib.DataBase.ThermalZones.ZoneBaseRecord(
    T_start = 293.15,
    withAirCap = true,
    VAir = 353.0312754638494,
    AZone = 44.292041015625,
    alphaRad = 4.999999999999999,
    lat = 0.88645272708792,
    nOrientations = 9,
    AWin = {7.816611714591762, 1.8717625854952828, 4.891548881421524, 0.0, 0.0, 1.0392560577876184, 1.4232964103742642, 1.837514317557051, 0.3664237980174601},
    ATransparent = {7.816611714591762, 1.8717625854952828, 4.891548881421524, 0.0, 0.0, 1.0392560577876184, 1.4232964103742642, 1.837514317557051, 0.3664237980174601},
    alphaWin = 2.7,
    RWin = 0.008482894949357908,
    gWin = 0.78,
    UWin= 3.0017821341055915,
    ratioWinConRad = 0.03,
    AExt = {97.81327632043205, 23.42232640768422, 61.21046302968016, 44.292041015625, 44.292041015625, 13.004744723126144, 17.810438864953635, 22.993760244024724, 4.585249148164433},
    alphaExt = 2.4310943027938468,
    nExt = 1,
    RExt = {8.677870382216402e-05},
    RExtRem = 0.0024811779492251687 ,
    CExt = {121242116.714763},
    AInt = 706.062550927699,
    alphaInt = 2.7000000000000006,
    nInt = 1,
    RInt = {2.9231502969876084e-05},
    CInt = {78615545.54696225},
    AFloor = 0.0,
    alphaFloor = 0.0,
    nFloor = 1,
    RFloor = {0.00001},
    RFloorRem =  0.00001,
    CFloor = {0.00001},
    ARoof = 0.0,
    alphaRoof = 0.0,
    nRoof = 1,
    RRoof = {0.00001},
    RRoofRem = 0.00001,
    CRoof = {0.00001},
    nOrientationsRoof = 1,
    tiltRoof = {0.0},
    aziRoof = {0.0},
    wfRoof = {0.0},
    aRoof = 0.0,
    aExt = 0.5,
    TSoil = 286.15,
    alphaWallOut = 20.0,
    alphaRadWall = 5.0,
    alphaWinOut = 20.0,
    alphaRoofOut = 0.0,
    alphaRadRoof = 0.0,
    tiltExtWalls = {1.5707963267948966, 1.5707963267948966, 1.5707963267948966, 0.0, 0.0, 1.5707963267948966, 1.5707963267948966, 1.5707963267948966, 1.5707963267948966},
    aziExtWalls = {2.602257163767587, -0.5410591619674546, -0.5359763412474436, 0.0, 0.0, -0.5063112824628818, 1.048595022986171, -2.0866450616201484, 1.0427218785627728},
    wfWall = {0.28657561875948784, 0.0686232783071257, 0.17933584250690465, 0.11196981592891894, 0.0, 0.03810160446553373, 0.052181439269874896, 0.06736765516321057, 0.013433969919348802},
    wfWin = {0.4061334132131641, 0.09725253797023206, 0.25415378371708125, 0.0, 0.0, 0.053997387277639204, 0.0739512528273939, 0.09547307565813747, 0.019038549336351972},
    wfGro = 0.18241077567959504,
    nrPeople = 0.0,
    ratioConvectiveHeatPeople = 0.5,
    nrPeopleMachines = 0.0,
    ratioConvectiveHeatMachines = 0.75,
    lightingPower = 11.3,
    ratioConvectiveHeatLighting = 0.9,
    useConstantACHrate = false,
    baseACH = 0.2,
    maxUserACH = 1.0,
    maxOverheatingACH = {3.0, 2.0},
    maxSummerACH = {1.0, 283.15, 290.15},
    winterReduction = {0.2, 273.15, 283.15},
    withAHU = false,
    minAHU = 0.0,
    maxAHU = 0.5,
    hHeat = 11527.382525572822,
    lHeat = 0,
    KRHeat = 10000,
    TNHeat = 1,
    HeaterOn = true,
    hCool = 0,
    lCool = 0.0,
    KRCool = 10000,
    TNCool = 1,
    CoolerOn = false);
end Inffeldgasse25C_4_Storage;
