 
within Inffeldgasse.Inffeldgasse25C_4.Inffeldgasse25C_4_DataBase;
record Inffeldgasse25C_4_Office "Inffeldgasse25C_4_Office"
  extends AixLib.DataBase.ThermalZones.ZoneBaseRecord(
    T_start = 293.15,
    withAirCap = true,
    VAir = 128.66028705793622,
    AZone = 16.14198828125,
    alphaRad = 4.999999999999999,
    lat = 0.88645272708792,
    nOrientations = 9,
    AWin = {2.848720713762331, 0.6821534756027253, 1.782697814562511, 0.0, 0.0, 0.37875109661593204, 0.5187124695586208, 0.669671884620792, 0.13354111749969658},
    ATransparent = {2.848720713762331, 0.6821534756027253, 1.782697814562511, 0.0, 0.0, 0.37875109661593204, 0.5187124695586208, 0.669671884620792, 0.13354111749969658},
    alphaWin = 2.7,
    RWin = 0.02327623614153084,
    gWin = 0.7799999999999999,
    UWin= 3.0017821341055915,
    ratioWinConRad = 0.03,
    AExt = {35.6475051478908, 8.536136735244916, 22.307813193038992, 16.14198828125, 16.14198828125, 4.739506965761528, 6.49091549744977, 8.379948177822344, 1.6710685784421488},
    alphaExt = 2.431094302793847,
    nExt = 1,
    RExt = {0.00023811229707301095},
    RExtRem = 0.006808110226532477 ,
    CExt = {44186015.86938031},
    AInt = 450.3110047027768,
    alphaInt = 2.7000000000000006,
    nInt = 1,
    RInt = {4.5833367025938124e-05},
    CInt = {50139247.93772925},
    AFloor = 0.0,
    alphaFloor = 0.0,
    nFloor = 1,
    RFloor = {0.00001},
    RFloorRem =  0.00001,
    CFloor = {0.00001},
    ARoof = 0.0,
    alphaRoof = 0.0,
    nRoof = 1,
    RRoof = {0.00001},
    RRoofRem = 0.00001,
    CRoof = {0.00001},
    nOrientationsRoof = 1,
    tiltRoof = {0.0},
    aziRoof = {0.0},
    wfRoof = {0.0},
    aRoof = 0.0,
    aExt = 0.5,
    TSoil = 286.15,
    alphaWallOut = 19.999999999999993,
    alphaRadWall = 4.999999999999998,
    alphaWinOut = 20.0,
    alphaRoofOut = 0.0,
    alphaRadRoof = 0.0,
    tiltExtWalls = {1.5707963267948966, 1.5707963267948966, 1.5707963267948966, 0.0, 0.0, 1.5707963267948966, 1.5707963267948966, 1.5707963267948966, 1.5707963267948966},
    aziExtWalls = {2.602257163767587, -0.5410591619674546, -0.5359763412474436, 0.0, 0.0, -0.5063112824628818, 1.048595022986171, -2.0866450616201484, 1.0427218785627728},
    wfWall = {0.2865756187594878, 0.06862327830712568, 0.1793358425069046, 0.11196981592891893, 0.0, 0.03810160446553373, 0.052181439269874896, 0.06736765516321054, 0.0134339699193488},
    wfWin = {0.40613341321316404, 0.09725253797023205, 0.25415378371708125, 0.0, 0.0, 0.05399738727763921, 0.07395125282739387, 0.09547307565813748, 0.019038549336351976},
    wfGro = 0.18241077567959502,
    nrPeople = 0.8070994140625,
    ratioConvectiveHeatPeople = 0.5,
    nrPeopleMachines = 1.1299391796875,
    ratioConvectiveHeatMachines = 0.75,
    lightingPower = 12.5,
    ratioConvectiveHeatLighting = 0.9,
    useConstantACHrate = false,
    baseACH = 0.2,
    maxUserACH = 1.0,
    maxOverheatingACH = {3.0, 2.0},
    maxSummerACH = {1.0, 283.15, 290.15},
    winterReduction = {0.2, 273.15, 283.15},
    withAHU = false,
    minAHU = 0.0,
    maxAHU = 2.6,
    hHeat = 4201.090520430986,
    lHeat = 0,
    KRHeat = 10000,
    TNHeat = 1,
    HeaterOn = true,
    hCool = 0,
    lCool = 0.0,
    KRCool = 10000,
    TNCool = 1,
    CoolerOn = false);
end Inffeldgasse25C_4_Office;
