 
within Inffeldgasse.Inffeldgasse25C_4.Inffeldgasse25C_4_DataBase;
record Inffeldgasse25C_4_Meeting "Inffeldgasse25C_4_Meeting"
  extends AixLib.DataBase.ThermalZones.ZoneBaseRecord(
    T_start = 293.15,
    withAirCap = true,
    VAir = 22.005616170579945,
    AZone = 2.760870556640625,
    alphaRad = 5.0,
    lat = 0.88645272708792,
    nOrientations = 9,
    AWin = {0.48723546354288644, 0.11667320116253929, 0.30490654694194164, 0.0, 0.0, 0.06478029426876154, 0.0887188095799958, 0.11453839246105617, 0.022840416743088343},
    ATransparent = {0.48723546354288644, 0.11667320116253929, 0.30490654694194164, 0.0, 0.0, 0.06478029426876154, 0.0887188095799958, 0.11453839246105617, 0.022840416743088343},
    alphaWin = 2.7,
    RWin = 0.1360892237864905,
    gWin = 0.78,
    UWin= 3.001782134105591,
    ratioWinConRad = 0.030000000000000002,
    AExt = {6.097027557306931, 1.4599916794123162, 3.8154521955167295, 2.760870556640625, 2.760870556640625, 0.8106290877415295, 1.1101840225821098, 1.433277721877541, 0.2858138635689163},
    alphaExt = 2.4310943027938468,
    nExt = 1,
    RExt = {0.00139217171907215},
    RExtRem = 0.03980499383783694 ,
    CExt = {7557425.27522023},
    AInt = 44.0112323411599,
    alphaInt = 2.7,
    nInt = 1,
    RInt = {0.00046895459309961645},
    CInt = {4900369.0057606455},
    AFloor = 0.0,
    alphaFloor = 0.0,
    nFloor = 1,
    RFloor = {0.00001},
    RFloorRem =  0.00001,
    CFloor = {0.00001},
    ARoof = 0.0,
    alphaRoof = 0.0,
    nRoof = 1,
    RRoof = {0.00001},
    RRoofRem = 0.00001,
    CRoof = {0.00001},
    nOrientationsRoof = 1,
    tiltRoof = {0.0},
    aziRoof = {0.0},
    wfRoof = {0.0},
    aRoof = 0.0,
    aExt = 0.5,
    TSoil = 286.15,
    alphaWallOut = 20.0,
    alphaRadWall = 5.000000000000001,
    alphaWinOut = 20.0,
    alphaRoofOut = 0.0,
    alphaRadRoof = 0.0,
    tiltExtWalls = {1.5707963267948966, 1.5707963267948966, 1.5707963267948966, 0.0, 0.0, 1.5707963267948966, 1.5707963267948966, 1.5707963267948966, 1.5707963267948966},
    aziExtWalls = {2.602257163767587, -0.5410591619674546, -0.5359763412474436, 0.0, 0.0, -0.5063112824628818, 1.048595022986171, -2.0866450616201484, 1.0427218785627728},
    wfWall = {0.2865756187594878, 0.06862327830712571, 0.17933584250690462, 0.11196981592891896, 0.0, 0.03810160446553372, 0.052181439269874896, 0.06736765516321055, 0.013433969919348802},
    wfWin = {0.40613341321316415, 0.09725253797023208, 0.25415378371708125, 0.0, 0.0, 0.05399738727763921, 0.07395125282739391, 0.0954730756581375, 0.01903854933635198},
    wfGro = 0.18241077567959502,
    nrPeople = 0.66260893359375,
    ratioConvectiveHeatPeople = 0.5,
    nrPeopleMachines = 0.0552174111328125,
    ratioConvectiveHeatMachines = 0.75,
    lightingPower = 15.9,
    ratioConvectiveHeatLighting = 0.9,
    useConstantACHrate = false,
    baseACH = 0.2,
    maxUserACH = 1.0,
    maxOverheatingACH = {3.0, 2.0},
    maxSummerACH = {1.0, 283.15, 290.15},
    winterReduction = {0.2, 273.15, 283.15},
    withAHU = false,
    minAHU = 0.0,
    maxAHU = 12.0,
    hHeat = 718.5401774273724,
    lHeat = 0,
    KRHeat = 10000,
    TNHeat = 1,
    HeaterOn = true,
    hCool = 0,
    lCool = 0.0,
    KRCool = 10000,
    TNCool = 1,
    CoolerOn = false);
end Inffeldgasse25C_4_Meeting;
