 
within Inffeldgasse.Inffeldgasse25C_4.Inffeldgasse25C_4_DataBase;
record Inffeldgasse25C_4_ICT "Inffeldgasse25C_4_ICT"
  extends AixLib.DataBase.ThermalZones.ZoneBaseRecord(
    T_start = 293.15,
    withAirCap = true,
    VAir = 14.395830899470305,
    AZone = 1.8061310058593751,
    alphaRad = 4.999999999999999,
    lat = 0.88645272708792,
    nOrientations = 9,
    AWin = {0.31874405547279744, 0.07632631876408542, 0.19946649327574437, 0.0, 0.0, 0.04237855257867289, 0.058038864734150555, 0.07492975050482642, 0.014941948208045317},
    ATransparent = {0.31874405547279744, 0.07632631876408542, 0.19946649327574437, 0.0, 0.0, 0.04237855257867289, 0.058038864734150555, 0.07492975050482642, 0.014941948208045317},
    alphaWin = 2.6999999999999997,
    RWin = 0.20802739657825928,
    gWin = 0.7799999999999999,
    UWin= 3.001782134105591,
    ratioWinConRad = 0.03,
    AExt = {3.9886080455109516, 0.9551104212911232, 2.49602665909918, 1.8061310058593751, 1.8061310058593751, 0.5303045903763661, 0.726270118159776, 0.9376344455063416, 0.18697627081959411},
    alphaExt = 2.431094302793847,
    nExt = 1,
    RExt = {0.0021280881046307244},
    RExtRem = 0.060846325730317494 ,
    CExt = {4943984.092702004},
    AInt = 14.395830899470306,
    alphaInt = 2.7,
    nInt = 1,
    RInt = {0.0014336976933454213},
    CInt = {1602883.623096397},
    AFloor = 0.0,
    alphaFloor = 0.0,
    nFloor = 1,
    RFloor = {0.00001},
    RFloorRem =  0.00001,
    CFloor = {0.00001},
    ARoof = 0.0,
    alphaRoof = 0.0,
    nRoof = 1,
    RRoof = {0.00001},
    RRoofRem = 0.00001,
    CRoof = {0.00001},
    nOrientationsRoof = 1,
    tiltRoof = {0.0},
    aziRoof = {0.0},
    wfRoof = {0.0},
    aRoof = 0.0,
    aExt = 0.5,
    TSoil = 286.15,
    alphaWallOut = 20.0,
    alphaRadWall = 5.0,
    alphaWinOut = 20.0,
    alphaRoofOut = 0.0,
    alphaRadRoof = 0.0,
    tiltExtWalls = {1.5707963267948966, 1.5707963267948966, 1.5707963267948966, 0.0, 0.0, 1.5707963267948966, 1.5707963267948966, 1.5707963267948966, 1.5707963267948966},
    aziExtWalls = {2.602257163767587, -0.5410591619674546, -0.5359763412474436, 0.0, 0.0, -0.5063112824628818, 1.048595022986171, -2.0866450616201484, 1.0427218785627728},
    wfWall = {0.2865756187594878, 0.06862327830712568, 0.1793358425069046, 0.1119698159289189, 0.0, 0.03810160446553372, 0.05218143926987488, 0.06736765516321055, 0.013433969919348799},
    wfWin = {0.4061334132131641, 0.09725253797023206, 0.25415378371708125, 0.0, 0.0, 0.05399738727763921, 0.07395125282739387, 0.0954730756581375, 0.01903854933635198},
    wfGro = 0.18241077567959502,
    nrPeople = 0.054183930175781256,
    ratioConvectiveHeatPeople = 0.5,
    nrPeopleMachines = 2.709196508789063,
    ratioConvectiveHeatMachines = 0.75,
    lightingPower = 7.1,
    ratioConvectiveHeatLighting = 0.9,
    useConstantACHrate = false,
    baseACH = 0.2,
    maxUserACH = 1.0,
    maxOverheatingACH = {3.0, 2.0},
    maxSummerACH = {1.0, 283.15, 290.15},
    winterReduction = {0.2, 273.15, 283.15},
    withAHU = false,
    minAHU = 0.0,
    maxAHU = 130.0,
    hHeat = 470.06104298724745,
    lHeat = 0,
    KRHeat = 10000,
    TNHeat = 1,
    HeaterOn = true,
    hCool = 0,
    lCool = 0.0,
    KRCool = 10000,
    TNCool = 1,
    CoolerOn = false);
end Inffeldgasse25C_4_ICT;
