 
within Inffeldgasse.Inffeldgasse25C_4.Inffeldgasse25C_4_DataBase;
record Inffeldgasse25C_4_Laboratory "Inffeldgasse25C_4_Laboratory"
  extends AixLib.DataBase.ThermalZones.ZoneBaseRecord(
    T_start = 293.15,
    withAirCap = true,
    VAir = 101.0846218744822,
    AZone = 12.682287744140623,
    alphaRad = 5.000000000000001,
    lat = 0.88645272708792,
    nOrientations = 9,
    AWin = {2.2381564876114406, 0.5359480203134825, 1.400613496380363, 0.0, 0.0, 0.297573651213188, 0.40753720550383093, 0.5261415995938356, 0.1049193474989994},
    ATransparent = {2.2381564876114406, 0.5359480203134825, 1.400613496380363, 0.0, 0.0, 0.297573651213188, 0.40753720550383093, 0.5261415995938356, 0.1049193474989994},
    alphaWin = 2.7,
    RWin = 0.029625942780062548,
    gWin = 0.78,
    UWin= 3.0017821341055915,
    ratioWinConRad = 0.03,
    AExt = {28.00720145308371, 6.706592794733581, 17.526595914165082, 12.682287744140623, 12.682287744140623, 3.723691905721785, 5.0997223283317235, 6.583880016539078, 1.3129096727577492},
    alphaExt = 2.4310943027938476,
    nExt = 1,
    RExt = {0.00030306881427996727},
    RExtRem = 0.00866534790183412 ,
    CExt = {34715659.41932716},
    AInt = 50.542310937241105,
    alphaInt = 2.7000000000000006,
    nInt = 1,
    RInt = {0.0004083562696606673},
    CInt = {7505352.9581497125},
    AFloor = 0.0,
    alphaFloor = 0.0,
    nFloor = 1,
    RFloor = {0.00001},
    RFloorRem =  0.00001,
    CFloor = {0.00001},
    ARoof = 0.0,
    alphaRoof = 0.0,
    nRoof = 1,
    RRoof = {0.00001},
    RRoofRem = 0.00001,
    CRoof = {0.00001},
    nOrientationsRoof = 1,
    tiltRoof = {0.0},
    aziRoof = {0.0},
    wfRoof = {0.0},
    aRoof = 0.0,
    aExt = 0.5,
    TSoil = 286.15,
    alphaWallOut = 20.0,
    alphaRadWall = 5.0,
    alphaWinOut = 20.0,
    alphaRoofOut = 0.0,
    alphaRadRoof = 0.0,
    tiltExtWalls = {1.5707963267948966, 1.5707963267948966, 1.5707963267948966, 0.0, 0.0, 1.5707963267948966, 1.5707963267948966, 1.5707963267948966, 1.5707963267948966},
    aziExtWalls = {2.602257163767587, -0.5410591619674546, -0.5359763412474436, 0.0, 0.0, -0.5063112824628818, 1.048595022986171, -2.0866450616201484, 1.0427218785627728},
    wfWall = {0.2865756187594878, 0.0686232783071257, 0.17933584250690457, 0.11196981592891893, 0.0, 0.03810160446553371, 0.05218143926987489, 0.06736765516321057, 0.013433969919348802},
    wfWin = {0.40613341321316404, 0.09725253797023206, 0.2541537837170813, 0.0, 0.0, 0.0539973872776392, 0.07395125282739388, 0.0954730756581375, 0.019038549336351983},
    wfGro = 0.182410775679595,
    nrPeople = 0.7609372646484375,
    ratioConvectiveHeatPeople = 0.5,
    nrPeopleMachines = 2.2828117939453123,
    ratioConvectiveHeatMachines = 0.75,
    lightingPower = 14.0,
    ratioConvectiveHeatLighting = 0.9,
    useConstantACHrate = false,
    baseACH = 0.2,
    maxUserACH = 1.0,
    maxOverheatingACH = {3.0, 2.0},
    maxSummerACH = {1.0, 283.15, 290.15},
    winterReduction = {0.2, 273.15, 283.15},
    withAHU = false,
    minAHU = 24.0,
    maxAHU = 48.0,
    hHeat = 3300.673863155685,
    lHeat = 0,
    KRHeat = 10000,
    TNHeat = 1,
    HeaterOn = true,
    hCool = 0,
    lCool = 0.0,
    KRCool = 10000,
    TNCool = 1,
    CoolerOn = false);
end Inffeldgasse25C_4_Laboratory;
