 
within Inffeldgasse.Inffeldgasse25C_4.Inffeldgasse25C_4_DataBase;
record Inffeldgasse25C_4_Meeting "Inffeldgasse25C_4_Meeting"
  extends AixLib.DataBase.ThermalZones.ZoneBaseRecord(
    T_start = 293.15,
    withAirCap = true,
    VAir = 7.845139454752209,
    AZone = 0.984267578125,
    alphaRad = 5.0,
    lat = 0.88645272708792,
    nOrientations = 9,
    AWin = {0.1737024825464836, 0.0415947241221174, 0.10870108625381164, 0.0, 0.0, 0.023094579061947073, 0.03162880911942809, 0.0408336515012678, 0.008142751067054668},
    ATransparent = {0.1737024825464836, 0.0415947241221174, 0.10870108625381164, 0.0, 0.0, 0.023094579061947073, 0.03162880911942809, 0.0408336515012678, 0.008142751067054668},
    alphaWin = 2.7,
    RWin = 0.3817302727211058,
    gWin = 0.78,
    UWin= 3.0017821341055915,
    ratioWinConRad = 0.03,
    AExt = {2.173628362676268, 0.5204961423929827, 1.3602325117706702, 0.984267578125, 0.984267578125, 0.28899432718058093, 0.39578753033230296, 0.5109724498672161, 0.10189442551476517},
    alphaExt = 2.431094302793847,
    nExt = 1,
    RExt = {0.003905041671997376},
    RExtRem = 0.1116530077151326 ,
    CExt = {2694269.2603280693},
    AInt = 11.767709182128314,
    alphaInt = 2.7,
    nInt = 1,
    RInt = {0.0017538901781925657},
    CInt = {1310259.0924493705},
    AFloor = 0.0,
    alphaFloor = 0.0,
    nFloor = 1,
    RFloor = {0.00001},
    RFloorRem =  0.00001,
    CFloor = {0.00001},
    ARoof = 0.0,
    alphaRoof = 0.0,
    nRoof = 1,
    RRoof = {0.00001},
    RRoofRem = 0.00001,
    CRoof = {0.00001},
    nOrientationsRoof = 1,
    tiltRoof = {0.0},
    aziRoof = {0.0},
    wfRoof = {0.0},
    aRoof = 0.0,
    aExt = 0.5,
    TSoil = 286.15,
    alphaWallOut = 20.0,
    alphaRadWall = 5.0,
    alphaWinOut = 20.0,
    alphaRoofOut = 0.0,
    alphaRadRoof = 0.0,
    tiltExtWalls = {1.5707963267948966, 1.5707963267948966, 1.5707963267948966, 0.0, 0.0, 1.5707963267948966, 1.5707963267948966, 1.5707963267948966, 1.5707963267948966},
    aziExtWalls = {2.602257163767587, -0.5410591619674546, -0.5359763412474436, 0.0, 0.0, -0.5063112824628818, 1.048595022986171, -2.0866450616201484, 1.0427218785627728},
    wfWall = {0.2865756187594878, 0.0686232783071257, 0.17933584250690457, 0.11196981592891894, 0.0, 0.03810160446553372, 0.05218143926987488, 0.06736765516321057, 0.013433969919348799},
    wfWin = {0.4061334132131641, 0.09725253797023208, 0.2541537837170813, 0.0, 0.0, 0.053997387277639204, 0.07395125282739388, 0.0954730756581375, 0.01903854933635198},
    wfGro = 0.18241077567959502,
    nrPeople = 0.23622421875000002,
    ratioConvectiveHeatPeople = 0.5,
    nrPeopleMachines = 0.0196853515625,
    ratioConvectiveHeatMachines = 0.75,
    lightingPower = 15.9,
    ratioConvectiveHeatLighting = 0.9,
    useConstantACHrate = false,
    baseACH = 0.2,
    maxUserACH = 1.0,
    maxOverheatingACH = {3.0, 2.0},
    maxSummerACH = {1.0, 283.15, 290.15},
    winterReduction = {0.2, 273.15, 283.15},
    withAHU = false,
    minAHU = 0.0,
    maxAHU = 12.0,
    hHeat = 256.1640561238405,
    lHeat = 0,
    KRHeat = 10000,
    TNHeat = 1,
    HeaterOn = true,
    hCool = 0,
    lCool = 0.0,
    KRCool = 10000,
    TNCool = 1,
    CoolerOn = false);
end Inffeldgasse25C_4_Meeting;
