 
within Inffeldgasse.Inffeldgasse25C_4.Inffeldgasse25C_4_DataBase;
record Inffeldgasse25C_4_Restroom "Inffeldgasse25C_4_Restroom"
  extends AixLib.DataBase.ThermalZones.ZoneBaseRecord(
    T_start = 293.15,
    withAirCap = true,
    VAir = 11.532354998485745,
    AZone = 1.4468733398437499,
    alphaRad = 5.0,
    lat = 0.88645272708792,
    nOrientations = 9,
    AWin = {0.25534264934333084, 0.06114424445951257, 0.1597905967931031, 0.0, 0.0, 0.033949031221062194, 0.0464943494055593, 0.06002546770686366, 0.011969844068570362},
    ATransparent = {0.25534264934333084, 0.06114424445951257, 0.1597905967931031, 0.0, 0.0, 0.033949031221062194, 0.0464943494055593, 0.06002546770686366, 0.011969844068570362},
    alphaWin = 2.7,
    RWin = 0.25968045763340536,
    gWin = 0.78,
    UWin= 3.001782134105591,
    ratioWinConRad = 0.029999999999999995,
    AExt = {3.1952336931341137, 0.7651293293176845, 1.999541792302885, 1.4468733398437499, 1.4468733398437499, 0.424821660955454, 0.5818076695884854, 0.7511295013048076, 0.14978480550670478},
    alphaExt = 2.4310943027938476,
    nExt = 1,
    RExt = {0.002656490933331549},
    RExtRem = 0.07595442701709704 ,
    CExt = {3960575.812682262},
    AInt = 28.830887496214363,
    alphaInt = 2.7,
    nInt = 1,
    RInt = {0.0007158735421194149},
    CInt = {3210134.776500957},
    AFloor = 0.0,
    alphaFloor = 0.0,
    nFloor = 1,
    RFloor = {0.00001},
    RFloorRem =  0.00001,
    CFloor = {0.00001},
    ARoof = 0.0,
    alphaRoof = 0.0,
    nRoof = 1,
    RRoof = {0.00001},
    RRoofRem = 0.00001,
    CRoof = {0.00001},
    nOrientationsRoof = 1,
    tiltRoof = {0.0},
    aziRoof = {0.0},
    wfRoof = {0.0},
    aRoof = 0.0,
    aExt = 0.5,
    TSoil = 286.15,
    alphaWallOut = 20.0,
    alphaRadWall = 5.0,
    alphaWinOut = 20.0,
    alphaRoofOut = 0.0,
    alphaRadRoof = 0.0,
    tiltExtWalls = {1.5707963267948966, 1.5707963267948966, 1.5707963267948966, 0.0, 0.0, 1.5707963267948966, 1.5707963267948966, 1.5707963267948966, 1.5707963267948966},
    aziExtWalls = {2.602257163767587, -0.5410591619674546, -0.5359763412474436, 0.0, 0.0, -0.5063112824628818, 1.048595022986171, -2.0866450616201484, 1.0427218785627728},
    wfWall = {0.2865756187594878, 0.06862327830712571, 0.17933584250690462, 0.11196981592891894, 0.0, 0.03810160446553373, 0.0521814392698749, 0.06736765516321057, 0.0134339699193488},
    wfWin = {0.4061334132131641, 0.09725253797023208, 0.25415378371708125, 0.0, 0.0, 0.053997387277639204, 0.07395125282739391, 0.09547307565813748, 0.019038549336351983},
    wfGro = 0.18241077567959502,
    nrPeople = 0.0,
    ratioConvectiveHeatPeople = 0.5,
    nrPeopleMachines = 0.0,
    ratioConvectiveHeatMachines = 0.75,
    lightingPower = 11.1,
    ratioConvectiveHeatLighting = 0.9,
    useConstantACHrate = false,
    baseACH = 0.2,
    maxUserACH = 1.0,
    maxOverheatingACH = {3.0, 2.0},
    maxSummerACH = {1.0, 283.15, 290.15},
    winterReduction = {0.2, 273.15, 283.15},
    withAHU = false,
    minAHU = 0.0,
    maxAHU = 8.0,
    hHeat = 376.56116250204553,
    lHeat = 0,
    KRHeat = 10000,
    TNHeat = 1,
    HeaterOn = true,
    hCool = 0,
    lCool = 0.0,
    KRCool = 10000,
    TNCool = 1,
    CoolerOn = false);
end Inffeldgasse25C_4_Restroom;
