 
within Inffeldgasse.Inffeldgasse25C_4.Inffeldgasse25C_4_DataBase;
record Inffeldgasse25C_4_Floor "Inffeldgasse25C_4_Floor"
  extends AixLib.DataBase.ThermalZones.ZoneBaseRecord(
    T_start = 293.15,
    withAirCap = true,
    VAir = 105.6348027582385,
    AZone = 13.253162939453125,
    alphaRad = 5.0,
    lat = 0.88645272708792,
    nOrientations = 9,
    AWin = {2.3389039274884014, 0.5600729603043108, 1.4636601264075737, 0.0, 0.0, 0.31096850706911733, 0.4258819147930993, 0.5498251174645709, 0.10964214311789111},
    ATransparent = {2.3389039274884014, 0.5600729603043108, 1.4636601264075737, 0.0, 0.0, 0.31096850706911733, 0.4258819147930993, 0.5498251174645709, 0.10964214311789111},
    alphaWin = 2.7,
    RWin = 0.028349816020876783,
    gWin = 0.7799999999999999,
    UWin= 3.001782134105591,
    ratioWinConRad = 0.029999999999999995,
    AExt = {29.267905903435945, 7.008480557321511, 18.315530770992073, 13.253162939453125, 13.253162939453125, 3.8913086154865226, 5.32927909592446, 6.880244037462065, 1.372008439556313},
    alphaExt = 2.4310943027938476,
    nExt = 1,
    RExt = {0.00029001423483084916},
    RExtRem = 0.008292091178249729 ,
    CExt = {36278335.59031741},
    AInt = 686.6262179285501,
    alphaInt = 2.7000000000000006,
    nInt = 1,
    RInt = {3.005895932233253e-05},
    CInt = {76451434.27926667},
    AFloor = 0.0,
    alphaFloor = 0.0,
    nFloor = 1,
    RFloor = {0.00001},
    RFloorRem =  0.00001,
    CFloor = {0.00001},
    ARoof = 0.0,
    alphaRoof = 0.0,
    nRoof = 1,
    RRoof = {0.00001},
    RRoofRem = 0.00001,
    CRoof = {0.00001},
    nOrientationsRoof = 1,
    tiltRoof = {0.0},
    aziRoof = {0.0},
    wfRoof = {0.0},
    aRoof = 0.0,
    aExt = 0.5,
    TSoil = 286.15,
    alphaWallOut = 20.0,
    alphaRadWall = 5.0,
    alphaWinOut = 20.0,
    alphaRoofOut = 0.0,
    alphaRadRoof = 0.0,
    tiltExtWalls = {1.5707963267948966, 1.5707963267948966, 1.5707963267948966, 0.0, 0.0, 1.5707963267948966, 1.5707963267948966, 1.5707963267948966, 1.5707963267948966},
    aziExtWalls = {2.602257163767587, -0.5410591619674546, -0.5359763412474436, 0.0, 0.0, -0.5063112824628818, 1.048595022986171, -2.0866450616201484, 1.0427218785627728},
    wfWall = {0.28657561875948784, 0.0686232783071257, 0.17933584250690457, 0.11196981592891893, 0.0, 0.03810160446553372, 0.05218143926987489, 0.06736765516321057, 0.0134339699193488},
    wfWin = {0.4061334132131641, 0.09725253797023206, 0.25415378371708125, 0.0, 0.0, 0.053997387277639204, 0.07395125282739391, 0.09547307565813747, 0.01903854933635198},
    wfGro = 0.182410775679595,
    nrPeople = 0.0,
    ratioConvectiveHeatPeople = 0.5,
    nrPeopleMachines = 0.0,
    ratioConvectiveHeatMachines = 0.75,
    lightingPower = 7.0,
    ratioConvectiveHeatLighting = 0.9,
    useConstantACHrate = false,
    baseACH = 0.2,
    maxUserACH = 1.0,
    maxOverheatingACH = {3.0, 2.0},
    maxSummerACH = {1.0, 283.15, 290.15},
    winterReduction = {0.2, 273.15, 283.15},
    withAHU = false,
    minAHU = 0.0,
    maxAHU = 2.0,
    hHeat = 3449.249015707512,
    lHeat = 0,
    KRHeat = 10000,
    TNHeat = 1,
    HeaterOn = true,
    hCool = 0,
    lCool = 0.0,
    KRCool = 10000,
    TNCool = 1,
    CoolerOn = false);
end Inffeldgasse25C_4_Floor;
