 
within Inffeldgasse.Inffeldgasse25B_4.Inffeldgasse25B_4_DataBase;
record Inffeldgasse25B_4_Meeting "Inffeldgasse25B_4_Meeting"
  extends AixLib.DataBase.ThermalZones.ZoneBaseRecord(
    T_start = 293.15,
    withAirCap = true,
    VAir = 21.153713108830154,
    AZone = 2.6503004150390623,
    alphaRad = 4.999999999999999,
    lat = 0.88645272708792,
    nOrientations = 9,
    AWin = {0.08724216383343093, 0.10806994571489396, 0.30772237884474624, 0.07197329312924769, 0.0, 0.0, 0.11469780342189427, 0.48618555007247444, 0.0162581170719153},
    ATransparent = {0.08724216383343093, 0.10806994571489396, 0.30772237884474624, 0.07197329312924769, 0.0, 0.0, 0.11469780342189427, 0.48618555007247444, 0.0162581170719153},
    alphaWin = 2.6999999999999997,
    RWin = 0.13695039093168412,
    gWin = 0.7799999999999999,
    UWin= 3.001782134105591,
    ratioWinConRad = 0.029999999999999995,
    AExt = {1.091705996077798, 1.3523347261079974, 3.8506881460842584, 0.9006387761849105, 2.6503004150390623, 2.6503004150390623, 1.4352725130901904, 6.083889450906911, 0.20344616768369686},
    alphaExt = 2.4378351140480854,
    nExt = 1,
    RExt = {0.0014115744809877206},
    RExtRem = 0.04047297091998282 ,
    CExt = {7467088.407574465},
    AInt = 42.3074262176603,
    alphaInt = 2.7,
    nInt = 1,
    RInt = {0.00048784034859927056},
    CInt = {4710661.09995374},
    AFloor = 0.0,
    alphaFloor = 0.0,
    nFloor = 1,
    RFloor = {0.00001},
    RFloorRem =  0.00001,
    CFloor = {0.00001},
    ARoof = 0.0,
    alphaRoof = 0.0,
    nRoof = 1,
    RRoof = {0.00001},
    RRoofRem = 0.00001,
    CRoof = {0.00001},
    nOrientationsRoof = 1,
    tiltRoof = {0.0},
    aziRoof = {0.0},
    wfRoof = {0.0},
    aRoof = 0.0,
    aExt = 0.5,
    TSoil = 286.15,
    alphaWallOut = 20.0,
    alphaRadWall = 5.0,
    alphaWinOut = 19.999999999999996,
    alphaRoofOut = 0.0,
    alphaRadRoof = 0.0,
    tiltExtWalls = {1.5707963267948966, 1.5707963267948966, 1.5707963267948966, 1.5707963267948966, 0.0, 0.0, 1.5707963267948966, 1.5707963267948966, 1.5707963267948966},
    aziExtWalls = {-2.104504412524494, -0.5379502206068855, -0.5379502207640487, -0.531240105772772, 0.0, 0.0, 1.054947591969645, 2.6276260509915947, -2.081284648885562},
    wfWall = {0.05215929919777079, 0.06461156378001226, 0.18397736739608883, 0.04303052979915592, 0.1092584398668481, 0.0, 0.06857414790206275, 0.29067478908799654, 0.009720208159503028},
    wfWin = {0.07318057171162569, 0.09065135554592621, 0.2581240379974467, 0.06037272011298338, 0.0, 0.0, 0.0962109427330075, 0.4078227195300376, 0.013637652368972809},
    wfGro = 0.17799365481056184,
    nrPeople = 0.6360720996093749,
    ratioConvectiveHeatPeople = 0.5,
    nrPeopleMachines = 0.05300600830078125,
    ratioConvectiveHeatMachines = 0.75,
    lightingPower = 15.9,
    ratioConvectiveHeatLighting = 0.9,
    useConstantACHrate = false,
    baseACH = 0.2,
    maxUserACH = 1.0,
    maxOverheatingACH = {3.0, 2.0},
    maxSummerACH = {1.0, 283.15, 290.15},
    winterReduction = {0.2, 273.15, 283.15},
    withAHU = false,
    minAHU = 0.0,
    maxAHU = 12.0,
    hHeat = 709.1186620645644,
    lHeat = 0,
    KRHeat = 10000,
    TNHeat = 1,
    HeaterOn = true,
    hCool = 0,
    lCool = 0.0,
    KRCool = 10000,
    TNCool = 1,
    CoolerOn = false);
end Inffeldgasse25B_4_Meeting;
