 
within Inffeldgasse.Inffeldgasse25B_4.Inffeldgasse25B_4_DataBase;
record Inffeldgasse25B_4_Floor "Inffeldgasse25B_4_Floor"
  extends AixLib.DataBase.ThermalZones.ZoneBaseRecord(
    T_start = 293.15,
    withAirCap = true,
    VAir = 101.54536435308306,
    AZone = 12.722386840820311,
    alphaRad = 5.000000000000001,
    lat = 0.88645272708792,
    nOrientations = 9,
    AWin = {0.4187934887761667, 0.5187742670413715, 1.4771771234026767, 0.34549746594842073, 0.0, 0.0, 0.5505903469075959, 2.3338639685297213, 0.07804475806536168},
    ATransparent = {0.4187934887761667, 0.5187742670413715, 1.4771771234026767, 0.34549746594842073, 0.0, 0.0, 0.5505903469075959, 2.3338639685297213, 0.07804475806536168},
    alphaWin = 2.7000000000000006,
    RWin = 0.028529212518631563,
    gWin = 0.78,
    UWin= 3.0017821341055915,
    ratioWinConRad = 0.029999999999999995,
    AExt = {5.240577981172032, 6.491688801085271, 18.48467589555242, 4.323387209030239, 12.722386840820311, 12.722386840820311, 6.889819746438294, 29.20483830889895, 0.9766141347097962},
    alphaExt = 2.4378351140480854,
    nExt = 1,
    RExt = {0.0002940561766929491},
    RExtRem = 0.00843124273528049 ,
    CExt = {35844686.41996084},
    AInt = 660.0448682950399,
    alphaInt = 2.7,
    nInt = 1,
    RInt = {3.1269494765824876e-05},
    CInt = {73491771.14451002},
    AFloor = 0.0,
    alphaFloor = 0.0,
    nFloor = 1,
    RFloor = {0.00001},
    RFloorRem =  0.00001,
    CFloor = {0.00001},
    ARoof = 0.0,
    alphaRoof = 0.0,
    nRoof = 1,
    RRoof = {0.00001},
    RRoofRem = 0.00001,
    CRoof = {0.00001},
    nOrientationsRoof = 1,
    tiltRoof = {0.0},
    aziRoof = {0.0},
    wfRoof = {0.0},
    aRoof = 0.0,
    aExt = 0.5,
    TSoil = 286.15,
    alphaWallOut = 20.0,
    alphaRadWall = 5.0,
    alphaWinOut = 20.0,
    alphaRoofOut = 0.0,
    alphaRadRoof = 0.0,
    tiltExtWalls = {1.5707963267948966, 1.5707963267948966, 1.5707963267948966, 1.5707963267948966, 0.0, 0.0, 1.5707963267948966, 1.5707963267948966, 1.5707963267948966},
    aziExtWalls = {-2.104504412524494, -0.5379502206068855, -0.5379502207640487, -0.531240105772772, 0.0, 0.0, 1.054947591969645, 2.6276260509915947, -2.081284648885562},
    wfWall = {0.052159299197770785, 0.06461156378001226, 0.18397736739608886, 0.04303052979915591, 0.10925843986684808, 0.0, 0.06857414790206276, 0.2906747890879965, 0.009720208159503028},
    wfWin = {0.07318057171162567, 0.09065135554592621, 0.2581240379974467, 0.06037272011298338, 0.0, 0.0, 0.09621094273300748, 0.4078227195300376, 0.013637652368972809},
    wfGro = 0.17799365481056184,
    nrPeople = 0.0,
    ratioConvectiveHeatPeople = 0.5,
    nrPeopleMachines = 0.0,
    ratioConvectiveHeatMachines = 0.75,
    lightingPower = 7.0,
    ratioConvectiveHeatLighting = 0.9,
    useConstantACHrate = false,
    baseACH = 0.2,
    maxUserACH = 1.0,
    maxOverheatingACH = {3.0, 2.0},
    maxSummerACH = {1.0, 283.15, 290.15},
    winterReduction = {0.2, 273.15, 283.15},
    withAHU = false,
    minAHU = 0.0,
    maxAHU = 2.0,
    hHeat = 3404.0223831370267,
    lHeat = 0,
    KRHeat = 10000,
    TNHeat = 1,
    HeaterOn = true,
    hCool = 0,
    lCool = 0.0,
    KRCool = 10000,
    TNCool = 1,
    CoolerOn = false);
end Inffeldgasse25B_4_Floor;
