 
within Inffeldgasse.Inffeldgasse25B_4.Inffeldgasse25B_4_DataBase;
record Inffeldgasse25B_4_Storage "Inffeldgasse25B_4_Storage"
  extends AixLib.DataBase.ThermalZones.ZoneBaseRecord(
    T_start = 293.15,
    withAirCap = true,
    VAir = 8.597230996102095,
    AZone = 1.07712744140625,
    alphaRad = 4.999999999999999,
    lat = 0.88645272708792,
    nOrientations = 9,
    AWin = {0.035456708295939846, 0.04392147526380718, 0.12506364060000383, 0.02925117795627179, 0.0, 0.0, 0.04661515005381799, 0.19759412730218215, 0.006607576991794453},
    ATransparent = {0.035456708295939846, 0.04392147526380718, 0.12506364060000383, 0.02925117795627179, 0.0, 0.0, 0.04661515005381799, 0.19759412730218215, 0.006607576991794453},
    alphaWin = 2.7,
    RWin = 0.33697004084506477,
    gWin = 0.7799999999999999,
    UWin= 3.001782134105591,
    ratioWinConRad = 0.029999999999999995,
    AExt = {0.44368799840594997, 0.5496119742471006, 1.5649855566973456, 0.36603501064199573, 1.07712744140625, 1.07712744140625, 0.5833193101329117, 2.472596782186766, 0.08268400397840087},
    alphaExt = 2.437835114048085,
    nExt = 1,
    RExt = {0.0034732161571671537},
    RExtRem = 0.09958481002679984 ,
    CExt = {3034752.5078912275},
    AInt = 21.49307749025524,
    alphaInt = 2.6999999999999997,
    nInt = 1,
    RInt = {0.0009602752125059324},
    CInt = {2393116.6015807767},
    AFloor = 0.0,
    alphaFloor = 0.0,
    nFloor = 1,
    RFloor = {0.00001},
    RFloorRem =  0.00001,
    CFloor = {0.00001},
    ARoof = 0.0,
    alphaRoof = 0.0,
    nRoof = 1,
    RRoof = {0.00001},
    RRoofRem = 0.00001,
    CRoof = {0.00001},
    nOrientationsRoof = 1,
    tiltRoof = {0.0},
    aziRoof = {0.0},
    wfRoof = {0.0},
    aRoof = 0.0,
    aExt = 0.5,
    TSoil = 286.15,
    alphaWallOut = 20.0,
    alphaRadWall = 5.0,
    alphaWinOut = 19.999999999999996,
    alphaRoofOut = 0.0,
    alphaRadRoof = 0.0,
    tiltExtWalls = {1.5707963267948966, 1.5707963267948966, 1.5707963267948966, 1.5707963267948966, 0.0, 0.0, 1.5707963267948966, 1.5707963267948966, 1.5707963267948966},
    aziExtWalls = {-2.104504412524494, -0.5379502206068855, -0.5379502207640487, -0.531240105772772, 0.0, 0.0, 1.054947591969645, 2.6276260509915947, -2.081284648885562},
    wfWall = {0.05215929919777079, 0.06461156378001227, 0.18397736739608883, 0.04303052979915591, 0.10925843986684809, 0.0, 0.06857414790206275, 0.2906747890879965, 0.00972020815950303},
    wfWin = {0.07318057171162569, 0.09065135554592624, 0.25812403799744676, 0.06037272011298338, 0.0, 0.0, 0.09621094273300747, 0.40782271953003774, 0.013637652368972809},
    wfGro = 0.17799365481056187,
    nrPeople = 0.0,
    ratioConvectiveHeatPeople = 0.5,
    nrPeopleMachines = 0.0,
    ratioConvectiveHeatMachines = 0.75,
    lightingPower = 11.3,
    ratioConvectiveHeatLighting = 0.9,
    useConstantACHrate = false,
    baseACH = 0.2,
    maxUserACH = 1.0,
    maxOverheatingACH = {3.0, 2.0},
    maxSummerACH = {1.0, 283.15, 290.15},
    winterReduction = {0.2, 273.15, 283.15},
    withAHU = false,
    minAHU = 0.0,
    maxAHU = 0.5,
    hHeat = 288.1979589139406,
    lHeat = 0,
    KRHeat = 10000,
    TNHeat = 1,
    HeaterOn = true,
    hCool = 0,
    lCool = 0.0,
    KRCool = 10000,
    TNCool = 1,
    CoolerOn = false);
end Inffeldgasse25B_4_Storage;
