 
within Inffeldgasse.Inffeldgasse25B_4.Inffeldgasse25B_4_DataBase;
record Inffeldgasse25B_4_Restroom "Inffeldgasse25B_4_Restroom"
  extends AixLib.DataBase.ThermalZones.ZoneBaseRecord(
    T_start = 293.15,
    withAirCap = true,
    VAir = 11.0859031265527,
    AZone = 1.388927490234375,
    alphaRad = 5.0,
    lat = 0.88645272708792,
    nOrientations = 9,
    AWin = {0.045720492276343484, 0.056635586524382935, 0.16126627340526808, 0.037718624206771516, 0.0, 0.0, 0.0601090092799232, 0.25479242731070856, 0.0085202966473139},
    ATransparent = {0.045720492276343484, 0.056635586524382935, 0.16126627340526808, 0.037718624206771516, 0.0, 0.0, 0.0601090092799232, 0.25479242731070856, 0.0085202966473139},
    alphaWin = 2.6999999999999997,
    RWin = 0.2613237051451523,
    gWin = 0.78,
    UWin= 3.0017821341055906,
    ratioWinConRad = 0.029999999999999995,
    AExt = {0.5721239979445144, 0.7087101773186297, 2.0180076915307876, 0.4719925137225734, 1.388927490234375, 1.388927490234375, 0.7521748999082282, 3.188348482293461, 0.10661884723530639},
    alphaExt = 2.4378351140480845,
    nExt = 1,
    RExt = {0.0026935145708643273},
    RExtRem = 0.07722903634731416 ,
    CExt = {3913233.497017632},
    AInt = 27.714757816381752,
    alphaInt = 2.7,
    nInt = 1,
    RInt = {0.0007447032260250088},
    CInt = {3085860.8809857396},
    AFloor = 0.0,
    alphaFloor = 0.0,
    nFloor = 1,
    RFloor = {0.00001},
    RFloorRem =  0.00001,
    CFloor = {0.00001},
    ARoof = 0.0,
    alphaRoof = 0.0,
    nRoof = 1,
    RRoof = {0.00001},
    RRoofRem = 0.00001,
    CRoof = {0.00001},
    nOrientationsRoof = 1,
    tiltRoof = {0.0},
    aziRoof = {0.0},
    wfRoof = {0.0},
    aRoof = 0.0,
    aExt = 0.5,
    TSoil = 286.15,
    alphaWallOut = 20.0,
    alphaRadWall = 5.0,
    alphaWinOut = 19.999999999999996,
    alphaRoofOut = 0.0,
    alphaRadRoof = 0.0,
    tiltExtWalls = {1.5707963267948966, 1.5707963267948966, 1.5707963267948966, 1.5707963267948966, 0.0, 0.0, 1.5707963267948966, 1.5707963267948966, 1.5707963267948966},
    aziExtWalls = {-2.104504412524494, -0.5379502206068855, -0.5379502207640487, -0.531240105772772, 0.0, 0.0, 1.054947591969645, 2.6276260509915947, -2.081284648885562},
    wfWall = {0.05215929919777079, 0.06461156378001226, 0.1839773673960888, 0.04303052979915591, 0.10925843986684808, 0.0, 0.06857414790206275, 0.2906747890879965, 0.00972020815950303},
    wfWin = {0.07318057171162569, 0.09065135554592622, 0.25812403799744676, 0.060372720112983384, 0.0, 0.0, 0.09621094273300747, 0.4078227195300377, 0.013637652368972809},
    wfGro = 0.17799365481056187,
    nrPeople = 0.0,
    ratioConvectiveHeatPeople = 0.5,
    nrPeopleMachines = 0.0,
    ratioConvectiveHeatMachines = 0.75,
    lightingPower = 11.1,
    ratioConvectiveHeatLighting = 0.9,
    useConstantACHrate = false,
    baseACH = 0.2,
    maxUserACH = 1.0,
    maxOverheatingACH = {3.0, 2.0},
    maxSummerACH = {1.0, 283.15, 290.15},
    winterReduction = {0.2, 273.15, 283.15},
    withAHU = false,
    minAHU = 0.0,
    maxAHU = 8.0,
    hHeat = 371.6236838627129,
    lHeat = 0,
    KRHeat = 10000,
    TNHeat = 1,
    HeaterOn = true,
    hCool = 0,
    lCool = 0.0,
    KRCool = 10000,
    TNCool = 1,
    CoolerOn = false);
end Inffeldgasse25B_4_Restroom;
