 
within Inffeldgasse.Inffeldgasse25B_4.Inffeldgasse25B_4_DataBase;
record Inffeldgasse25B_4_Laboratory "Inffeldgasse25B_4_Laboratory"
  extends AixLib.DataBase.ThermalZones.ZoneBaseRecord(
    T_start = 293.15,
    withAirCap = true,
    VAir = 97.17133454804868,
    AZone = 12.174374633789062,
    alphaRad = 4.999999999999999,
    lat = 0.88645272708792,
    nOrientations = 9,
    AWin = {0.4007541108712149, 0.4964282533106627, 1.4135482536237276, 0.3306152876899667, 0.0, 0.0, 0.5268738670556534, 2.23333362306019, 0.07468300836778205},
    ATransparent = {0.4007541108712149, 0.4964282533106627, 1.4135482536237276, 0.3306152876899667, 0.0, 0.0, 0.5268738670556534, 2.23333362306019, 0.07468300836778205},
    alphaWin = 2.7000000000000006,
    RWin = 0.029813414556722848,
    gWin = 0.78,
    UWin= 3.0017821341055915,
    ratioWinConRad = 0.030000000000000002,
    AExt = {5.014841981983039, 6.212061656292887, 17.68845517372395, 4.137158870282557, 12.174374633789062, 12.174374633789062, 6.593043255318041, 27.94685047234779, 0.9345468344400836},
    alphaExt = 2.4378351140480854,
    nExt = 1,
    RExt = {0.00030729269842223956},
    RExtRem = 0.008810763168843758 ,
    CExt = {34300689.5299811},
    AInt = 48.58566727402434,
    alphaInt = 2.7,
    nInt = 1,
    RInt = {0.000424801607394941},
    CInt = {7214798.350862826},
    AFloor = 0.0,
    alphaFloor = 0.0,
    nFloor = 1,
    RFloor = {0.00001},
    RFloorRem =  0.00001,
    CFloor = {0.00001},
    ARoof = 0.0,
    alphaRoof = 0.0,
    nRoof = 1,
    RRoof = {0.00001},
    RRoofRem = 0.00001,
    CRoof = {0.00001},
    nOrientationsRoof = 1,
    tiltRoof = {0.0},
    aziRoof = {0.0},
    wfRoof = {0.0},
    aRoof = 0.0,
    aExt = 0.5,
    TSoil = 286.15,
    alphaWallOut = 20.0,
    alphaRadWall = 4.999999999999999,
    alphaWinOut = 20.0,
    alphaRoofOut = 0.0,
    alphaRadRoof = 0.0,
    tiltExtWalls = {1.5707963267948966, 1.5707963267948966, 1.5707963267948966, 1.5707963267948966, 0.0, 0.0, 1.5707963267948966, 1.5707963267948966, 1.5707963267948966},
    aziExtWalls = {-2.104504412524494, -0.5379502206068855, -0.5379502207640487, -0.531240105772772, 0.0, 0.0, 1.054947591969645, 2.6276260509915947, -2.081284648885562},
    wfWall = {0.05215929919777079, 0.06461156378001225, 0.18397736739608886, 0.043030529799155906, 0.10925843986684809, 0.0, 0.06857414790206273, 0.29067478908799643, 0.00972020815950303},
    wfWin = {0.07318057171162569, 0.09065135554592621, 0.2581240379974467, 0.060372720112983384, 0.0, 0.0, 0.09621094273300751, 0.4078227195300377, 0.013637652368972812},
    wfGro = 0.17799365481056184,
    nrPeople = 0.7304624780273438,
    ratioConvectiveHeatPeople = 0.5,
    nrPeopleMachines = 2.1913874340820314,
    ratioConvectiveHeatMachines = 0.75,
    lightingPower = 14.0,
    ratioConvectiveHeatLighting = 0.9,
    useConstantACHrate = false,
    baseACH = 0.2,
    maxUserACH = 1.0,
    maxOverheatingACH = {3.0, 2.0},
    maxSummerACH = {1.0, 283.15, 290.15},
    winterReduction = {0.2, 273.15, 283.15},
    withAHU = false,
    minAHU = 24.0,
    maxAHU = 48.0,
    hHeat = 3257.3953514088817,
    lHeat = 0,
    KRHeat = 10000,
    TNHeat = 1,
    HeaterOn = true,
    hCool = 0,
    lCool = 0.0,
    KRCool = 10000,
    TNCool = 1,
    CoolerOn = false);
end Inffeldgasse25B_4_Laboratory;
