 
within Inffeldgasse.Inffeldgasse25B_4.Inffeldgasse25B_4_DataBase;
record Inffeldgasse25B_4_ICT "Inffeldgasse25B_4_ICT"
  extends AixLib.DataBase.ThermalZones.ZoneBaseRecord(
    T_start = 293.15,
    withAirCap = true,
    VAir = 13.83852533144504,
    AZone = 1.7337972412109377,
    alphaRad = 5.0,
    lat = 0.88645272708792,
    nOrientations = 9,
    AWin = {0.05707285940618389, 0.07069816413077736, 0.2013085793868483, 0.047084132938384864, 0.0, 0.0, 0.07503403539364564, 0.3180572136837757, 0.010635880508721777},
    ATransparent = {0.05707285940618389, 0.07069816413077736, 0.2013085793868483, 0.047084132938384864, 0.0, 0.0, 0.07503403539364564, 0.3180572136837757, 0.010635880508721777},
    alphaWin = 2.7,
    RWin = 0.20934378559311928,
    gWin = 0.78,
    UWin= 3.001782134105591,
    ratioWinConRad = 0.03,
    AExt = {0.7141819974341389, 0.8846824322310787, 2.519077628543535, 0.5891879337965458, 1.7337972412109377, 1.7337972412109377, 0.938939415871836, 3.9800132415023826, 0.13309223447400492},
    alphaExt = 2.4378351140480845,
    nExt = 1,
    RExt = {0.0021577473673953986},
    RExtRem = 0.061867402414469634 ,
    CExt = {4884886.71226351},
    AInt = 13.83852533144504,
    alphaInt = 2.7,
    nInt = 1,
    RInt = {0.001491435616153628},
    CInt = {1540831.2154037636},
    AFloor = 0.0,
    alphaFloor = 0.0,
    nFloor = 1,
    RFloor = {0.00001},
    RFloorRem =  0.00001,
    CFloor = {0.00001},
    ARoof = 0.0,
    alphaRoof = 0.0,
    nRoof = 1,
    RRoof = {0.00001},
    RRoofRem = 0.00001,
    CRoof = {0.00001},
    nOrientationsRoof = 1,
    tiltRoof = {0.0},
    aziRoof = {0.0},
    wfRoof = {0.0},
    aRoof = 0.0,
    aExt = 0.5,
    TSoil = 286.15,
    alphaWallOut = 20.0,
    alphaRadWall = 4.999999999999999,
    alphaWinOut = 19.999999999999996,
    alphaRoofOut = 0.0,
    alphaRadRoof = 0.0,
    tiltExtWalls = {1.5707963267948966, 1.5707963267948966, 1.5707963267948966, 1.5707963267948966, 0.0, 0.0, 1.5707963267948966, 1.5707963267948966, 1.5707963267948966},
    aziExtWalls = {-2.104504412524494, -0.5379502206068855, -0.5379502207640487, -0.531240105772772, 0.0, 0.0, 1.054947591969645, 2.6276260509915947, -2.081284648885562},
    wfWall = {0.0521592991977708, 0.06461156378001226, 0.18397736739608883, 0.043030529799155906, 0.10925843986684809, 0.0, 0.06857414790206273, 0.2906747890879965, 0.009720208159503026},
    wfWin = {0.0731805717116257, 0.09065135554592621, 0.2581240379974467, 0.060372720112983384, 0.0, 0.0, 0.09621094273300748, 0.4078227195300377, 0.013637652368972812},
    wfGro = 0.17799365481056187,
    nrPeople = 0.05201391723632813,
    ratioConvectiveHeatPeople = 0.5,
    nrPeopleMachines = 2.6006958618164067,
    ratioConvectiveHeatMachines = 0.75,
    lightingPower = 7.1,
    ratioConvectiveHeatLighting = 0.9,
    useConstantACHrate = false,
    baseACH = 0.2,
    maxUserACH = 1.0,
    maxOverheatingACH = {3.0, 2.0},
    maxSummerACH = {1.0, 283.15, 290.15},
    winterReduction = {0.2, 273.15, 283.15},
    withAHU = false,
    minAHU = 0.0,
    maxAHU = 130.0,
    hHeat = 463.8975917605975,
    lHeat = 0,
    KRHeat = 10000,
    TNHeat = 1,
    HeaterOn = true,
    hCool = 0,
    lCool = 0.0,
    KRCool = 10000,
    TNCool = 1,
    CoolerOn = false);
end Inffeldgasse25B_4_ICT;
