 
within Inffeldgasse.Inffeldgasse25B_4.Inffeldgasse25B_4_DataBase;
record Inffeldgasse25B_4_Office "Inffeldgasse25B_4_Office"
  extends AixLib.DataBase.ThermalZones.ZoneBaseRecord(
    T_start = 293.15,
    withAirCap = true,
    VAir = 7.54143069833517,
    AZone = 0.9448486328125,
    alphaRad = 5.0,
    lat = 0.88645272708792,
    nOrientations = 9,
    AWin = {0.031102375698192842, 0.0385276098805326, 0.10970494789474018, 0.025658928031817355, 0.0, 0.0, 0.04089048250334911, 0.1733281818440194, 0.005796120168240749},
    ATransparent = {0.031102375698192842, 0.0385276098805326, 0.10970494789474018, 0.025658928031817355, 0.0, 0.0, 0.04089048250334911, 0.1733281818440194, 0.005796120168240749},
    alphaWin = 2.7,
    RWin = 0.38414584656337397,
    gWin = 0.78,
    UWin= 3.001782134105591,
    ratioWinConRad = 0.029999999999999995,
    AExt = {0.38919999860171045, 0.48211576688342156, 1.3727943479801277, 0.32108334266841726, 0.9448486328124999, 0.9448486328124999, 0.5116836053797471, 2.1689445457778644, 0.07252982805122883},
    alphaExt = 2.4378351140480845,
    nExt = 1,
    RExt = {0.003959466419170557},
    RExtRem = 0.1135266834305518 ,
    CExt = {2662063.603413358},
    AInt = 22.62429209500551,
    alphaInt = 2.7,
    nInt = 1,
    RInt = {0.0009122614518806361},
    CInt = {2519070.106927134},
    AFloor = 0.0,
    alphaFloor = 0.0,
    nFloor = 1,
    RFloor = {0.00001},
    RFloorRem =  0.00001,
    CFloor = {0.00001},
    ARoof = 0.0,
    alphaRoof = 0.0,
    nRoof = 1,
    RRoof = {0.00001},
    RRoofRem = 0.00001,
    CRoof = {0.00001},
    nOrientationsRoof = 1,
    tiltRoof = {0.0},
    aziRoof = {0.0},
    wfRoof = {0.0},
    aRoof = 0.0,
    aExt = 0.5,
    TSoil = 286.15,
    alphaWallOut = 20.0,
    alphaRadWall = 5.0,
    alphaWinOut = 19.999999999999996,
    alphaRoofOut = 0.0,
    alphaRadRoof = 0.0,
    tiltExtWalls = {1.5707963267948966, 1.5707963267948966, 1.5707963267948966, 1.5707963267948966, 0.0, 0.0, 1.5707963267948966, 1.5707963267948966, 1.5707963267948966},
    aziExtWalls = {-2.104504412524494, -0.5379502206068855, -0.5379502207640487, -0.531240105772772, 0.0, 0.0, 1.054947591969645, 2.6276260509915947, -2.081284648885562},
    wfWall = {0.0521592991977708, 0.06461156378001226, 0.18397736739608886, 0.043030529799155906, 0.10925843986684812, 0.0, 0.06857414790206276, 0.2906747890879965, 0.00972020815950303},
    wfWin = {0.07318057171162567, 0.09065135554592622, 0.25812403799744676, 0.060372720112983384, 0.0, 0.0, 0.0962109427330075, 0.4078227195300377, 0.013637652368972814},
    wfGro = 0.17799365481056184,
    nrPeople = 0.047242431640625,
    ratioConvectiveHeatPeople = 0.5,
    nrPeopleMachines = 0.066139404296875,
    ratioConvectiveHeatMachines = 0.75,
    lightingPower = 12.5,
    ratioConvectiveHeatLighting = 0.9,
    useConstantACHrate = false,
    baseACH = 0.2,
    maxUserACH = 1.0,
    maxOverheatingACH = {3.0, 2.0},
    maxSummerACH = {1.0, 283.15, 290.15},
    winterReduction = {0.2, 273.15, 283.15},
    withAHU = false,
    minAHU = 0.0,
    maxAHU = 2.6,
    hHeat = 252.80522711749177,
    lHeat = 0,
    KRHeat = 10000,
    TNHeat = 1,
    HeaterOn = true,
    hCool = 0,
    lCool = 0.0,
    KRCool = 10000,
    TNCool = 1,
    CoolerOn = false);
end Inffeldgasse25B_4_Office;
