 
within Inffeldgasse.Inffeldgasse25B_4.Inffeldgasse25B_4_DataBase;
record Inffeldgasse25B_4_Storage "Inffeldgasse25B_4_Storage"
  extends AixLib.DataBase.ThermalZones.ZoneBaseRecord(
    T_start = 293.15,
    withAirCap = true,
    VAir = 339.3643814250827,
    AZone = 42.5181884765625,
    alphaRad = 5.0,
    lat = 0.88645272708792,
    nOrientations = 9,
    AWin = {1.399606906418678, 1.7337424446239673, 4.936722655263309, 1.154651761431781, 0.0, 0.0, 1.84007171265071, 7.799768182980873, 0.26082540757083367},
    ATransparent = {1.399606906418678, 1.7337424446239673, 4.936722655263309, 1.154651761431781, 0.0, 0.0, 1.84007171265071, 7.799768182980873, 0.26082540757083367},
    alphaWin = 2.7000000000000006,
    RWin = 0.008536574368074977,
    gWin = 0.78,
    UWin= 3.0017821341055915,
    ratioWinConRad = 0.030000000000000002,
    AExt = {17.51399993707697, 21.695209509753973, 61.775745659105745, 14.448750420078776, 42.51818847656249, 42.51818847656249, 23.02576224208862, 97.60250456000391, 3.263842262305298},
    alphaExt = 2.4378351140480845,
    nExt = 1,
    RExt = {8.79881426482346e-05},
    RExtRem = 0.0025228151873455964 ,
    CExt = {119792862.15360098},
    AInt = 678.7287628501654,
    alphaInt = 2.6999999999999997,
    nInt = 1,
    RInt = {3.0408715062687872e-05},
    CInt = {75572103.20781402},
    AFloor = 0.0,
    alphaFloor = 0.0,
    nFloor = 1,
    RFloor = {0.00001},
    RFloorRem =  0.00001,
    CFloor = {0.00001},
    ARoof = 0.0,
    alphaRoof = 0.0,
    nRoof = 1,
    RRoof = {0.00001},
    RRoofRem = 0.00001,
    CRoof = {0.00001},
    nOrientationsRoof = 1,
    tiltRoof = {0.0},
    aziRoof = {0.0},
    wfRoof = {0.0},
    aRoof = 0.0,
    aExt = 0.5,
    TSoil = 286.15,
    alphaWallOut = 19.999999999999996,
    alphaRadWall = 4.999999999999999,
    alphaWinOut = 20.0,
    alphaRoofOut = 0.0,
    alphaRadRoof = 0.0,
    tiltExtWalls = {1.5707963267948966, 1.5707963267948966, 1.5707963267948966, 1.5707963267948966, 0.0, 0.0, 1.5707963267948966, 1.5707963267948966, 1.5707963267948966},
    aziExtWalls = {-2.104504412524494, -0.5379502206068855, -0.5379502207640487, -0.531240105772772, 0.0, 0.0, 1.054947591969645, 2.6276260509915947, -2.081284648885562},
    wfWall = {0.05215929919777079, 0.06461156378001227, 0.1839773673960888, 0.04303052979915591, 0.10925843986684806, 0.0, 0.06857414790206276, 0.29067478908799643, 0.009720208159503032},
    wfWin = {0.07318057171162569, 0.09065135554592622, 0.2581240379974467, 0.060372720112983363, 0.0, 0.0, 0.09621094273300747, 0.4078227195300377, 0.01363765236897281},
    wfGro = 0.1779936548105618,
    nrPeople = 0.0,
    ratioConvectiveHeatPeople = 0.5,
    nrPeopleMachines = 0.0,
    ratioConvectiveHeatMachines = 0.75,
    lightingPower = 11.3,
    ratioConvectiveHeatLighting = 0.9,
    useConstantACHrate = false,
    baseACH = 0.2,
    maxUserACH = 1.0,
    maxOverheatingACH = {3.0, 2.0},
    maxSummerACH = {1.0, 283.15, 290.15},
    winterReduction = {0.2, 273.15, 283.15},
    withAHU = false,
    minAHU = 0.0,
    maxAHU = 0.5,
    hHeat = 11376.23522028713,
    lHeat = 0,
    KRHeat = 10000,
    TNHeat = 1,
    HeaterOn = true,
    hCool = 0,
    lCool = 0.0,
    KRCool = 10000,
    TNCool = 1,
    CoolerOn = false);
end Inffeldgasse25B_4_Storage;
