 
within Inffeldgasse.Inffeldgasse25B_4.Inffeldgasse25B_4_DataBase;
record Inffeldgasse25B_4_Office "Inffeldgasse25B_4_Office"
  extends AixLib.DataBase.ThermalZones.ZoneBaseRecord(
    T_start = 293.15,
    withAirCap = true,
    VAir = 123.6794634526968,
    AZone = 15.495517578125,
    alphaRad = 5.0,
    lat = 0.88645272708792,
    nOrientations = 9,
    AWin = {0.5100789614503627, 0.6318528020407348, 1.7991611454737393, 0.4208064197218047, 0.0, 0.0, 0.6706039130549255, 2.8425821822419186, 0.09505637075914829},
    ATransparent = {0.5100789614503627, 0.6318528020407348, 1.7991611454737393, 0.4208064197218047, 0.0, 0.0, 0.6706039130549255, 2.8425821822419186, 0.09505637075914829},
    alphaWin = 2.6999999999999997,
    RWin = 0.02342352722947402,
    gWin = 0.7799999999999999,
    UWin= 3.001782134105591,
    ratioWinConRad = 0.029999999999999995,
    AExt = {6.382879977068052, 7.906698576888114, 22.513827306874095, 5.265766819762043, 15.495517578125, 15.495517578125, 8.391611128227852, 35.570690550756986, 1.1894891800401528},
    alphaExt = 2.4378351140480854,
    nExt = 1,
    RExt = {0.000241430879217717},
    RExtRem = 0.006922358745765354 ,
    CExt = {43657843.09597902},
    AInt = 432.8781220844388,
    alphaInt = 2.6999999999999993,
    nInt = 1,
    RInt = {4.7679169958918245e-05},
    CInt = {48198208.04587252},
    AFloor = 0.0,
    alphaFloor = 0.0,
    nFloor = 1,
    RFloor = {0.00001},
    RFloorRem =  0.00001,
    CFloor = {0.00001},
    ARoof = 0.0,
    alphaRoof = 0.0,
    nRoof = 1,
    RRoof = {0.00001},
    RRoofRem = 0.00001,
    CRoof = {0.00001},
    nOrientationsRoof = 1,
    tiltRoof = {0.0},
    aziRoof = {0.0},
    wfRoof = {0.0},
    aRoof = 0.0,
    aExt = 0.5,
    TSoil = 286.15,
    alphaWallOut = 20.0,
    alphaRadWall = 5.000000000000001,
    alphaWinOut = 20.0,
    alphaRoofOut = 0.0,
    alphaRadRoof = 0.0,
    tiltExtWalls = {1.5707963267948966, 1.5707963267948966, 1.5707963267948966, 1.5707963267948966, 0.0, 0.0, 1.5707963267948966, 1.5707963267948966, 1.5707963267948966},
    aziExtWalls = {-2.104504412524494, -0.5379502206068855, -0.5379502207640487, -0.531240105772772, 0.0, 0.0, 1.054947591969645, 2.6276260509915947, -2.081284648885562},
    wfWall = {0.05215929919777079, 0.06461156378001227, 0.1839773673960888, 0.043030529799155906, 0.10925843986684806, 0.0, 0.06857414790206273, 0.2906747890879965, 0.009720208159503025},
    wfWin = {0.0731805717116257, 0.09065135554592624, 0.25812403799744676, 0.060372720112983384, 0.0, 0.0, 0.09621094273300748, 0.4078227195300377, 0.013637652368972812},
    wfGro = 0.1779936548105618,
    nrPeople = 0.77477587890625,
    ratioConvectiveHeatPeople = 0.5,
    nrPeopleMachines = 1.0846862304687501,
    ratioConvectiveHeatMachines = 0.75,
    lightingPower = 12.5,
    ratioConvectiveHeatLighting = 0.9,
    useConstantACHrate = false,
    baseACH = 0.2,
    maxUserACH = 1.0,
    maxOverheatingACH = {3.0, 2.0},
    maxSummerACH = {1.0, 283.15, 290.15},
    winterReduction = {0.2, 273.15, 283.15},
    withAHU = false,
    minAHU = 0.0,
    maxAHU = 2.6,
    hHeat = 4146.005724726865,
    lHeat = 0,
    KRHeat = 10000,
    TNHeat = 1,
    HeaterOn = true,
    hCool = 0,
    lCool = 0.0,
    KRCool = 10000,
    TNCool = 1,
    CoolerOn = false);
end Inffeldgasse25B_4_Office;
