 
within Inffeldgasse.Inffeldgasse25C_5.Inffeldgasse25C_5_DataBase;
record Inffeldgasse25C_5_ICT "Inffeldgasse25C_5_ICT"
  extends AixLib.DataBase.ThermalZones.ZoneBaseRecord(
    T_start = 293.15,
    withAirCap = true,
    VAir = 5.221223957538605,
    AZone = 0.72115234375,
    alphaRad = 5.0,
    lat = 0.88645272708792,
    nOrientations = 7,
    AWin = {0.13550084406353755, 0.0, 0.031864463105567495, 0.029133520963838012, 0.006959038506642844, 0.03705830035029402, 0.0920401190825298},
    ATransparent = {0.13550084406353755, 0.0, 0.031864463105567495, 0.029133520963838012, 0.006959038506642844, 0.03705830035029402, 0.0920401190825298},
    alphaWin = 2.7,
    RWin = 0.4909403699766485,
    gWin = 0.78,
    UWin= 3.001782134105591,
    ratioWinConRad = 0.030000000000000002,
    AExt = {1.6955916432815645, 0.72115234375, 0.3987363896723716, 0.36456270827721626, 0.08708202239393614, 0.4637295422212468, 1.15174527392463},
    alphaExt = 2.552301569850933,
    nExt = 1,
    RExt = {0.005988824393234184},
    RExtRem = 0.16313025767972947 ,
    CExt = {1813894.9250998625},
    AInt = 2.6106119787693025,
    alphaInt = 2.6999999999999997,
    nInt = 1,
    RInt = {0.007905912376948147},
    CInt = {387666.5703269531},
    AFloor = 0.0,
    alphaFloor = 0.0,
    nFloor = 1,
    RFloor = {0.00001},
    RFloorRem =  0.00001,
    CFloor = {0.00001},
    ARoof = 0.0,
    alphaRoof = 0.0,
    nRoof = 1,
    RRoof = {0.00001},
    RRoofRem = 0.00001,
    CRoof = {0.00001},
    nOrientationsRoof = 1,
    tiltRoof = {0.0},
    aziRoof = {0.0},
    wfRoof = {0.0},
    aRoof = 0.0,
    aExt = 0.5,
    TSoil = 286.15,
    alphaWallOut = 20.0,
    alphaRadWall = 5.0,
    alphaWinOut = 20.0,
    alphaRoofOut = 0.0,
    alphaRadRoof = 0.0,
    tiltExtWalls = {1.5707963267948966, 0.0, 1.5707963267948966, 1.5707963267948966, 1.5707963267948966, 1.5707963267948966, 1.5707963267948966},
    aziExtWalls = {-2.1052894531294424, 0.0, -0.5163502107200649, 2.6451050432923715, 1.056492630618538, 1.056492630527516, 1.0564926305234126},
    wfWall = {0.32764107702399625, 0.0, 0.07704828027347245, 0.07044486144763178, 0.016826956961971253, 0.08960698011412878, 0.2225530324480966},
    wfWin = {0.4074523614147953, 0.0, 0.09581675175019676, 0.0876047820593431, 0.020925896752189508, 0.11143467106865952, 0.2767655369548158},
    wfGro = 0.19587881173070273,
    nrPeople = 0.021634570312500004,
    ratioConvectiveHeatPeople = 0.5,
    nrPeopleMachines = 1.081728515625,
    ratioConvectiveHeatMachines = 0.75,
    lightingPower = 7.1,
    ratioConvectiveHeatLighting = 0.9,
    useConstantACHrate = false,
    baseACH = 0.2,
    maxUserACH = 1.0,
    maxOverheatingACH = {3.0, 2.0},
    maxSummerACH = {1.0, 283.15, 290.15},
    winterReduction = {0.2, 273.15, 283.15},
    withAHU = false,
    minAHU = 0.0,
    maxAHU = 130.0,
    hHeat = 176.74706627806245,
    lHeat = 0,
    KRHeat = 10000,
    TNHeat = 1,
    HeaterOn = true,
    hCool = 0,
    lCool = 0.0,
    KRCool = 10000,
    TNCool = 1,
    CoolerOn = false);
end Inffeldgasse25C_5_ICT;
