 
within Inffeldgasse.Inffeldgasse25C_5.Inffeldgasse25C_5_DataBase;
record Inffeldgasse25C_5_Meeting "Inffeldgasse25C_5_Meeting"
  extends AixLib.DataBase.ThermalZones.ZoneBaseRecord(
    T_start = 293.15,
    withAirCap = true,
    VAir = 14.645533200895786,
    AZone = 2.02283232421875,
    alphaRad = 5.0,
    lat = 0.88645272708792,
    nOrientations = 7,
    AWin = {0.3800798675982226, 0.0, 0.08937981901111679, 0.0817195263035656, 0.01952010301113317, 0.10394853248257467, 0.2581725340264961},
    ATransparent = {0.3800798675982226, 0.0, 0.08937981901111679, 0.0817195263035656, 0.01952010301113317, 0.10394853248257467, 0.2581725340264961},
    alphaWin = 2.7000000000000006,
    RWin = 0.17502330480450937,
    gWin = 0.78,
    UWin= 3.001782134105591,
    ratioWinConRad = 0.030000000000000002,
    AExt = {4.756134559404787, 2.0228323242187494, 1.118455573031002, 1.0225983967175913, 0.2442650728149908, 1.300761365930597, 3.230645493358586},
    alphaExt = 2.552301569850934,
    nExt = 1,
    RExt = {0.0021350532596200325},
    RExtRem = 0.058156954609529236 ,
    CExt = {5087975.264905115},
    AInt = 29.291066401791568,
    alphaInt = 2.7,
    nInt = 1,
    RInt = {0.0007046267715640061},
    CInt = {3261372.7520367256},
    AFloor = 0.0,
    alphaFloor = 0.0,
    nFloor = 1,
    RFloor = {0.00001},
    RFloorRem =  0.00001,
    CFloor = {0.00001},
    ARoof = 0.0,
    alphaRoof = 0.0,
    nRoof = 1,
    RRoof = {0.00001},
    RRoofRem = 0.00001,
    CRoof = {0.00001},
    nOrientationsRoof = 1,
    tiltRoof = {0.0},
    aziRoof = {0.0},
    wfRoof = {0.0},
    aRoof = 0.0,
    aExt = 0.5,
    TSoil = 286.15,
    alphaWallOut = 20.0,
    alphaRadWall = 5.000000000000001,
    alphaWinOut = 20.0,
    alphaRoofOut = 0.0,
    alphaRadRoof = 0.0,
    tiltExtWalls = {1.5707963267948966, 0.0, 1.5707963267948966, 1.5707963267948966, 1.5707963267948966, 1.5707963267948966, 1.5707963267948966},
    aziExtWalls = {-2.1052894531294424, 0.0, -0.5163502107200649, 2.6451050432923715, 1.056492630618538, 1.056492630527516, 1.0564926305234126},
    wfWall = {0.32764107702399636, 0.0, 0.07704828027347248, 0.0704448614476318, 0.01682695696197126, 0.08960698011412879, 0.2225530324480966},
    wfWin = {0.40745236141479524, 0.0, 0.09581675175019674, 0.08760478205934313, 0.020925896752189515, 0.11143467106865954, 0.27676553695481587},
    wfGro = 0.1958788117307028,
    nrPeople = 0.48547975781249997,
    ratioConvectiveHeatPeople = 0.5,
    nrPeopleMachines = 0.040456646484375,
    ratioConvectiveHeatMachines = 0.75,
    lightingPower = 15.9,
    ratioConvectiveHeatLighting = 0.9,
    useConstantACHrate = false,
    baseACH = 0.2,
    maxUserACH = 1.0,
    maxOverheatingACH = {3.0, 2.0},
    maxSummerACH = {1.0, 283.15, 290.15},
    winterReduction = {0.2, 273.15, 283.15},
    withAHU = false,
    minAHU = 0.0,
    maxAHU = 12.0,
    hHeat = 495.77552090996494,
    lHeat = 0,
    KRHeat = 10000,
    TNHeat = 1,
    HeaterOn = true,
    hCool = 0,
    lCool = 0.0,
    KRCool = 10000,
    TNCool = 1,
    CoolerOn = false);
end Inffeldgasse25C_5_Meeting;
