 
within Inffeldgasse.Inffeldgasse25C_5.Inffeldgasse25C_5_DataBase;
record Inffeldgasse25C_5_ICT "Inffeldgasse25C_5_ICT"
  extends AixLib.DataBase.ThermalZones.ZoneBaseRecord(
    T_start = 293.15,
    withAirCap = true,
    VAir = 9.58094596208334,
    AZone = 1.32331455078125,
    alphaRad = 5.0,
    lat = 0.88645272708792,
    nOrientations = 7,
    AWin = {0.2486440488565913, 0.0, 0.05847128979871634, 0.053460010968642745, 0.012769835659689616, 0.0680019811427895, 0.1688936185164422},
    ATransparent = {0.2486440488565913, 0.0, 0.05847128979871634, 0.053460010968642745, 0.012769835659689616, 0.0680019811427895, 0.1688936185164422},
    alphaWin = 2.7000000000000006,
    RWin = 0.26754243595457694,
    gWin = 0.78,
    UWin= 3.0017821341055915,
    ratioWinConRad = 0.03,
    AExt = {3.1114106654216704, 1.3233145507812498, 0.7316812750488018, 0.6689725696886917, 0.1597955110928728, 0.8509437099759878, 2.1134525776516955},
    alphaExt = 2.552301569850933,
    nExt = 1,
    RExt = {0.0032636645194736736},
    RExtRem = 0.08889932298622862 ,
    CExt = {3328497.187558247},
    AInt = 9.58094596208334,
    alphaInt = 2.7,
    nInt = 1,
    RInt = {0.002154199557751538},
    CInt = {1066777.0053453464},
    AFloor = 0.0,
    alphaFloor = 0.0,
    nFloor = 1,
    RFloor = {0.00001},
    RFloorRem =  0.00001,
    CFloor = {0.00001},
    ARoof = 0.0,
    alphaRoof = 0.0,
    nRoof = 1,
    RRoof = {0.00001},
    RRoofRem = 0.00001,
    CRoof = {0.00001},
    nOrientationsRoof = 1,
    tiltRoof = {0.0},
    aziRoof = {0.0},
    wfRoof = {0.0},
    aRoof = 0.0,
    aExt = 0.5,
    TSoil = 286.15,
    alphaWallOut = 19.999999999999996,
    alphaRadWall = 5.0,
    alphaWinOut = 20.0,
    alphaRoofOut = 0.0,
    alphaRadRoof = 0.0,
    tiltExtWalls = {1.5707963267948966, 0.0, 1.5707963267948966, 1.5707963267948966, 1.5707963267948966, 1.5707963267948966, 1.5707963267948966},
    aziExtWalls = {-2.1052894531294424, 0.0, -0.5163502107200649, 2.6451050432923715, 1.056492630618538, 1.056492630527516, 1.0564926305234126},
    wfWall = {0.3276410770239963, 0.0, 0.07704828027347248, 0.07044486144763179, 0.016826956961971257, 0.08960698011412878, 0.2225530324480966},
    wfWin = {0.4074523614147952, 0.0, 0.09581675175019676, 0.0876047820593431, 0.02092589675218951, 0.11143467106865951, 0.2767655369548158},
    wfGro = 0.19587881173070285,
    nrPeople = 0.0396994365234375,
    ratioConvectiveHeatPeople = 0.5,
    nrPeopleMachines = 1.984971826171875,
    ratioConvectiveHeatMachines = 0.75,
    lightingPower = 7.1,
    ratioConvectiveHeatLighting = 0.9,
    useConstantACHrate = false,
    baseACH = 0.2,
    maxUserACH = 1.0,
    maxOverheatingACH = {3.0, 2.0},
    maxSummerACH = {1.0, 283.15, 290.15},
    winterReduction = {0.2, 273.15, 283.15},
    withAHU = false,
    minAHU = 0.0,
    maxAHU = 130.0,
    hHeat = 324.3308666202445,
    lHeat = 0,
    KRHeat = 10000,
    TNHeat = 1,
    HeaterOn = true,
    hCool = 0,
    lCool = 0.0,
    KRCool = 10000,
    TNCool = 1,
    CoolerOn = false);
end Inffeldgasse25C_5_ICT;
