 
within Inffeldgasse.Inffeldgasse25C_5.Inffeldgasse25C_5_DataBase;
record Inffeldgasse25C_5_Laboratory "Inffeldgasse25C_5_Laboratory"
  extends AixLib.DataBase.ThermalZones.ZoneBaseRecord(
    T_start = 293.15,
    withAirCap = true,
    VAir = 67.27547069288492,
    AZone = 9.29204794921875,
    alphaRad = 5.0,
    lat = 0.88645272708792,
    nOrientations = 7,
    AWin = {1.7459283757586805, 0.0, 0.41057360711523705, 0.3753854176190527, 0.08966721115809302, 0.4774962000135382, 1.1859369343783965},
    ATransparent = {1.7459283757586805, 0.0, 0.41057360711523705, 0.3753854176190527, 0.08966721115809302, 0.4774962000135382, 1.1859369343783965},
    alphaWin = 2.7,
    RWin = 0.0381016973206557,
    gWin = 0.7799999999999999,
    UWin= 3.0017821341055915,
    ratioWinConRad = 0.03,
    AExt = {21.847698323682955, 9.292047949218748, 5.137718380928507, 4.697390496151931, 1.122051858545867, 5.975155151520764, 14.840237854518854},
    alphaExt = 2.552301569850933,
    nExt = 1,
    RExt = {0.0004647904069254319},
    RExtRem = 0.012660477895206013 ,
    CExt = {23372036.10991173},
    AInt = 33.63773534644246,
    alphaInt = 2.7000000000000006,
    nInt = 1,
    RInt = {0.0006135748837367595},
    CInt = {4995083.758662792},
    AFloor = 0.0,
    alphaFloor = 0.0,
    nFloor = 1,
    RFloor = {0.00001},
    RFloorRem =  0.00001,
    CFloor = {0.00001},
    ARoof = 0.0,
    alphaRoof = 0.0,
    nRoof = 1,
    RRoof = {0.00001},
    RRoofRem = 0.00001,
    CRoof = {0.00001},
    nOrientationsRoof = 1,
    tiltRoof = {0.0},
    aziRoof = {0.0},
    wfRoof = {0.0},
    aRoof = 0.0,
    aExt = 0.5,
    TSoil = 286.15,
    alphaWallOut = 19.999999999999996,
    alphaRadWall = 5.0,
    alphaWinOut = 20.0,
    alphaRoofOut = 0.0,
    alphaRadRoof = 0.0,
    tiltExtWalls = {1.5707963267948966, 0.0, 1.5707963267948966, 1.5707963267948966, 1.5707963267948966, 1.5707963267948966, 1.5707963267948966},
    aziExtWalls = {-2.1052894531294424, 0.0, -0.5163502107200649, 2.6451050432923715, 1.056492630618538, 1.056492630527516, 1.0564926305234126},
    wfWall = {0.32764107702399636, 0.0, 0.07704828027347246, 0.07044486144763179, 0.016826956961971257, 0.08960698011412879, 0.2225530324480966},
    wfWin = {0.40745236141479524, 0.0, 0.09581675175019674, 0.08760478205934309, 0.020925896752189505, 0.1114346710686595, 0.27676553695481587},
    wfGro = 0.1958788117307028,
    nrPeople = 0.557522876953125,
    ratioConvectiveHeatPeople = 0.5,
    nrPeopleMachines = 1.672568630859375,
    ratioConvectiveHeatMachines = 0.75,
    lightingPower = 14.0,
    ratioConvectiveHeatLighting = 0.9,
    useConstantACHrate = false,
    baseACH = 0.2,
    maxUserACH = 1.0,
    maxOverheatingACH = {3.0, 2.0},
    maxSummerACH = {1.0, 283.15, 290.15},
    winterReduction = {0.2, 273.15, 283.15},
    withAHU = false,
    minAHU = 24.0,
    maxAHU = 48.0,
    hHeat = 2277.3859489928336,
    lHeat = 0,
    KRHeat = 10000,
    TNHeat = 1,
    HeaterOn = true,
    hCool = 0,
    lCool = 0.0,
    KRCool = 10000,
    TNCool = 1,
    CoolerOn = false);
end Inffeldgasse25C_5_Laboratory;
