 
within Inffeldgasse.Inffeldgasse25C_5.Inffeldgasse25C_5_DataBase;
record Inffeldgasse25C_5_Floor "Inffeldgasse25C_5_Floor"
  extends AixLib.DataBase.ThermalZones.ZoneBaseRecord(
    T_start = 293.15,
    withAirCap = true,
    VAir = 70.30378058825731,
    AZone = 9.71031630859375,
    alphaRad = 4.999999999999999,
    lat = 0.88645272708792,
    nOrientations = 7,
    AWin = {1.8245188653155324, 0.0, 0.4290549957164662, 0.39228285977807875, 0.09370345349194588, 0.4989900142167088, 1.2393202034462638},
    ATransparent = {1.8245188653155324, 0.0, 0.4290549957164662, 0.39228285977807875, 0.09370345349194588, 0.4989900142167088, 1.2393202034462638},
    alphaWin = 2.7,
    RWin = 0.03646048050327877,
    gWin = 0.7799999999999999,
    UWin= 3.001782134105591,
    ratioWinConRad = 0.030000000000000002,
    AExt = {22.831141476786264, 9.710316308593749, 5.368985486938483, 4.908836866952716, 1.17255943153435, 6.244118286009087, 15.50825011339514},
    alphaExt = 2.552301569850933,
    nExt = 1,
    RExt = {0.0004447697284243735},
    RExtRem = 0.01211513239359298 ,
    CExt = {24424095.166469645},
    AInt = 456.97457382367253,
    alphaInt = 2.6999999999999997,
    nInt = 1,
    RInt = {4.51650282895721e-05},
    CInt = {50881193.70590629},
    AFloor = 0.0,
    alphaFloor = 0.0,
    nFloor = 1,
    RFloor = {0.00001},
    RFloorRem =  0.00001,
    CFloor = {0.00001},
    ARoof = 0.0,
    alphaRoof = 0.0,
    nRoof = 1,
    RRoof = {0.00001},
    RRoofRem = 0.00001,
    CRoof = {0.00001},
    nOrientationsRoof = 1,
    tiltRoof = {0.0},
    aziRoof = {0.0},
    wfRoof = {0.0},
    aRoof = 0.0,
    aExt = 0.5,
    TSoil = 286.15,
    alphaWallOut = 20.0,
    alphaRadWall = 5.0,
    alphaWinOut = 19.999999999999996,
    alphaRoofOut = 0.0,
    alphaRadRoof = 0.0,
    tiltExtWalls = {1.5707963267948966, 0.0, 1.5707963267948966, 1.5707963267948966, 1.5707963267948966, 1.5707963267948966, 1.5707963267948966},
    aziExtWalls = {-2.1052894531294424, 0.0, -0.5163502107200649, 2.6451050432923715, 1.056492630618538, 1.056492630527516, 1.0564926305234126},
    wfWall = {0.32764107702399636, 0.0, 0.07704828027347245, 0.07044486144763178, 0.016826956961971253, 0.08960698011412876, 0.22255303244809657},
    wfWin = {0.4074523614147953, 0.0, 0.09581675175019677, 0.08760478205934312, 0.020925896752189515, 0.11143467106865954, 0.27676553695481587},
    wfGro = 0.1958788117307028,
    nrPeople = 0.0,
    ratioConvectiveHeatPeople = 0.5,
    nrPeopleMachines = 0.0,
    ratioConvectiveHeatMachines = 0.75,
    lightingPower = 7.0,
    ratioConvectiveHeatLighting = 0.9,
    useConstantACHrate = false,
    baseACH = 0.2,
    maxUserACH = 1.0,
    maxOverheatingACH = {3.0, 2.0},
    maxSummerACH = {1.0, 283.15, 290.15},
    winterReduction = {0.2, 273.15, 283.15},
    withAHU = false,
    minAHU = 0.0,
    maxAHU = 2.0,
    hHeat = 2379.8992474341103,
    lHeat = 0,
    KRHeat = 10000,
    TNHeat = 1,
    HeaterOn = true,
    hCool = 0,
    lCool = 0.0,
    KRCool = 10000,
    TNCool = 1,
    CoolerOn = false);
end Inffeldgasse25C_5_Floor;
