 
within Inffeldgasse.Inffeldgasse25C_5.Inffeldgasse25C_5_DataBase;
record Inffeldgasse25C_5_Storage "Inffeldgasse25C_5_Storage"
  extends AixLib.DataBase.ThermalZones.ZoneBaseRecord(
    T_start = 293.15,
    withAirCap = true,
    VAir = 234.95507808923725,
    AZone = 32.451855468750004,
    alphaRad = 5.000000000000001,
    lat = 0.88645272708792,
    nOrientations = 7,
    AWin = {6.09753798285919, 0.0, 1.4339008397505375, 1.3110084433727107, 0.313156732798928, 1.6676235157632309, 4.1418053587138415},
    ATransparent = {6.09753798285919, 0.0, 1.4339008397505375, 1.3110084433727107, 0.313156732798928, 1.6676235157632309, 4.1418053587138415},
    alphaWin = 2.7000000000000006,
    RWin = 0.010909785999481078,
    gWin = 0.7800000000000001,
    UWin= 3.001782134105592,
    ratioWinConRad = 0.030000000000000002,
    AExt = {76.30162394767042, 32.451855468750004, 17.943137535256724, 16.405321872474733, 3.918691007727127, 20.867829399956108, 51.82853732660836},
    alphaExt = 2.5523015698509335,
    nExt = 1,
    RExt = {0.00013308498651631525},
    RExtRem = 0.0036251168373273206 ,
    CExt = {81625271.62949382},
    AInt = 469.9101561784745,
    alphaInt = 2.7000000000000006,
    nInt = 1,
    RInt = {4.3921735427489694e-05},
    CInt = {52321488.0005892},
    AFloor = 0.0,
    alphaFloor = 0.0,
    nFloor = 1,
    RFloor = {0.00001},
    RFloorRem =  0.00001,
    CFloor = {0.00001},
    ARoof = 0.0,
    alphaRoof = 0.0,
    nRoof = 1,
    RRoof = {0.00001},
    RRoofRem = 0.00001,
    CRoof = {0.00001},
    nOrientationsRoof = 1,
    tiltRoof = {0.0},
    aziRoof = {0.0},
    wfRoof = {0.0},
    aRoof = 0.0,
    aExt = 0.5,
    TSoil = 286.15,
    alphaWallOut = 20.0,
    alphaRadWall = 5.0,
    alphaWinOut = 20.0,
    alphaRoofOut = 0.0,
    alphaRadRoof = 0.0,
    tiltExtWalls = {1.5707963267948966, 0.0, 1.5707963267948966, 1.5707963267948966, 1.5707963267948966, 1.5707963267948966, 1.5707963267948966},
    aziExtWalls = {-2.1052894531294424, 0.0, -0.5163502107200649, 2.6451050432923715, 1.056492630618538, 1.056492630527516, 1.0564926305234126},
    wfWall = {0.32764107702399636, 0.0, 0.07704828027347245, 0.07044486144763178, 0.016826956961971253, 0.08960698011412875, 0.22255303244809663},
    wfWin = {0.4074523614147953, 0.0, 0.09581675175019674, 0.0876047820593431, 0.020925896752189505, 0.11143467106865954, 0.27676553695481576},
    wfGro = 0.1958788117307028,
    nrPeople = 0.0,
    ratioConvectiveHeatPeople = 0.5,
    nrPeopleMachines = 0.0,
    ratioConvectiveHeatMachines = 0.75,
    lightingPower = 11.3,
    ratioConvectiveHeatLighting = 0.9,
    useConstantACHrate = false,
    baseACH = 0.2,
    maxUserACH = 1.0,
    maxOverheatingACH = {3.0, 2.0},
    maxSummerACH = {1.0, 283.15, 290.15},
    winterReduction = {0.2, 273.15, 283.15},
    withAHU = false,
    minAHU = 0.0,
    maxAHU = 0.5,
    hHeat = 7953.61798251281,
    lHeat = 0,
    KRHeat = 10000,
    TNHeat = 1,
    HeaterOn = true,
    hCool = 0,
    lCool = 0.0,
    KRCool = 10000,
    TNCool = 1,
    CoolerOn = false);
end Inffeldgasse25C_5_Storage;
