 
within Inffeldgasse.Inffeldgasse25C_5.Inffeldgasse25C_5_DataBase;
record Inffeldgasse25C_5_Office "Inffeldgasse25C_5_Office"
  extends AixLib.DataBase.ThermalZones.ZoneBaseRecord(
    T_start = 293.15,
    withAirCap = true,
    VAir = 85.62807290363313,
    AZone = 11.8268984375,
    alphaRad = 4.999999999999999,
    lat = 0.88645272708792,
    nOrientations = 7,
    AWin = {2.222213842642015, 0.0, 0.5225771949313068, 0.47778974380694333, 0.11412823150894262, 0.6077561257448217, 1.5094579529534888},
    ATransparent = {2.222213842642015, 0.0, 0.5225771949313068, 0.47778974380694333, 0.11412823150894262, 0.6077561257448217, 1.5094579529534888},
    alphaWin = 2.6999999999999997,
    RWin = 0.02993538841321028,
    gWin = 0.78,
    UWin= 3.001782134105591,
    ratioWinConRad = 0.03,
    AExt = {27.807702949817656, 11.826898437499999, 6.539276790626894, 5.978828415746346, 1.4281451672605525, 7.605164492428447, 18.88862249236393},
    alphaExt = 2.552301569850933,
    nExt = 1,
    RExt = {0.00036517221909964596},
    RExtRem = 0.00994696693169082 ,
    CExt = {29747876.77163773},
    AInt = 299.6982551627159,
    alphaInt = 2.7,
    nInt = 1,
    RInt = {6.886683255181312e-05},
    CInt = {33369482.34704244},
    AFloor = 0.0,
    alphaFloor = 0.0,
    nFloor = 1,
    RFloor = {0.00001},
    RFloorRem =  0.00001,
    CFloor = {0.00001},
    ARoof = 0.0,
    alphaRoof = 0.0,
    nRoof = 1,
    RRoof = {0.00001},
    RRoofRem = 0.00001,
    CRoof = {0.00001},
    nOrientationsRoof = 1,
    tiltRoof = {0.0},
    aziRoof = {0.0},
    wfRoof = {0.0},
    aRoof = 0.0,
    aExt = 0.5,
    TSoil = 286.15,
    alphaWallOut = 19.999999999999996,
    alphaRadWall = 5.0,
    alphaWinOut = 20.0,
    alphaRoofOut = 0.0,
    alphaRadRoof = 0.0,
    tiltExtWalls = {1.5707963267948966, 0.0, 1.5707963267948966, 1.5707963267948966, 1.5707963267948966, 1.5707963267948966, 1.5707963267948966},
    aziExtWalls = {-2.1052894531294424, 0.0, -0.5163502107200649, 2.6451050432923715, 1.056492630618538, 1.056492630527516, 1.0564926305234126},
    wfWall = {0.32764107702399625, 0.0, 0.07704828027347245, 0.07044486144763178, 0.016826956961971257, 0.08960698011412876, 0.22255303244809654},
    wfWin = {0.40745236141479524, 0.0, 0.09581675175019676, 0.0876047820593431, 0.02092589675218951, 0.11143467106865951, 0.2767655369548159},
    wfGro = 0.1958788117307028,
    nrPeople = 0.5913449218750001,
    ratioConvectiveHeatPeople = 0.5,
    nrPeopleMachines = 0.8278828906250001,
    ratioConvectiveHeatMachines = 0.75,
    lightingPower = 12.5,
    ratioConvectiveHeatLighting = 0.9,
    useConstantACHrate = false,
    baseACH = 0.2,
    maxUserACH = 1.0,
    maxOverheatingACH = {3.0, 2.0},
    maxSummerACH = {1.0, 283.15, 290.15},
    winterReduction = {0.2, 273.15, 283.15},
    withAHU = false,
    minAHU = 0.0,
    maxAHU = 2.6,
    hHeat = 2898.6518869602237,
    lHeat = 0,
    KRHeat = 10000,
    TNHeat = 1,
    HeaterOn = true,
    hCool = 0,
    lCool = 0.0,
    KRCool = 10000,
    TNCool = 1,
    CoolerOn = false);
end Inffeldgasse25C_5_Office;
