 
within Inffeldgasse.Inffeldgasse25C_5.Inffeldgasse25C_5_DataBase;
record Inffeldgasse25C_5_Storage "Inffeldgasse25C_5_Storage"
  extends AixLib.DataBase.ThermalZones.ZoneBaseRecord(
    T_start = 293.15,
    withAirCap = true,
    VAir = 5.95219531159401,
    AZone = 0.8221136718750001,
    alphaRad = 4.999999999999999,
    lat = 0.88645272708792,
    nOrientations = 7,
    AWin = {0.15447096223243276, 0.0, 0.036325487940346936, 0.03321221389877533, 0.00793330389757284, 0.04224646239933517, 0.10492573575408398},
    ATransparent = {0.15447096223243276, 0.0, 0.036325487940346936, 0.03321221389877533, 0.00793330389757284, 0.04224646239933517, 0.10492573575408398},
    alphaWin = 2.6999999999999997,
    RWin = 0.4306494473479374,
    gWin = 0.78,
    UWin= 3.0017821341055915,
    ratioWinConRad = 0.03,
    AExt = {1.9329744733409833, 0.8221136718749998, 0.4545594842265036, 0.4156014874360265, 0.09927350552908719, 0.5286516781322212, 1.312989612274078},
    alphaExt = 2.5523015698509335,
    nExt = 1,
    RExt = {0.00525335473090718},
    RExtRem = 0.1430967172629206 ,
    CExt = {2067840.2146138442},
    AInt = 14.880488278985025,
    alphaInt = 2.7000000000000006,
    nInt = 1,
    RInt = {0.001387002171394412},
    CInt = {1656847.1200186578},
    AFloor = 0.0,
    alphaFloor = 0.0,
    nFloor = 1,
    RFloor = {0.00001},
    RFloorRem =  0.00001,
    CFloor = {0.00001},
    ARoof = 0.0,
    alphaRoof = 0.0,
    nRoof = 1,
    RRoof = {0.00001},
    RRoofRem = 0.00001,
    CRoof = {0.00001},
    nOrientationsRoof = 1,
    tiltRoof = {0.0},
    aziRoof = {0.0},
    wfRoof = {0.0},
    aRoof = 0.0,
    aExt = 0.5,
    TSoil = 286.15,
    alphaWallOut = 20.0,
    alphaRadWall = 4.999999999999999,
    alphaWinOut = 20.0,
    alphaRoofOut = 0.0,
    alphaRadRoof = 0.0,
    tiltExtWalls = {1.5707963267948966, 0.0, 1.5707963267948966, 1.5707963267948966, 1.5707963267948966, 1.5707963267948966, 1.5707963267948966},
    aziExtWalls = {-2.1052894531294424, 0.0, -0.5163502107200649, 2.6451050432923715, 1.056492630618538, 1.056492630527516, 1.0564926305234126},
    wfWall = {0.32764107702399625, 0.0, 0.07704828027347245, 0.07044486144763179, 0.016826956961971253, 0.08960698011412878, 0.2225530324480966},
    wfWin = {0.40745236141479524, 0.0, 0.09581675175019676, 0.08760478205934309, 0.020925896752189508, 0.11143467106865954, 0.27676553695481587},
    wfGro = 0.19587881173070282,
    nrPeople = 0.0,
    ratioConvectiveHeatPeople = 0.5,
    nrPeopleMachines = 0.0,
    ratioConvectiveHeatMachines = 0.75,
    lightingPower = 11.3,
    ratioConvectiveHeatLighting = 0.9,
    useConstantACHrate = false,
    baseACH = 0.2,
    maxUserACH = 1.0,
    maxOverheatingACH = {3.0, 2.0},
    maxSummerACH = {1.0, 283.15, 290.15},
    winterReduction = {0.2, 273.15, 283.15},
    withAHU = false,
    minAHU = 0.0,
    maxAHU = 0.5,
    hHeat = 201.49165555699116,
    lHeat = 0,
    KRHeat = 10000,
    TNHeat = 1,
    HeaterOn = true,
    hCool = 0,
    lCool = 0.0,
    KRCool = 10000,
    TNCool = 1,
    CoolerOn = false);
end Inffeldgasse25C_5_Storage;
