 
within Inffeldgasse.Inffeldgasse25E_1.Inffeldgasse25E_1_DataBase;
record Inffeldgasse25E_1_Floor "Inffeldgasse25E_1_Floor"
  extends AixLib.DataBase.ThermalZones.ZoneBaseRecord(
    T_start = 293.15,
    withAirCap = true,
    VAir = 747.5154747712933,
    AZone = 122.94195895996093,
    alphaRad = 5.0,
    lat = 0.88645272708792,
    nOrientations = 13,
    AWin = {2.553092320441398, 2.459778025886978, 1.806454613678645, 1.6832765461493657, 1.6910119531641719, 0.0, 0.0, 0.588084315419969, 0.5929617416765505, 0.1829930865894875, 1.2857463502165656, 0.022682508684004767, 1.3146330428596527},
    ATransparent = {2.553092320441398, 2.459778025886978, 1.806454613678645, 1.6832765461493657, 1.6910119531641719, 0.0, 0.0, 0.588084315419969, 0.5929617416765505, 0.1829930865894875, 1.2857463502165656, 0.022682508684004767, 1.3146330428596527},
    alphaWin = 2.7,
    RWin = 0.011513193222215145,
    gWin = 0.78,
    UWin= 3.0017821341055915,
    ratioWinConRad = 0.030000000000000002,
    AExt = {31.948155253091013, 30.780465567180293, 22.605094219816557, 21.063703807220445, 21.160500927432746, 122.94195895996096, 122.94195895996096, 7.359001028093125, 7.420034767466025, 2.289886461917101, 16.08920432838567, 0.28383787893768125, 16.450678347135657},
    alphaExt = 2.119173421390868,
    nExt = 1,
    RExt = {7.236793681258078e-05},
    RExtRem = 0.0018324144204136454 ,
    CExt = {130843222.36321685},
    AInt = 4858.850586013406,
    alphaInt = 2.7000000000000006,
    nInt = 1,
    RInt = {4.247767900863865e-06},
    CInt = {541001911.3019577},
    AFloor = 0.0,
    alphaFloor = 0.0,
    nFloor = 1,
    RFloor = {0.00001},
    RFloorRem =  0.00001,
    CFloor = {0.00001},
    ARoof = 0.0,
    alphaRoof = 0.0,
    nRoof = 1,
    RRoof = {0.00001},
    RRoofRem = 0.00001,
    CRoof = {0.00001},
    nOrientationsRoof = 1,
    tiltRoof = {0.0},
    aziRoof = {0.0},
    wfRoof = {0.0},
    aRoof = 0.0,
    aExt = 0.5,
    TSoil = 286.15,
    alphaWallOut = 20.0,
    alphaRadWall = 5.0,
    alphaWinOut = 20.000000000000004,
    alphaRoofOut = 0.0,
    alphaRadRoof = 0.0,
    tiltExtWalls = {1.5707963267948966, 1.5707963267948966, 1.5707963267948966, 1.5707963267948966, 1.5707963267948966, 0.0, 0.0, 1.5707963267948966, 1.5707963267948966, 1.5707963267948966, 1.5707963267948966, 1.5707963267948966, 1.5707963267948966},
    aziExtWalls = {2.615390204871041, 2.6131083496181513, -0.52884562532857, -0.5288456253580713, -0.5288456253606211, 0.0, 0.0, -2.0833779839788114, 1.0507821572787768, 2.6322915098718425, -2.0883688782367953, -2.08836887842652, 1.0449940853307342},
    wfWall = {0.07000854782551028, 0.06744976912377205, 0.049534935812454474, 0.04615726021387426, 0.04636937342560965, 0.23245519162606068, 0.0, 0.016125906843193753, 0.016259651136972468, 0.005017867999392598, 0.03525655305525713, 0.0006219788768673118, 0.036048657354515214},
    wfWin = {0.18003975184629709, 0.17345938563674868, 0.12738812371347108, 0.11870181474872364, 0.11924730256685905, 0.0, 0.0, 0.041470711170603344, 0.041814659019983005, 0.01290436293093519, 0.0906686577594075, 0.0015995321446165588, 0.09270569846235494},
    wfGro = 0.3786943067065201,
    nrPeople = 0.0,
    ratioConvectiveHeatPeople = 0.5,
    nrPeopleMachines = 0.0,
    ratioConvectiveHeatMachines = 0.75,
    lightingPower = 7.0,
    ratioConvectiveHeatLighting = 0.9,
    useConstantACHrate = false,
    baseACH = 0.2,
    maxUserACH = 1.0,
    maxOverheatingACH = {3.0, 2.0},
    maxSummerACH = {1.0, 283.15, 290.15},
    winterReduction = {0.2, 273.15, 283.15},
    withAHU = false,
    minAHU = 0.0,
    maxAHU = 2.0,
    hHeat = 12789.878489281218,
    lHeat = 0,
    KRHeat = 10000,
    TNHeat = 1,
    HeaterOn = true,
    hCool = 0,
    lCool = 0.0,
    KRCool = 10000,
    TNCool = 1,
    CoolerOn = false);
end Inffeldgasse25E_1_Floor;
