 
within Inffeldgasse.Inffeldgasse25E_1.Inffeldgasse25E_1_DataBase;
record Inffeldgasse25E_1_Storage "Inffeldgasse25E_1_Storage"
  extends AixLib.DataBase.ThermalZones.ZoneBaseRecord(
    T_start = 293.15,
    withAirCap = true,
    VAir = 2498.1950512222948,
    AZone = 410.8717529296875,
    alphaRad = 5.0,
    lat = 0.88645272708792,
    nOrientations = 13,
    AWin = {8.532428846629255, 8.220572682132492, 6.037167294135836, 5.625506466893536, 5.651358179902543, 0.0, 0.0, 1.965376471882555, 1.9816768195651522, 0.6115624876737422, 4.296961437782803, 0.07580489348534827, 4.393500700236493},
    ATransparent = {8.532428846629255, 8.220572682132492, 6.037167294135836, 5.625506466893536, 5.651358179902543, 0.0, 0.0, 1.965376471882555, 1.9816768195651522, 0.6115624876737422, 4.296961437782803, 0.07580489348534827, 4.393500700236493},
    alphaWin = 2.7000000000000006,
    RWin = 0.003445003260825043,
    gWin = 0.7799999999999998,
    UWin= 3.001782134105591,
    ratioWinConRad = 0.029999999999999995,
    AExt = {106.77066367538772, 102.86824734668498, 75.5461745185106, 70.39485119382994, 70.71834695391561, 410.8717529296876, 410.8717529296876, 24.593765040043863, 24.797739661045018, 7.652795453863316, 53.77008501874157, 0.948585559019358, 54.97813038404044},
    alphaExt = 2.119173421390868,
    nExt = 1,
    RExt = {2.165409487069775e-05},
    RExtRem = 0.0005482991149082163 ,
    CExt = {437277757.619366},
    AInt = 4996.39010244459,
    alphaInt = 2.7000000000000006,
    nInt = 1,
    RInt = {4.130836290037304e-06},
    CInt = {556316056.0675966},
    AFloor = 0.0,
    alphaFloor = 0.0,
    nFloor = 1,
    RFloor = {0.00001},
    RFloorRem =  0.00001,
    CFloor = {0.00001},
    ARoof = 0.0,
    alphaRoof = 0.0,
    nRoof = 1,
    RRoof = {0.00001},
    RRoofRem = 0.00001,
    CRoof = {0.00001},
    nOrientationsRoof = 1,
    tiltRoof = {0.0},
    aziRoof = {0.0},
    wfRoof = {0.0},
    aRoof = 0.0,
    aExt = 0.5,
    TSoil = 286.15,
    alphaWallOut = 20.000000000000004,
    alphaRadWall = 5.000000000000001,
    alphaWinOut = 20.0,
    alphaRoofOut = 0.0,
    alphaRadRoof = 0.0,
    tiltExtWalls = {1.5707963267948966, 1.5707963267948966, 1.5707963267948966, 1.5707963267948966, 1.5707963267948966, 0.0, 0.0, 1.5707963267948966, 1.5707963267948966, 1.5707963267948966, 1.5707963267948966, 1.5707963267948966, 1.5707963267948966},
    aziExtWalls = {2.615390204871041, 2.6131083496181513, -0.52884562532857, -0.5288456253580713, -0.5288456253606211, 0.0, 0.0, -2.0833779839788114, 1.0507821572787768, 2.6322915098718425, -2.0883688782367953, -2.08836887842652, 1.0449940853307342},
    wfWall = {0.07000854782551029, 0.06744976912377205, 0.049534935812454474, 0.04615726021387425, 0.046369373425609664, 0.23245519162606076, 0.0, 0.016125906843193753, 0.016259651136972475, 0.005017867999392597, 0.035256553055257135, 0.0006219788768673118, 0.03604865735451522},
    wfWin = {0.18003975184629714, 0.1734593856367487, 0.12738812371347105, 0.11870181474872366, 0.11924730256685906, 0.0, 0.0, 0.04147071117060336, 0.04181465901998301, 0.01290436293093519, 0.0906686577594075, 0.0015995321446165595, 0.09270569846235495},
    wfGro = 0.3786943067065202,
    nrPeople = 0.0,
    ratioConvectiveHeatPeople = 0.5,
    nrPeopleMachines = 0.0,
    ratioConvectiveHeatMachines = 0.75,
    lightingPower = 11.3,
    ratioConvectiveHeatLighting = 0.9,
    useConstantACHrate = false,
    baseACH = 0.2,
    maxUserACH = 1.0,
    maxOverheatingACH = {3.0, 2.0},
    maxSummerACH = {1.0, 283.15, 290.15},
    winterReduction = {0.2, 273.15, 283.15},
    withAHU = false,
    minAHU = 0.0,
    maxAHU = 0.5,
    hHeat = 42743.74541534755,
    lHeat = 0,
    KRHeat = 10000,
    TNHeat = 1,
    HeaterOn = true,
    hCool = 0,
    lCool = 0.0,
    KRCool = 10000,
    TNCool = 1,
    CoolerOn = false);
end Inffeldgasse25E_1_Storage;
