 
within Inffeldgasse.Inffeldgasse25E_1.Inffeldgasse25E_1_DataBase;
record Inffeldgasse25E_1_ICT "Inffeldgasse25E_1_ICT"
  extends AixLib.DataBase.ThermalZones.ZoneBaseRecord(
    T_start = 293.15,
    withAirCap = true,
    VAir = 101.87084264428692,
    AZone = 16.754437036132813,
    alphaRad = 4.999999999999999,
    lat = 0.88645272708792,
    nOrientations = 13,
    AWin = {0.34793348741254854, 0.3352166860380694, 0.2461822663275391, 0.22939565259443645, 0.2304498280026926, 0.0, 0.0, 0.08014368502009975, 0.08080837697560121, 0.024938159219584824, 0.17522053862958767, 0.0030911551010136466, 0.17915719522075477},
    ATransparent = {0.34793348741254854, 0.3352166860380694, 0.2461822663275391, 0.22939565259443645, 0.2304498280026926, 0.0, 0.0, 0.08014368502009975, 0.08080837697560121, 0.024938159219584824, 0.17522053862958767, 0.0030911551010136466, 0.17915719522075477},
    alphaWin = 2.7000000000000006,
    RWin = 0.08448236879407461,
    gWin = 0.78,
    UWin= 3.001782134105591,
    ratioWinConRad = 0.030000000000000002,
    AExt = {4.3538703965408105, 4.194738530692599, 3.0806051164770434, 2.870545598681732, 2.883737036898559, 16.754437036132817, 16.754437036132817, 1.0028790855217888, 1.0111967172892802, 0.31206399239642635, 2.1926245779864617, 0.038681211128900495, 2.241885983438094},
    alphaExt = 2.119173421390868,
    nExt = 1,
    RExt = {0.0005310268496901357},
    RExtRem = 0.013446027341073422 ,
    CExt = {17831215.22736748},
    AInt = 101.87084264428694,
    alphaInt = 2.7,
    nInt = 1,
    RInt = {0.00020260232485196585},
    CInt = {11342666.25426711},
    AFloor = 0.0,
    alphaFloor = 0.0,
    nFloor = 1,
    RFloor = {0.00001},
    RFloorRem =  0.00001,
    CFloor = {0.00001},
    ARoof = 0.0,
    alphaRoof = 0.0,
    nRoof = 1,
    RRoof = {0.00001},
    RRoofRem = 0.00001,
    CRoof = {0.00001},
    nOrientationsRoof = 1,
    tiltRoof = {0.0},
    aziRoof = {0.0},
    wfRoof = {0.0},
    aRoof = 0.0,
    aExt = 0.5,
    TSoil = 286.15,
    alphaWallOut = 20.0,
    alphaRadWall = 4.999999999999999,
    alphaWinOut = 20.0,
    alphaRoofOut = 0.0,
    alphaRadRoof = 0.0,
    tiltExtWalls = {1.5707963267948966, 1.5707963267948966, 1.5707963267948966, 1.5707963267948966, 1.5707963267948966, 0.0, 0.0, 1.5707963267948966, 1.5707963267948966, 1.5707963267948966, 1.5707963267948966, 1.5707963267948966, 1.5707963267948966},
    aziExtWalls = {2.615390204871041, 2.6131083496181513, -0.52884562532857, -0.5288456253580713, -0.5288456253606211, 0.0, 0.0, -2.0833779839788114, 1.0507821572787768, 2.6322915098718425, -2.0883688782367953, -2.08836887842652, 1.0449940853307342},
    wfWall = {0.07000854782551029, 0.06744976912377207, 0.049534935812454474, 0.04615726021387425, 0.046369373425609664, 0.2324551916260607, 0.0, 0.016125906843193753, 0.01625965113697247, 0.005017867999392596, 0.03525655305525713, 0.0006219788768673119, 0.03604865735451521},
    wfWin = {0.18003975184629709, 0.17345938563674868, 0.12738812371347108, 0.11870181474872366, 0.11924730256685906, 0.0, 0.0, 0.041470711170603344, 0.04181465901998301, 0.01290436293093519, 0.0906686577594075, 0.001599532144616559, 0.09270569846235495},
    wfGro = 0.37869430670652016,
    nrPeople = 0.5026331110839843,
    ratioConvectiveHeatPeople = 0.5,
    nrPeopleMachines = 25.13165555419922,
    ratioConvectiveHeatMachines = 0.75,
    lightingPower = 7.1,
    ratioConvectiveHeatLighting = 0.9,
    useConstantACHrate = false,
    baseACH = 0.2,
    maxUserACH = 1.0,
    maxOverheatingACH = {3.0, 2.0},
    maxSummerACH = {1.0, 283.15, 290.15},
    winterReduction = {0.2, 273.15, 283.15},
    withAHU = false,
    minAHU = 0.0,
    maxAHU = 130.0,
    hHeat = 1742.9949519369502,
    lHeat = 0,
    KRHeat = 10000,
    TNHeat = 1,
    HeaterOn = true,
    hCool = 0,
    lCool = 0.0,
    KRCool = 10000,
    TNCool = 1,
    CoolerOn = false);
end Inffeldgasse25E_1_ICT;
