 
within Inffeldgasse.Inffeldgasse25E_1.Inffeldgasse25E_1_DataBase;
record Inffeldgasse25E_1_Restroom "Inffeldgasse25E_1_Restroom"
  extends AixLib.DataBase.ThermalZones.ZoneBaseRecord(
    T_start = 293.15,
    withAirCap = true,
    VAir = 81.60770500659497,
    AZone = 13.421810595703125,
    alphaRad = 5.0,
    lat = 0.88645272708792,
    nOrientations = 13,
    AWin = {0.27872600898988903, 0.2685387076163281, 0.19721413160843732, 0.18376654458518885, 0.1846110338768164, 0.0, 0.0, 0.0642022980814968, 0.06473477610579498, 0.01997770793067558, 0.14036740696757158, 0.0024762931871880438, 0.1435210228743921},
    ATransparent = {0.27872600898988903, 0.2685387076163281, 0.19721413160843732, 0.18376654458518885, 0.1846110338768164, 0.0, 0.0, 0.0642022980814968, 0.06473477610579498, 0.01997770793067558, 0.14036740696757158, 0.0024762931871880438, 0.1435210228743921},
    alphaWin = 2.7,
    RWin = 0.10545928349464416,
    gWin = 0.78,
    UWin= 3.001782134105592,
    ratioWinConRad = 0.03,
    AExt = {3.4878416800626657, 3.3603627466583763, 2.467841700938013, 2.2995651389984446, 2.3101326671612434, 13.421810595703128, 13.421810595703128, 0.803396324641433, 0.8100594955941373, 0.249991318159535, 1.7564894439455578, 0.03098712826129903, 1.7959522592119879},
    alphaExt = 2.1191734213908675,
    nExt = 1,
    RExt = {0.0006628804552254413},
    RExtRem = 0.016784666782904578 ,
    CExt = {14284406.748899292},
    AInt = 204.01926251648743,
    alphaInt = 2.6999999999999997,
    nInt = 1,
    RInt = {0.0001011633377151993},
    CInt = {22716238.956093524},
    AFloor = 0.0,
    alphaFloor = 0.0,
    nFloor = 1,
    RFloor = {0.00001},
    RFloorRem =  0.00001,
    CFloor = {0.00001},
    ARoof = 0.0,
    alphaRoof = 0.0,
    nRoof = 1,
    RRoof = {0.00001},
    RRoofRem = 0.00001,
    CRoof = {0.00001},
    nOrientationsRoof = 1,
    tiltRoof = {0.0},
    aziRoof = {0.0},
    wfRoof = {0.0},
    aRoof = 0.0,
    aExt = 0.5,
    TSoil = 286.15,
    alphaWallOut = 20.0,
    alphaRadWall = 4.999999999999999,
    alphaWinOut = 19.999999999999996,
    alphaRoofOut = 0.0,
    alphaRadRoof = 0.0,
    tiltExtWalls = {1.5707963267948966, 1.5707963267948966, 1.5707963267948966, 1.5707963267948966, 1.5707963267948966, 0.0, 0.0, 1.5707963267948966, 1.5707963267948966, 1.5707963267948966, 1.5707963267948966, 1.5707963267948966, 1.5707963267948966},
    aziExtWalls = {2.615390204871041, 2.6131083496181513, -0.52884562532857, -0.5288456253580713, -0.5288456253606211, 0.0, 0.0, -2.0833779839788114, 1.0507821572787768, 2.6322915098718425, -2.0883688782367953, -2.08836887842652, 1.0449940853307342},
    wfWall = {0.07000854782551029, 0.06744976912377205, 0.04953493581245448, 0.04615726021387425, 0.046369373425609664, 0.2324551916260607, 0.0, 0.016125906843193757, 0.016259651136972468, 0.005017867999392597, 0.03525655305525713, 0.0006219788768673118, 0.036048657354515214},
    wfWin = {0.18003975184629706, 0.17345938563674865, 0.12738812371347102, 0.11870181474872363, 0.11924730256685902, 0.0, 0.0, 0.04147071117060334, 0.041814659019983, 0.012904362930935189, 0.09066865775940744, 0.0015995321446165586, 0.09270569846235492},
    wfGro = 0.3786943067065201,
    nrPeople = 0.0,
    ratioConvectiveHeatPeople = 0.5,
    nrPeopleMachines = 0.0,
    ratioConvectiveHeatMachines = 0.75,
    lightingPower = 11.1,
    ratioConvectiveHeatLighting = 0.9,
    useConstantACHrate = false,
    baseACH = 0.2,
    maxUserACH = 1.0,
    maxOverheatingACH = {3.0, 2.0},
    maxSummerACH = {1.0, 283.15, 290.15},
    winterReduction = {0.2, 273.15, 283.15},
    withAHU = false,
    minAHU = 0.0,
    maxAHU = 8.0,
    hHeat = 1396.2956835680202,
    lHeat = 0,
    KRHeat = 10000,
    TNHeat = 1,
    HeaterOn = true,
    hCool = 0,
    lCool = 0.0,
    KRCool = 10000,
    TNCool = 1,
    CoolerOn = false);
end Inffeldgasse25E_1_Restroom;
