 
within Inffeldgasse.Inffeldgasse25E_1.Inffeldgasse25E_1_DataBase;
record Inffeldgasse25E_1_Office "Inffeldgasse25E_1_Office"
  extends AixLib.DataBase.ThermalZones.ZoneBaseRecord(
    T_start = 293.15,
    withAirCap = true,
    VAir = 910.4533075565698,
    AZone = 149.73992773437502,
    alphaRad = 5.0,
    lat = 0.88645272708792,
    nOrientations = 13,
    AWin = {3.109596290771551, 2.995942044154953, 2.200212080529505, 2.0501845790456446, 2.0596060922311494, 0.0, 0.0, 0.7162705364194202, 0.7222111075748555, 0.22288055106331942, 1.5660037239919553, 0.02762667229243804, 1.6011869218639665},
    ATransparent = {3.109596290771551, 2.995942044154953, 2.200212080529505, 2.0501845790456446, 2.0596060922311494, 0.0, 0.0, 0.7162705364194202, 0.7222111075748555, 0.22288055106331942, 1.5660037239919553, 0.02762667229243804, 1.6011869218639665},
    alphaWin = 2.7000000000000006,
    RWin = 0.009452752849824811,
    gWin = 0.78,
    UWin= 3.0017821341055915,
    ratioWinConRad = 0.03,
    AExt = {38.91197520614131, 37.48976125523631, 27.532383602301643, 25.65501243508469, 25.772908667649247, 149.73992773437504, 149.73992773437504, 8.963061036815988, 9.03739845424752, 2.7890187876301864, 19.596208762385817, 0.34570673706483274, 20.036474184405854},
    alphaExt = 2.119173421390868,
    nExt = 1,
    RExt = {5.941672373057309e-05},
    RExtRem = 0.0015044792787115688 ,
    CExt = {159363449.44350234},
    AInt = 3186.5865764479945,
    alphaInt = 2.7,
    nInt = 1,
    RInt = {6.476921012253611e-06},
    CInt = {354806017.9808895},
    AFloor = 0.0,
    alphaFloor = 0.0,
    nFloor = 1,
    RFloor = {0.00001},
    RFloorRem =  0.00001,
    CFloor = {0.00001},
    ARoof = 0.0,
    alphaRoof = 0.0,
    nRoof = 1,
    RRoof = {0.00001},
    RRoofRem = 0.00001,
    CRoof = {0.00001},
    nOrientationsRoof = 1,
    tiltRoof = {0.0},
    aziRoof = {0.0},
    wfRoof = {0.0},
    aRoof = 0.0,
    aExt = 0.5,
    TSoil = 286.15,
    alphaWallOut = 20.0,
    alphaRadWall = 5.0,
    alphaWinOut = 20.0,
    alphaRoofOut = 0.0,
    alphaRadRoof = 0.0,
    tiltExtWalls = {1.5707963267948966, 1.5707963267948966, 1.5707963267948966, 1.5707963267948966, 1.5707963267948966, 0.0, 0.0, 1.5707963267948966, 1.5707963267948966, 1.5707963267948966, 1.5707963267948966, 1.5707963267948966, 1.5707963267948966},
    aziExtWalls = {2.615390204871041, 2.6131083496181513, -0.52884562532857, -0.5288456253580713, -0.5288456253606211, 0.0, 0.0, -2.0833779839788114, 1.0507821572787768, 2.6322915098718425, -2.0883688782367953, -2.08836887842652, 1.0449940853307342},
    wfWall = {0.07000854782551029, 0.06744976912377205, 0.049534935812454474, 0.046157260213874264, 0.04636937342560967, 0.23245519162606074, 0.0, 0.01612590684319376, 0.01625965113697247, 0.005017867999392597, 0.035256553055257135, 0.0006219788768673118, 0.036048657354515214},
    wfWin = {0.1800397518462971, 0.17345938563674868, 0.12738812371347108, 0.11870181474872366, 0.11924730256685906, 0.0, 0.0, 0.04147071117060335, 0.04181465901998301, 0.01290436293093519, 0.09066865775940748, 0.0015995321446165593, 0.09270569846235492},
    wfGro = 0.3786943067065201,
    nrPeople = 7.486996386718751,
    ratioConvectiveHeatPeople = 0.5,
    nrPeopleMachines = 10.481794941406251,
    ratioConvectiveHeatMachines = 0.75,
    lightingPower = 12.5,
    ratioConvectiveHeatLighting = 0.9,
    useConstantACHrate = false,
    baseACH = 0.2,
    maxUserACH = 1.0,
    maxOverheatingACH = {3.0, 2.0},
    maxSummerACH = {1.0, 283.15, 290.15},
    winterReduction = {0.2, 273.15, 283.15},
    withAHU = false,
    minAHU = 0.0,
    maxAHU = 2.6,
    hHeat = 15577.720551371109,
    lHeat = 0,
    KRHeat = 10000,
    TNHeat = 1,
    HeaterOn = true,
    hCool = 0,
    lCool = 0.0,
    KRCool = 10000,
    TNCool = 1,
    CoolerOn = false);
end Inffeldgasse25E_1_Office;
