 
within Inffeldgasse.Inffeldgasse25E_1.Inffeldgasse25E_1_DataBase;
record Inffeldgasse25E_1_Meeting "Inffeldgasse25E_1_Meeting"
  extends AixLib.DataBase.ThermalZones.ZoneBaseRecord(
    T_start = 293.15,
    withAirCap = true,
    VAir = 155.72082485952305,
    AZone = 25.611005932617186,
    alphaRad = 5.0,
    lat = 0.88645272708792,
    nOrientations = 13,
    AWin = {0.5318547314398903, 0.5124156971862587, 0.37631676133446706, 0.35065656976969706, 0.35226799321392516, 0.0, 0.0, 0.12250846674734593, 0.12352452175289448, 0.03812072839832993, 0.26784392962179476, 0.004725171693920042, 0.2738615436480747},
    ATransparent = {0.5318547314398903, 0.5124156971862587, 0.37631676133446706, 0.35065656976969706, 0.35226799321392516, 0.0, 0.0, 0.12250846674734593, 0.12352452175289448, 0.03812072839832993, 0.26784392962179476, 0.004725171693920042, 0.2738615436480747},
    alphaWin = 2.6999999999999997,
    RWin = 0.05526743199184562,
    gWin = 0.7799999999999998,
    UWin= 3.001782134105591,
    ratioWinConRad = 0.029999999999999992,
    AExt = {6.655371369099168, 6.412120751276697, 4.709044878320493, 4.387945724415399, 4.40811029346074, 25.611005932617193, 25.611005932617193, 1.5330113541627342, 1.5457257722051394, 0.47702424995748, 3.351668632834891, 0.05912849984553998, 3.4269701272718542},
    alphaExt = 2.119173421390868,
    nExt = 1,
    RExt = {0.00034739189632135444},
    RExtRem = 0.00879624248515855 ,
    CExt = {27256980.22494049},
    AInt = 311.44164971904615,
    alphaInt = 2.7000000000000006,
    nInt = 1,
    RInt = {6.627010090968939e-05},
    CInt = {34677034.161546856},
    AFloor = 0.0,
    alphaFloor = 0.0,
    nFloor = 1,
    RFloor = {0.00001},
    RFloorRem =  0.00001,
    CFloor = {0.00001},
    ARoof = 0.0,
    alphaRoof = 0.0,
    nRoof = 1,
    RRoof = {0.00001},
    RRoofRem = 0.00001,
    CRoof = {0.00001},
    nOrientationsRoof = 1,
    tiltRoof = {0.0},
    aziRoof = {0.0},
    wfRoof = {0.0},
    aRoof = 0.0,
    aExt = 0.5,
    TSoil = 286.15,
    alphaWallOut = 20.0,
    alphaRadWall = 5.0,
    alphaWinOut = 19.999999999999996,
    alphaRoofOut = 0.0,
    alphaRadRoof = 0.0,
    tiltExtWalls = {1.5707963267948966, 1.5707963267948966, 1.5707963267948966, 1.5707963267948966, 1.5707963267948966, 0.0, 0.0, 1.5707963267948966, 1.5707963267948966, 1.5707963267948966, 1.5707963267948966, 1.5707963267948966, 1.5707963267948966},
    aziExtWalls = {2.615390204871041, 2.6131083496181513, -0.52884562532857, -0.5288456253580713, -0.5288456253606211, 0.0, 0.0, -2.0833779839788114, 1.0507821572787768, 2.6322915098718425, -2.0883688782367953, -2.08836887842652, 1.0449940853307342},
    wfWall = {0.07000854782551026, 0.06744976912377203, 0.04953493581245445, 0.04615726021387425, 0.04636937342560966, 0.23245519162606068, 0.0, 0.01612590684319375, 0.016259651136972465, 0.005017867999392596, 0.035256553055257135, 0.0006219788768673115, 0.03604865735451521},
    wfWin = {0.1800397518462971, 0.1734593856367487, 0.12738812371347102, 0.11870181474872364, 0.11924730256685905, 0.0, 0.0, 0.04147071117060336, 0.04181465901998301, 0.012904362930935193, 0.0906686577594075, 0.001599532144616559, 0.09270569846235491},
    wfGro = 0.37869430670652,
    nrPeople = 6.146641423828125,
    ratioConvectiveHeatPeople = 0.5,
    nrPeopleMachines = 0.5122201186523437,
    ratioConvectiveHeatMachines = 0.75,
    lightingPower = 15.9,
    ratioConvectiveHeatLighting = 0.9,
    useConstantACHrate = false,
    baseACH = 0.2,
    maxUserACH = 1.0,
    maxOverheatingACH = {3.0, 2.0},
    maxSummerACH = {1.0, 283.15, 290.15},
    winterReduction = {0.2, 273.15, 283.15},
    withAHU = false,
    minAHU = 0.0,
    maxAHU = 12.0,
    hHeat = 2664.3601308899983,
    lHeat = 0,
    KRHeat = 10000,
    TNHeat = 1,
    HeaterOn = true,
    hCool = 0,
    lCool = 0.0,
    KRCool = 10000,
    TNCool = 1,
    CoolerOn = false);
end Inffeldgasse25E_1_Meeting;
