 
within Inffeldgasse.Inffeldgasse25E_1.Inffeldgasse25E_1_DataBase;
record Inffeldgasse25E_1_Storage "Inffeldgasse25E_1_Storage"
  extends AixLib.DataBase.ThermalZones.ZoneBaseRecord(
    T_start = 293.15,
    withAirCap = true,
    VAir = 63.28760796429815,
    AZone = 10.40875107421875,
    alphaRad = 5.0,
    lat = 0.88645272708792,
    nOrientations = 13,
    AWin = {0.21615486411460783, 0.20825450794735648, 0.1529415714514412, 0.14251283049463626, 0.1431677405575311, 0.0, 0.0, 0.0497895372876914, 0.050202479428983864, 0.01549291635440147, 0.10885635642383104, 0.0019203906349621565, 0.1113020177393245},
    ATransparent = {0.21615486411460783, 0.20825450794735648, 0.1529415714514412, 0.14251283049463626, 0.1431677405575311, 0.0, 0.0, 0.0497895372876914, 0.050202479428983864, 0.01549291635440147, 0.10885635642383104, 0.0019203906349621565, 0.1113020177393245},
    alphaWin = 2.7,
    RWin = 0.13598697082204117,
    gWin = 0.78,
    UWin= 3.001782134105592,
    ratioWinConRad = 0.03,
    AExt = {2.7048568131098225, 2.6059955994493533, 1.9138364211356018, 1.7833362302436917, 1.7915314561658624, 10.408751074218753, 10.408751074218753, 0.6230420476811113, 0.6282094047464738, 0.19387081816453736, 1.362175487141453, 0.02403083416182374, 1.392779303062358},
    alphaExt = 2.119173421390867,
    nExt = 1,
    RExt = {0.0008547669027907007},
    RExtRem = 0.021643386114798012 ,
    CExt = {11077703.193023939},
    AInt = 158.21901991074537,
    alphaInt = 2.6999999999999997,
    nInt = 1,
    RInt = {0.00013044746179065179},
    CInt = {17616675.108807225},
    AFloor = 0.0,
    alphaFloor = 0.0,
    nFloor = 1,
    RFloor = {0.00001},
    RFloorRem =  0.00001,
    CFloor = {0.00001},
    ARoof = 0.0,
    alphaRoof = 0.0,
    nRoof = 1,
    RRoof = {0.00001},
    RRoofRem = 0.00001,
    CRoof = {0.00001},
    nOrientationsRoof = 1,
    tiltRoof = {0.0},
    aziRoof = {0.0},
    wfRoof = {0.0},
    aRoof = 0.0,
    aExt = 0.5,
    TSoil = 286.15,
    alphaWallOut = 19.999999999999996,
    alphaRadWall = 4.999999999999999,
    alphaWinOut = 19.999999999999996,
    alphaRoofOut = 0.0,
    alphaRadRoof = 0.0,
    tiltExtWalls = {1.5707963267948966, 1.5707963267948966, 1.5707963267948966, 1.5707963267948966, 1.5707963267948966, 0.0, 0.0, 1.5707963267948966, 1.5707963267948966, 1.5707963267948966, 1.5707963267948966, 1.5707963267948966, 1.5707963267948966},
    aziExtWalls = {2.615390204871041, 2.6131083496181513, -0.52884562532857, -0.5288456253580713, -0.5288456253606211, 0.0, 0.0, -2.0833779839788114, 1.0507821572787768, 2.6322915098718425, -2.0883688782367953, -2.08836887842652, 1.0449940853307342},
    wfWall = {0.07000854782551029, 0.06744976912377204, 0.04953493581245447, 0.04615726021387425, 0.04636937342560967, 0.23245519162606074, 0.0, 0.016125906843193753, 0.01625965113697247, 0.005017867999392598, 0.03525655305525713, 0.0006219788768673119, 0.036048657354515214},
    wfWin = {0.18003975184629706, 0.17345938563674865, 0.12738812371347102, 0.11870181474872364, 0.11924730256685902, 0.0, 0.0, 0.04147071117060333, 0.04181465901998301, 0.012904362930935189, 0.09066865775940748, 0.001599532144616559, 0.09270569846235492},
    wfGro = 0.37869430670652016,
    nrPeople = 0.0,
    ratioConvectiveHeatPeople = 0.5,
    nrPeopleMachines = 0.0,
    ratioConvectiveHeatMachines = 0.75,
    lightingPower = 11.3,
    ratioConvectiveHeatLighting = 0.9,
    useConstantACHrate = false,
    baseACH = 0.2,
    maxUserACH = 1.0,
    maxOverheatingACH = {3.0, 2.0},
    maxSummerACH = {1.0, 283.15, 290.15},
    winterReduction = {0.2, 273.15, 283.15},
    withAHU = false,
    minAHU = 0.0,
    maxAHU = 0.5,
    hHeat = 1082.841550522138,
    lHeat = 0,
    KRHeat = 10000,
    TNHeat = 1,
    HeaterOn = true,
    hCool = 0,
    lCool = 0.0,
    KRCool = 10000,
    TNCool = 1,
    CoolerOn = false);
end Inffeldgasse25E_1_Storage;
