 
within Inffeldgasse.Inffeldgasse25E_1.Inffeldgasse25E_1_DataBase;
record Inffeldgasse25E_1_Floor "Inffeldgasse25E_1_Floor"
  extends AixLib.DataBase.ThermalZones.ZoneBaseRecord(
    T_start = 293.15,
    withAirCap = true,
    VAir = 55.51544558271766,
    AZone = 9.1304833984375,
    alphaRad = 4.999999999999999,
    lat = 0.88645272708792,
    nOrientations = 13,
    AWin = {0.18960952992509456, 0.1826793929362776, 0.13415927320301857, 0.12501125481985637, 0.12558573733116762, 0.0, 0.0, 0.043675032708501225, 0.04403726265700338, 0.013590277503860939, 0.09548803195072897, 0.001684553188563295, 0.09763334889414428},
    ATransparent = {0.18960952992509456, 0.1826793929362776, 0.13415927320301857, 0.12501125481985637, 0.12558573733116762, 0.0, 0.0, 0.043675032708501225, 0.04403726265700338, 0.013590277503860939, 0.09548803195072897, 0.001684553188563295, 0.09763334889414428},
    alphaWin = 2.699999999999999,
    RWin = 0.15502514673712692,
    gWin = 0.7799999999999999,
    UWin= 3.001782134105591,
    ratioWinConRad = 0.029999999999999995,
    AExt = {2.372681415008616, 2.285961052148555, 1.6788038781891244, 1.564330026529554, 1.5715188211981248, 9.130483398437502, 9.130483398437502, 0.5465281120009747, 0.551060881356556, 0.17006212119696257, 1.194890778194257, 0.021079679089319067, 1.2217362307564543},
    alphaExt = 2.119173421390868,
    nExt = 1,
    RExt = {0.0009744342691813988},
    RExtRem = 0.024673460170869733 ,
    CExt = {9717283.502652582},
    AInt = 300.7086635730541,
    alphaInt = 2.6999999999999997,
    nInt = 1,
    RInt = {6.863543374215829e-05},
    CInt = {33481984.855920166},
    AFloor = 0.0,
    alphaFloor = 0.0,
    nFloor = 1,
    RFloor = {0.00001},
    RFloorRem =  0.00001,
    CFloor = {0.00001},
    ARoof = 0.0,
    alphaRoof = 0.0,
    nRoof = 1,
    RRoof = {0.00001},
    RRoofRem = 0.00001,
    CRoof = {0.00001},
    nOrientationsRoof = 1,
    tiltRoof = {0.0},
    aziRoof = {0.0},
    wfRoof = {0.0},
    aRoof = 0.0,
    aExt = 0.5,
    TSoil = 286.15,
    alphaWallOut = 20.0,
    alphaRadWall = 5.0,
    alphaWinOut = 19.99999999999999,
    alphaRoofOut = 0.0,
    alphaRadRoof = 0.0,
    tiltExtWalls = {1.5707963267948966, 1.5707963267948966, 1.5707963267948966, 1.5707963267948966, 1.5707963267948966, 0.0, 0.0, 1.5707963267948966, 1.5707963267948966, 1.5707963267948966, 1.5707963267948966, 1.5707963267948966, 1.5707963267948966},
    aziExtWalls = {2.615390204871041, 2.6131083496181513, -0.52884562532857, -0.5288456253580713, -0.5288456253606211, 0.0, 0.0, -2.0833779839788114, 1.0507821572787768, 2.6322915098718425, -2.0883688782367953, -2.08836887842652, 1.0449940853307342},
    wfWall = {0.07000854782551026, 0.06744976912377204, 0.04953493581245446, 0.046157260213874236, 0.04636937342560967, 0.23245519162606068, 0.0, 0.01612590684319375, 0.016259651136972468, 0.005017867999392594, 0.03525655305525712, 0.0006219788768673115, 0.03604865735451521},
    wfWin = {0.18003975184629703, 0.17345938563674865, 0.12738812371347102, 0.11870181474872363, 0.11924730256685905, 0.0, 0.0, 0.04147071117060334, 0.041814659019983005, 0.012904362930935187, 0.09066865775940748, 0.0015995321446165586, 0.09270569846235491},
    wfGro = 0.37869430670652005,
    nrPeople = 0.0,
    ratioConvectiveHeatPeople = 0.5,
    nrPeopleMachines = 0.0,
    ratioConvectiveHeatMachines = 0.75,
    lightingPower = 7.0,
    ratioConvectiveHeatLighting = 0.9,
    useConstantACHrate = false,
    baseACH = 0.2,
    maxUserACH = 1.0,
    maxOverheatingACH = {3.0, 2.0},
    maxSummerACH = {1.0, 283.15, 290.15},
    winterReduction = {0.2, 273.15, 283.15},
    withAHU = false,
    minAHU = 0.0,
    maxAHU = 2.0,
    hHeat = 949.8610092299458,
    lHeat = 0,
    KRHeat = 10000,
    TNHeat = 1,
    HeaterOn = true,
    hCool = 0,
    lCool = 0.0,
    KRCool = 10000,
    TNCool = 1,
    CoolerOn = false);
end Inffeldgasse25E_1_Floor;
