 
within Inffeldgasse.Inffeldgasse25E_1.Inffeldgasse25E_1_DataBase;
record Inffeldgasse25E_1_Laboratory "Inffeldgasse25E_1_Laboratory"
  extends AixLib.DataBase.ThermalZones.ZoneBaseRecord(
    T_start = 293.15,
    withAirCap = true,
    VAir = 715.316516333317,
    AZone = 117.64627858886718,
    alphaRad = 5.0,
    lat = 0.88645272708792,
    nOrientations = 13,
    AWin = {2.4431187930848433, 2.3538239779839367, 1.728642235220894, 1.6107700183538491, 1.6181722255120947, 0.0, 0.0, 0.5627527964490382, 0.5674201293354886, 0.17511072563724817, 1.2303632916851428, 0.021705467834638056, 1.258005700501049},
    ATransparent = {2.4431187930848433, 2.3538239779839367, 1.728642235220894, 1.6107700183538491, 1.6181722255120947, 0.0, 0.0, 0.5627527964490382, 0.5674201293354886, 0.17511072563724817, 1.2303632916851428, 0.021705467834638056, 1.258005700501049},
    alphaWin = 2.7,
    RWin = 0.012031443285768486,
    gWin = 0.7800000000000002,
    UWin= 3.001782134105592,
    ratioWinConRad = 0.030000000000000002,
    AExt = {30.572000032386015, 29.454608156934132, 21.631387970466864, 20.156392391833304, 20.249020011137834, 117.6462785888672, 117.6462785888672, 7.042014723132559, 7.100419456279223, 2.1912504316228625, 15.396167677033, 0.27161166506587614, 15.742071333296913},
    alphaExt = 2.119173421390868,
    nExt = 1,
    RExt = {7.562547684760578e-05},
    RExtRem = 0.0019148979566061103 ,
    CExt = {125207197.93167837},
    AInt = 357.6582581666585,
    alphaInt = 2.7,
    nInt = 1,
    RInt = {5.7706676927180054e-05},
    CInt = {53110976.05471563},
    AFloor = 0.0,
    alphaFloor = 0.0,
    nFloor = 1,
    RFloor = {0.00001},
    RFloorRem =  0.00001,
    CFloor = {0.00001},
    ARoof = 0.0,
    alphaRoof = 0.0,
    nRoof = 1,
    RRoof = {0.00001},
    RRoofRem = 0.00001,
    CRoof = {0.00001},
    nOrientationsRoof = 1,
    tiltRoof = {0.0},
    aziRoof = {0.0},
    wfRoof = {0.0},
    aRoof = 0.0,
    aExt = 0.5,
    TSoil = 286.15,
    alphaWallOut = 19.999999999999996,
    alphaRadWall = 4.999999999999999,
    alphaWinOut = 20.0,
    alphaRoofOut = 0.0,
    alphaRadRoof = 0.0,
    tiltExtWalls = {1.5707963267948966, 1.5707963267948966, 1.5707963267948966, 1.5707963267948966, 1.5707963267948966, 0.0, 0.0, 1.5707963267948966, 1.5707963267948966, 1.5707963267948966, 1.5707963267948966, 1.5707963267948966, 1.5707963267948966},
    aziExtWalls = {2.615390204871041, 2.6131083496181513, -0.52884562532857, -0.5288456253580713, -0.5288456253606211, 0.0, 0.0, -2.0833779839788114, 1.0507821572787768, 2.6322915098718425, -2.0883688782367953, -2.08836887842652, 1.0449940853307342},
    wfWall = {0.07000854782551029, 0.06744976912377205, 0.049534935812454474, 0.04615726021387425, 0.04636937342560966, 0.23245519162606074, 0.0, 0.016125906843193753, 0.01625965113697247, 0.005017867999392597, 0.035256553055257135, 0.0006219788768673116, 0.03604865735451522},
    wfWin = {0.1800397518462971, 0.17345938563674865, 0.12738812371347102, 0.11870181474872364, 0.11924730256685902, 0.0, 0.0, 0.04147071117060334, 0.04181465901998301, 0.012904362930935187, 0.09066865775940747, 0.0015995321446165588, 0.09270569846235491},
    wfGro = 0.37869430670652016,
    nrPeople = 7.058776715332031,
    ratioConvectiveHeatPeople = 0.5,
    nrPeopleMachines = 21.176330145996094,
    ratioConvectiveHeatMachines = 0.75,
    lightingPower = 14.0,
    ratioConvectiveHeatLighting = 0.9,
    useConstantACHrate = false,
    baseACH = 0.2,
    maxUserACH = 1.0,
    maxOverheatingACH = {3.0, 2.0},
    maxSummerACH = {1.0, 283.15, 290.15},
    winterReduction = {0.2, 273.15, 283.15},
    withAHU = false,
    minAHU = 24.0,
    maxAHU = 48.0,
    hHeat = 12238.95910392785,
    lHeat = 0,
    KRHeat = 10000,
    TNHeat = 1,
    HeaterOn = true,
    hCool = 0,
    lCool = 0.0,
    KRCool = 10000,
    TNCool = 1,
    CoolerOn = false);
end Inffeldgasse25E_1_Laboratory;
