 
within Inffeldgasse.Inffeldgasse21A_1.Inffeldgasse21A_1_DataBase;
record Inffeldgasse21A_1_ICT "Inffeldgasse21A_1_ICT"
  extends AixLib.DataBase.ThermalZones.ZoneBaseRecord(
    T_start = 293.15,
    withAirCap = true,
    VAir = 570.5221970082836,
    AZone = 143.70574020996096,
    alphaRad = 5.0,
    lat = 0.88645272708792,
    nOrientations = 10,
    AWin = {0.0, 0.0, 0.5106461901423202, 2.648410250642081, 0.07788724327011849, 0.24195785146422633, 0.24012498459225368, 0.5182037781213412, 0.07514463171736062, 2.6612240730430914},
    ATransparent = {0.0, 0.0, 0.5106461901423202, 2.648410250642081, 0.07788724327011849, 0.24195785146422633, 0.24012498459225368, 0.5182037781213412, 0.07514463171736062, 2.6612240730430914},
    alphaWin = 2.6999999999999993,
    RWin = 0.0513664400649007,
    gWin = 0.6699999999999999,
    UWin= 1.8936557576825386,
    ratioWinConRad = 0.029999999999999995,
    AExt = {47.90191340332033, 0.6468106201171876, 6.389978000970115, 33.1409174607374, 0.9746430711909424, 3.0277428439982916, 3.004807239627391, 6.484549980275163, 0.9403233644631883, 33.301263400512205},
    alphaExt = 2.342532437126178,
    nExt = 1,
    RExt = {0.00019476598970548202},
    RExtRem = 0.013596238292700395 ,
    CExt = {54241091.73262422},
    AInt = 953.7375042348461,
    alphaInt = 2.298196248417425,
    nInt = 1,
    RInt = {6.360113809925846e-05},
    CInt = {122322053.71357562},
    AFloor = 0.0,
    alphaFloor = 0.0,
    nFloor = 1,
    RFloor = {0.00001},
    RFloorRem =  0.00001,
    CFloor = {0.00001},
    ARoof = 0.0,
    alphaRoof = 0.0,
    nRoof = 1,
    RRoof = {0.00001},
    RRoofRem = 0.00001,
    CRoof = {0.00001},
    nOrientationsRoof = 1,
    tiltRoof = {0.0},
    aziRoof = {0.0},
    wfRoof = {0.0},
    aRoof = 0.0,
    aExt = 0.5,
    TSoil = 286.15,
    alphaWallOut = 20.000000000000004,
    alphaRadWall = 5.000000000000001,
    alphaWinOut = 20.0,
    alphaRoofOut = 0.0,
    alphaRadRoof = 0.0,
    tiltExtWalls = {0.0, 0.0, 1.5707963267948966, 1.5707963267948966, 1.5707963267948966, 1.5707963267948966, 1.5707963267948966, 1.5707963267948966, 1.5707963267948966, 1.5707963267948966},
    aziExtWalls = {0.0, 0.0, 0.9845987754297053, -0.5744287766238872, -2.1587989302888286, 2.551685290407251, -0.5784059691112141, -2.132114874029853, 0.9582587700205931, 2.5643274274723433},
    wfWall = {0.33715549756945606, 0.0, 0.04812978339518397, 0.24961982320765436, 0.007341083161305911, 0.022805181369299293, 0.022632428713462063, 0.04884210648589174, 0.007082584610803503, 0.2508275605971238},
    wfWin = {0.0, 0.0, 0.07322563140254708, 0.37977667621919287, 0.011168873237003208, 0.0346962667856852, 0.034433437381358095, 0.07430937424118429, 0.010775588284487178, 0.38161415244854174},
    wfGro = 0.005563950889819205,
    nrPeople = 4.311172206298829,
    ratioConvectiveHeatPeople = 0.5,
    nrPeopleMachines = 215.55861031494143,
    ratioConvectiveHeatMachines = 0.75,
    lightingPower = 7.1,
    ratioConvectiveHeatLighting = 0.9,
    useConstantACHrate = false,
    baseACH = 0.2,
    maxUserACH = 1.0,
    maxOverheatingACH = {3.0, 2.0},
    maxSummerACH = {1.0, 283.15, 290.15},
    winterReduction = {0.2, 273.15, 283.15},
    withAHU = false,
    minAHU = 0.0,
    maxAHU = 130.0,
    hHeat = 3804.574872792863,
    lHeat = 0,
    KRHeat = 10000,
    TNHeat = 1,
    HeaterOn = true,
    hCool = 0,
    lCool = 0.0,
    KRCool = 10000,
    TNCool = 1,
    CoolerOn = false);
end Inffeldgasse21A_1_ICT;
