 
within Inffeldgasse.Inffeldgasse21A_1.Inffeldgasse21A_1_DataBase;
record Inffeldgasse21A_1_Restroom "Inffeldgasse21A_1_Restroom"
  extends AixLib.DataBase.ThermalZones.ZoneBaseRecord(
    T_start = 293.15,
    withAirCap = true,
    VAir = 457.0395801646739,
    AZone = 115.12121967773437,
    alphaRad = 5.0,
    lat = 0.88645272708792,
    nOrientations = 10,
    AWin = {0.0, 0.0, 0.4090735147189158, 2.121614751195563, 0.06239468534445459, 0.19382999545090607, 0.19236170427826313, 0.4151278222552433, 0.06019760687984745, 2.1318797751353373},
    ATransparent = {0.0, 0.0, 0.4090735147189158, 2.121614751195563, 0.06239468534445459, 0.19382999545090607, 0.19236170427826313, 0.4151278222552433, 0.06019760687984745, 2.1318797751353373},
    alphaWin = 2.7000000000000006,
    RWin = 0.06412069218985904,
    gWin = 0.6700000000000002,
    UWin= 1.8936557576825386,
    ratioWinConRad = 0.029999999999999995,
    AExt = {38.37373989257813, 0.518153466796875, 5.118946954455622, 26.54885485955529, 0.7807767382292562, 2.425494267399176, 2.407120785968536, 5.194707613626424, 0.7532835671721452, 26.677306375342198},
    alphaExt = 2.342532437126178,
    nExt = 1,
    RExt = {0.0002431262524554827},
    RExtRem = 0.016972175011636215 ,
    CExt = {43451991.74221121},
    AInt = 1603.0838291226223,
    alphaInt = 2.4127505933591986,
    nInt = 1,
    RInt = {4.4306629185227796e-05},
    CInt = {173378144.46443146},
    AFloor = 0.0,
    alphaFloor = 0.0,
    nFloor = 1,
    RFloor = {0.00001},
    RFloorRem =  0.00001,
    CFloor = {0.00001},
    ARoof = 0.0,
    alphaRoof = 0.0,
    nRoof = 1,
    RRoof = {0.00001},
    RRoofRem = 0.00001,
    CRoof = {0.00001},
    nOrientationsRoof = 1,
    tiltRoof = {0.0},
    aziRoof = {0.0},
    wfRoof = {0.0},
    aRoof = 0.0,
    aExt = 0.5,
    TSoil = 286.15,
    alphaWallOut = 20.000000000000007,
    alphaRadWall = 5.0,
    alphaWinOut = 20.0,
    alphaRoofOut = 0.0,
    alphaRadRoof = 0.0,
    tiltExtWalls = {0.0, 0.0, 1.5707963267948966, 1.5707963267948966, 1.5707963267948966, 1.5707963267948966, 1.5707963267948966, 1.5707963267948966, 1.5707963267948966, 1.5707963267948966},
    aziExtWalls = {0.0, 0.0, 0.9845987754297053, -0.5744287766238872, -2.1587989302888286, 2.551685290407251, -0.5784059691112141, -2.132114874029853, 0.9582587700205931, 2.5643274274723433},
    wfWall = {0.33715549756945606, 0.0, 0.04812978339518396, 0.24961982320765436, 0.0073410831613059105, 0.0228051813692993, 0.022632428713462063, 0.048842106485891754, 0.0070825846108035035, 0.2508275605971238},
    wfWin = {0.0, 0.0, 0.07322563140254709, 0.379776676219193, 0.011168873237003211, 0.034696266785685215, 0.03443343738135811, 0.0743093742411843, 0.010775588284487178, 0.38161415244854197},
    wfGro = 0.005563950889819207,
    nrPeople = 0.0,
    ratioConvectiveHeatPeople = 0.5,
    nrPeopleMachines = 0.0,
    ratioConvectiveHeatMachines = 0.75,
    lightingPower = 11.1,
    ratioConvectiveHeatLighting = 0.9,
    useConstantACHrate = false,
    baseACH = 0.2,
    maxUserACH = 1.0,
    maxOverheatingACH = {3.0, 2.0},
    maxSummerACH = {1.0, 283.15, 290.15},
    winterReduction = {0.2, 273.15, 283.15},
    withAHU = false,
    minAHU = 0.0,
    maxAHU = 8.0,
    hHeat = 3047.8065738449627,
    lHeat = 0,
    KRHeat = 10000,
    TNHeat = 1,
    HeaterOn = true,
    hCool = 0,
    lCool = 0.0,
    KRCool = 10000,
    TNCool = 1,
    CoolerOn = false);
end Inffeldgasse21A_1_Restroom;
