 
within Inffeldgasse.Inffeldgasse21A_1.Inffeldgasse21A_1_DataBase;
record Inffeldgasse21A_1_Meeting "Inffeldgasse21A_1_Meeting"
  extends AixLib.DataBase.ThermalZones.ZoneBaseRecord(
    T_start = 293.15,
    withAirCap = true,
    VAir = 872.1061376611634,
    AZone = 219.67008244628906,
    alphaRad = 5.0,
    lat = 0.88645272708792,
    nOrientations = 10,
    AWin = {0.0, 0.0, 0.7805790535962984, 4.048387331362962, 0.11905924652462252, 0.3698592770338718, 0.36705753775546124, 0.7921316608339847, 0.11486686210746402, 4.067974672962327},
    ATransparent = {0.0, 0.0, 0.7805790535962984, 4.048387331362962, 0.11905924652462252, 0.3698592770338718, 0.36705753775546124, 0.7921316608339847, 0.11486686210746402, 4.067974672962327},
    alphaWin = 2.7,
    RWin = 0.03360335740431116,
    gWin = 0.67,
    UWin= 1.8936557576825384,
    ratioWinConRad = 0.03,
    AExt = {73.2233608154297, 0.9887214111328125, 9.767786535542871, 50.65954957894734, 1.4898494902946011, 4.628239061261693, 4.593179458939962, 9.912350242327971, 1.4373880312366445, 50.904656042744804},
    alphaExt = 2.342532437126178,
    nExt = 1,
    RExt = {0.00012741375797132247},
    RExtRem = 0.008894508829627532 ,
    CExt = {82913494.44687243},
    AInt = 2915.786048369202,
    alphaInt = 2.298196248417426,
    nInt = 1,
    RInt = {2.0803580822128228e-05},
    CInt = {373965515.71289325},
    AFloor = 0.0,
    alphaFloor = 0.0,
    nFloor = 1,
    RFloor = {0.00001},
    RFloorRem =  0.00001,
    CFloor = {0.00001},
    ARoof = 0.0,
    alphaRoof = 0.0,
    nRoof = 1,
    RRoof = {0.00001},
    RRoofRem = 0.00001,
    CRoof = {0.00001},
    nOrientationsRoof = 1,
    tiltRoof = {0.0},
    aziRoof = {0.0},
    wfRoof = {0.0},
    aRoof = 0.0,
    aExt = 0.5,
    TSoil = 286.15,
    alphaWallOut = 20.0,
    alphaRadWall = 4.999999999999998,
    alphaWinOut = 20.0,
    alphaRoofOut = 0.0,
    alphaRadRoof = 0.0,
    tiltExtWalls = {0.0, 0.0, 1.5707963267948966, 1.5707963267948966, 1.5707963267948966, 1.5707963267948966, 1.5707963267948966, 1.5707963267948966, 1.5707963267948966, 1.5707963267948966},
    aziExtWalls = {0.0, 0.0, 0.9845987754297053, -0.5744287766238872, -2.1587989302888286, 2.551685290407251, -0.5784059691112141, -2.132114874029853, 0.9582587700205931, 2.5643274274723433},
    wfWall = {0.33715549756945606, 0.0, 0.04812978339518396, 0.24961982320765438, 0.0073410831613059105, 0.022805181369299297, 0.02263242871346206, 0.04884210648589174, 0.007082584610803504, 0.2508275605971238},
    wfWin = {0.0, 0.0, 0.0732256314025471, 0.37977667621919303, 0.011168873237003215, 0.034696266785685215, 0.03443343738135811, 0.07430937424118432, 0.01077558828448718, 0.3816141524485419},
    wfGro = 0.005563950889819206,
    nrPeople = 52.72081978710938,
    ratioConvectiveHeatPeople = 0.5,
    nrPeopleMachines = 4.3934016489257814,
    ratioConvectiveHeatMachines = 0.75,
    lightingPower = 15.9,
    ratioConvectiveHeatLighting = 0.9,
    useConstantACHrate = false,
    baseACH = 0.2,
    maxUserACH = 1.0,
    maxOverheatingACH = {3.0, 2.0},
    maxSummerACH = {1.0, 283.15, 290.15},
    winterReduction = {0.2, 273.15, 283.15},
    withAHU = false,
    minAHU = 0.0,
    maxAHU = 12.0,
    hHeat = 5815.71254396947,
    lHeat = 0,
    KRHeat = 10000,
    TNHeat = 1,
    HeaterOn = true,
    hCool = 0,
    lCool = 0.0,
    KRCool = 10000,
    TNCool = 1,
    CoolerOn = false);
end Inffeldgasse21A_1_Meeting;
