 
within Inffeldgasse.Inffeldgasse21A_1.Inffeldgasse21A_1_DataBase;
record Inffeldgasse21A_1_Floor "Inffeldgasse21A_1_Floor"
  extends AixLib.DataBase.ThermalZones.ZoneBaseRecord(
    T_start = 293.15,
    withAirCap = true,
    VAir = 4186.420372052608,
    AZone = 1054.4947094970703,
    alphaRad = 5.000000000000001,
    lat = 0.88645272708792,
    nOrientations = 10,
    AWin = {0.0, 0.0, 3.7470577385647625, 19.43370246588317, 0.571526828682368, 1.775456386902347, 1.7620070395284442, 3.8025143718822116, 0.5514018888688068, 19.527728688569603},
    ATransparent = {0.0, 0.0, 3.7470577385647625, 19.43370246588317, 0.571526828682368, 1.775456386902347, 1.7620070395284442, 3.8025143718822116, 0.5514018888688068, 19.527728688569603},
    alphaWin = 2.700000000000001,
    RWin = 0.007000179540964931,
    gWin = 0.6699999999999999,
    UWin= 1.8936557576825388,
    ratioWinConRad = 0.03,
    AExt = {351.49823649902345, 4.7462152587890625, 46.88885764744555, 243.18389842442994, 7.151808694052336, 22.217197490156398, 22.048898900045128, 47.58281497787741, 6.899974987736691, 244.36049683264127},
    alphaExt = 2.342532437126178,
    nExt = 1,
    RExt = {2.6542561538028906e-05},
    RExtRem = 0.0018528850551136453 ,
    CExt = {398014332.5230437},
    AInt = 35647.69009431851,
    alphaInt = 2.463351912742277,
    nInt = 1,
    RInt = {2.154898207999707e-06},
    CInt = {3538863344.072021},
    AFloor = 0.0,
    alphaFloor = 0.0,
    nFloor = 1,
    RFloor = {0.00001},
    RFloorRem =  0.00001,
    CFloor = {0.00001},
    ARoof = 0.0,
    alphaRoof = 0.0,
    nRoof = 1,
    RRoof = {0.00001},
    RRoofRem = 0.00001,
    CRoof = {0.00001},
    nOrientationsRoof = 1,
    tiltRoof = {0.0},
    aziRoof = {0.0},
    wfRoof = {0.0},
    aRoof = 0.0,
    aExt = 0.5,
    TSoil = 286.15,
    alphaWallOut = 20.0,
    alphaRadWall = 5.0,
    alphaWinOut = 20.0,
    alphaRoofOut = 0.0,
    alphaRadRoof = 0.0,
    tiltExtWalls = {0.0, 0.0, 1.5707963267948966, 1.5707963267948966, 1.5707963267948966, 1.5707963267948966, 1.5707963267948966, 1.5707963267948966, 1.5707963267948966, 1.5707963267948966},
    aziExtWalls = {0.0, 0.0, 0.9845987754297053, -0.5744287766238872, -2.1587989302888286, 2.551685290407251, -0.5784059691112141, -2.132114874029853, 0.9582587700205931, 2.5643274274723433},
    wfWall = {0.33715549756945606, 0.0, 0.04812978339518397, 0.24961982320765447, 0.007341083161305914, 0.022805181369299304, 0.022632428713462067, 0.048842106485891754, 0.007082584610803504, 0.25082756059712386},
    wfWin = {0.0, 0.0, 0.07322563140254709, 0.3797766762191929, 0.011168873237003211, 0.034696266785685194, 0.0344334373813581, 0.0743093742411843, 0.010775588284487176, 0.3816141524485418},
    wfGro = 0.005563950889819208,
    nrPeople = 0.0,
    ratioConvectiveHeatPeople = 0.5,
    nrPeopleMachines = 0.0,
    ratioConvectiveHeatMachines = 0.75,
    lightingPower = 7.0,
    ratioConvectiveHeatLighting = 0.9,
    useConstantACHrate = false,
    baseACH = 0.2,
    maxUserACH = 1.0,
    maxOverheatingACH = {3.0, 2.0},
    maxSummerACH = {1.0, 283.15, 290.15},
    winterReduction = {0.2, 273.15, 283.15},
    withAHU = false,
    minAHU = 0.0,
    maxAHU = 2.0,
    hHeat = 27917.493548858787,
    lHeat = 0,
    KRHeat = 10000,
    TNHeat = 1,
    HeaterOn = true,
    hCool = 0,
    lCool = 0.0,
    KRCool = 10000,
    TNCool = 1,
    CoolerOn = false);
end Inffeldgasse21A_1_Floor;
