 
within Inffeldgasse.Inffeldgasse21A_1.Inffeldgasse21A_1_DataBase;
record Inffeldgasse21A_1_Laboratory "Inffeldgasse21A_1_Laboratory"
  extends AixLib.DataBase.ThermalZones.ZoneBaseRecord(
    T_start = 293.15,
    withAirCap = true,
    VAir = 4006.091830218927,
    AZone = 1009.072731665039,
    alphaRad = 5.0,
    lat = 0.88645272708792,
    nOrientations = 10,
    AWin = {0.0, 0.0, 3.5856545830974347, 18.596602768132534, 0.5469085174580254, 1.6989792458400848, 1.6861092242349798, 3.6387224420127957, 0.5276504521407037, 18.686578845318923},
    ATransparent = {0.0, 0.0, 3.5856545830974347, 18.596602768132534, 0.5469085174580254, 1.6989792458400848, 1.6861092242349798, 3.6387224420127957, 0.5276504521407037, 18.686578845318923},
    alphaWin = 2.699999999999999,
    RWin = 0.007315282694535726,
    gWin = 0.6699999999999999,
    UWin= 1.8936557576825377,
    ratioWinConRad = 0.02999999999999999,
    AExt = {336.3575772216797, 4.541773754882812, 44.86913708038142, 232.70884004446933, 6.843747123866643, 21.260199751998897, 21.09915056272421, 45.533202450052016, 6.602761063274211, 233.83475690223415},
    alphaExt = 2.342532437126178,
    nExt = 1,
    RExt = {2.7737337299926988e-05},
    RExtRem = 0.0019362900478933046 ,
    CExt = {380870009.25060654},
    AInt = 3348.476223996182,
    alphaInt = 2.2981962484174256,
    nInt = 1,
    RInt = {1.8115341623925392e-05},
    CInt = {429460398.3922129},
    AFloor = 0.0,
    alphaFloor = 0.0,
    nFloor = 1,
    RFloor = {0.00001},
    RFloorRem =  0.00001,
    CFloor = {0.00001},
    ARoof = 0.0,
    alphaRoof = 0.0,
    nRoof = 1,
    RRoof = {0.00001},
    RRoofRem = 0.00001,
    CRoof = {0.00001},
    nOrientationsRoof = 1,
    tiltRoof = {0.0},
    aziRoof = {0.0},
    wfRoof = {0.0},
    aRoof = 0.0,
    aExt = 0.5,
    TSoil = 286.15,
    alphaWallOut = 20.0,
    alphaRadWall = 5.0,
    alphaWinOut = 20.0,
    alphaRoofOut = 0.0,
    alphaRadRoof = 0.0,
    tiltExtWalls = {0.0, 0.0, 1.5707963267948966, 1.5707963267948966, 1.5707963267948966, 1.5707963267948966, 1.5707963267948966, 1.5707963267948966, 1.5707963267948966, 1.5707963267948966},
    aziExtWalls = {0.0, 0.0, 0.9845987754297053, -0.5744287766238872, -2.1587989302888286, 2.551685290407251, -0.5784059691112141, -2.132114874029853, 0.9582587700205931, 2.5643274274723433},
    wfWall = {0.337155497569456, 0.0, 0.04812978339518395, 0.24961982320765436, 0.007341083161305911, 0.022805181369299297, 0.022632428713462067, 0.04884210648589174, 0.0070825846108035035, 0.2508275605971238},
    wfWin = {0.0, 0.0, 0.07322563140254708, 0.379776676219193, 0.011168873237003215, 0.034696266785685215, 0.034433437381358116, 0.07430937424118432, 0.010775588284487183, 0.38161415244854197},
    wfGro = 0.005563950889819207,
    nrPeople = 60.54436389990234,
    ratioConvectiveHeatPeople = 0.5,
    nrPeopleMachines = 181.63309169970702,
    ratioConvectiveHeatMachines = 0.75,
    lightingPower = 14.0,
    ratioConvectiveHeatLighting = 0.9,
    useConstantACHrate = false,
    baseACH = 0.2,
    maxUserACH = 1.0,
    maxOverheatingACH = {3.0, 2.0},
    maxSummerACH = {1.0, 283.15, 290.15},
    winterReduction = {0.2, 273.15, 283.15},
    withAHU = false,
    minAHU = 24.0,
    maxAHU = 48.0,
    hHeat = 26714.957621763497,
    lHeat = 0,
    KRHeat = 10000,
    TNHeat = 1,
    HeaterOn = true,
    hCool = 0,
    lCool = 0.0,
    KRCool = 10000,
    TNCool = 1,
    CoolerOn = false);
end Inffeldgasse21A_1_Laboratory;
