 
within Inffeldgasse.Inffeldgasse21A_1.Inffeldgasse21A_1_DataBase;
record Inffeldgasse21A_1_Office "Inffeldgasse21A_1_Office"
  extends AixLib.DataBase.ThermalZones.ZoneBaseRecord(
    T_start = 293.15,
    withAirCap = true,
    VAir = 5098.9449759868385,
    AZone = 1284.345580078125,
    alphaRad = 5.0,
    lat = 0.88645272708792,
    nOrientations = 10,
    AWin = {0.0, 0.0, 4.563813361489945, 23.66971559156955, 0.6961039725503777, 2.1624570921053468, 2.14607615657382, 4.631358016997273, 0.6715923488636043, 23.784236947088118},
    ATransparent = {0.0, 0.0, 4.563813361489945, 23.66971559156955, 0.6961039725503777, 2.1624570921053468, 2.14607615657382, 4.631358016997273, 0.6715923488636043, 23.784236947088118},
    alphaWin = 2.6999999999999997,
    RWin = 0.005747403507261756,
    gWin = 0.6700000000000002,
    UWin= 1.8936557576825386,
    ratioWinConRad = 0.03,
    AExt = {428.1151933593751, 5.7807597656250005, 57.109340172157964, 296.1913059161271, 8.710706467319593, 27.059936044453394, 26.85495298631564, 57.954561131614525, 8.403979933076995, 297.6243704459946},
    alphaExt = 2.342532437126178,
    nExt = 1,
    RExt = {2.1792414092046288e-05},
    RExtRem = 0.001521286418725929 ,
    CExt = {484770520.11718637},
    AInt = 29833.532830016433,
    alphaInt = 2.298196248417426,
    nInt = 1,
    RInt = {2.033241958399641e-06},
    CInt = {3826313832.784327},
    AFloor = 0.0,
    alphaFloor = 0.0,
    nFloor = 1,
    RFloor = {0.00001},
    RFloorRem =  0.00001,
    CFloor = {0.00001},
    ARoof = 0.0,
    alphaRoof = 0.0,
    nRoof = 1,
    RRoof = {0.00001},
    RRoofRem = 0.00001,
    CRoof = {0.00001},
    nOrientationsRoof = 1,
    tiltRoof = {0.0},
    aziRoof = {0.0},
    wfRoof = {0.0},
    aRoof = 0.0,
    aExt = 0.5,
    TSoil = 286.15,
    alphaWallOut = 19.999999999999993,
    alphaRadWall = 4.999999999999997,
    alphaWinOut = 19.999999999999993,
    alphaRoofOut = 0.0,
    alphaRadRoof = 0.0,
    tiltExtWalls = {0.0, 0.0, 1.5707963267948966, 1.5707963267948966, 1.5707963267948966, 1.5707963267948966, 1.5707963267948966, 1.5707963267948966, 1.5707963267948966, 1.5707963267948966},
    aziExtWalls = {0.0, 0.0, 0.9845987754297053, -0.5744287766238872, -2.1587989302888286, 2.551685290407251, -0.5784059691112141, -2.132114874029853, 0.9582587700205931, 2.5643274274723433},
    wfWall = {0.3371554975694561, 0.0, 0.048129783395183964, 0.24961982320765438, 0.007341083161305911, 0.0228051813692993, 0.02263242871346206, 0.04884210648589173, 0.0070825846108035035, 0.25082756059712386},
    wfWin = {0.0, 0.0, 0.07322563140254709, 0.379776676219193, 0.011168873237003211, 0.0346962667856852, 0.03443343738135811, 0.0743093742411843, 0.01077558828448718, 0.3816141524485419},
    wfGro = 0.005563950889819206,
    nrPeople = 64.21727900390626,
    ratioConvectiveHeatPeople = 0.5,
    nrPeopleMachines = 89.90419060546876,
    ratioConvectiveHeatMachines = 0.75,
    lightingPower = 12.5,
    ratioConvectiveHeatLighting = 0.9,
    useConstantACHrate = false,
    baseACH = 0.2,
    maxUserACH = 1.0,
    maxOverheatingACH = {3.0, 2.0},
    maxSummerACH = {1.0, 283.15, 290.15},
    winterReduction = {0.2, 273.15, 283.15},
    withAHU = false,
    minAHU = 0.0,
    maxAHU = 2.6,
    hHeat = 34002.740007522036,
    lHeat = 0,
    KRHeat = 10000,
    TNHeat = 1,
    HeaterOn = true,
    hCool = 0,
    lCool = 0.0,
    KRCool = 10000,
    TNCool = 1,
    CoolerOn = false);
end Inffeldgasse21A_1_Office;
