 
within Inffeldgasse.Inffeldgasse21A_1.Inffeldgasse21A_1_DataBase;
record Inffeldgasse21A_1_Storage "Inffeldgasse21A_1_Storage"
  extends AixLib.DataBase.ThermalZones.ZoneBaseRecord(
    T_start = 293.15,
    withAirCap = true,
    VAir = 354.43885808689,
    AZone = 89.27768056640625,
    alphaRad = 5.0,
    lat = 0.88645272708792,
    nOrientations = 10,
    AWin = {0.0, 0.0, 0.3172406848840571, 1.6453338886822733, 0.048387715165087226, 0.1503171393292741, 0.1491784645423265, 0.3219358621571275, 0.046683858396616394, 1.6532945194927104},
    ATransparent = {0.0, 0.0, 0.3172406848840571, 1.6453338886822733, 0.048387715165087226, 0.1503171393292741, 0.1491784645423265, 0.3219358621571275, 0.046683858396616394, 1.6532945194927104},
    alphaWin = 2.6999999999999997,
    RWin = 0.08268194519218666,
    gWin = 0.67,
    UWin= 1.8936557576825388,
    ratioWinConRad = 0.030000000000000006,
    AExt = {29.759226855468754, 0.40183330078125, 3.9697955973329315, 20.58890785026737, 0.605500327606362, 1.880995554309565, 1.8667467319755993, 4.028548761587839, 0.5841790929090106, 20.688523311489867},
    alphaExt = 2.3425324371261786,
    nExt = 1,
    RExt = {0.0003135049044820696},
    RExtRem = 0.021885173041320382 ,
    CExt = {33697462.98375564},
    AInt = 1481.2816823265998,
    alphaInt = 2.298196248417426,
    nInt = 1,
    RInt = {4.095020646039978e-05},
    CInt = {189982481.24451798},
    AFloor = 0.0,
    alphaFloor = 0.0,
    nFloor = 1,
    RFloor = {0.00001},
    RFloorRem =  0.00001,
    CFloor = {0.00001},
    ARoof = 0.0,
    alphaRoof = 0.0,
    nRoof = 1,
    RRoof = {0.00001},
    RRoofRem = 0.00001,
    CRoof = {0.00001},
    nOrientationsRoof = 1,
    tiltRoof = {0.0},
    aziRoof = {0.0},
    wfRoof = {0.0},
    aRoof = 0.0,
    aExt = 0.5,
    TSoil = 286.15,
    alphaWallOut = 20.0,
    alphaRadWall = 4.999999999999999,
    alphaWinOut = 20.0,
    alphaRoofOut = 0.0,
    alphaRadRoof = 0.0,
    tiltExtWalls = {0.0, 0.0, 1.5707963267948966, 1.5707963267948966, 1.5707963267948966, 1.5707963267948966, 1.5707963267948966, 1.5707963267948966, 1.5707963267948966, 1.5707963267948966},
    aziExtWalls = {0.0, 0.0, 0.9845987754297053, -0.5744287766238872, -2.1587989302888286, 2.551685290407251, -0.5784059691112141, -2.132114874029853, 0.9582587700205931, 2.5643274274723433},
    wfWall = {0.3371554975694561, 0.0, 0.048129783395183964, 0.2496198232076544, 0.007341083161305912, 0.022805181369299304, 0.022632428713462067, 0.048842106485891754, 0.007082584610803506, 0.25082756059712386},
    wfWin = {0.0, 0.0, 0.07322563140254708, 0.379776676219193, 0.011168873237003213, 0.034696266785685215, 0.0344334373813581, 0.07430937424118432, 0.01077558828448718, 0.38161415244854185},
    wfGro = 0.005563950889819208,
    nrPeople = 0.0,
    ratioConvectiveHeatPeople = 0.5,
    nrPeopleMachines = 0.0,
    ratioConvectiveHeatMachines = 0.75,
    lightingPower = 11.3,
    ratioConvectiveHeatLighting = 0.9,
    useConstantACHrate = false,
    baseACH = 0.2,
    maxUserACH = 1.0,
    maxOverheatingACH = {3.0, 2.0},
    maxSummerACH = {1.0, 283.15, 290.15},
    winterReduction = {0.2, 273.15, 283.15},
    withAHU = false,
    minAHU = 0.0,
    maxAHU = 0.5,
    hHeat = 2363.605098083848,
    lHeat = 0,
    KRHeat = 10000,
    TNHeat = 1,
    HeaterOn = true,
    hCool = 0,
    lCool = 0.0,
    KRCool = 10000,
    TNCool = 1,
    CoolerOn = false);
end Inffeldgasse21A_1_Storage;
