 
within Inffeldgasse.Inffeldgasse21A_1.Inffeldgasse21A_1_DataBase;
record Inffeldgasse21A_1_Restroom "Inffeldgasse21A_1_Restroom"
  extends AixLib.DataBase.ThermalZones.ZoneBaseRecord(
    T_start = 293.15,
    withAirCap = true,
    VAir = 310.9112790235877,
    AZone = 78.3137548828125,
    alphaRad = 4.999999999999999,
    lat = 0.88645272708792,
    nOrientations = 10,
    AWin = {0.0, 0.0, 0.2782813025298746, 1.4432753409493624, 0.04244536417990107, 0.13185713976252111, 0.13085830223011094, 0.2823998790851995, 0.04095075297948805, 1.450258350432202},
    ATransparent = {0.0, 0.0, 0.2782813025298746, 1.4432753409493624, 0.04244536417990107, 0.13185713976252111, 0.13085830223011094, 0.2823998790851995, 0.04095075297948805, 1.450258350432202},
    alphaWin = 2.699999999999999,
    RWin = 0.0942574175190928,
    gWin = 0.6699999999999999,
    UWin= 1.893655757682538,
    ratioWinConRad = 0.029999999999999992,
    AExt = {26.1045849609375, 0.35248535156249994, 3.4822768397657287, 18.06044548269067, 0.5311406382511946, 1.6499961002715477, 1.6374971333119288, 3.5338147031472262, 0.5124378007973777, 18.147827466219177},
    alphaExt = 2.3425324371261786,
    nExt = 1,
    RExt = {0.0003573955911095595},
    RExtRem = 0.024949097267105237 ,
    CExt = {29559178.055925988},
    AInt = 727.0221447268128,
    alphaInt = 2.412750593359198,
    nInt = 1,
    RInt = {9.769611735342728e-05},
    CInt = {78629543.97479887},
    AFloor = 0.0,
    alphaFloor = 0.0,
    nFloor = 1,
    RFloor = {0.00001},
    RFloorRem =  0.00001,
    CFloor = {0.00001},
    ARoof = 0.0,
    alphaRoof = 0.0,
    nRoof = 1,
    RRoof = {0.00001},
    RRoofRem = 0.00001,
    CRoof = {0.00001},
    nOrientationsRoof = 1,
    tiltRoof = {0.0},
    aziRoof = {0.0},
    wfRoof = {0.0},
    aRoof = 0.0,
    aExt = 0.5,
    TSoil = 286.15,
    alphaWallOut = 20.0,
    alphaRadWall = 4.999999999999999,
    alphaWinOut = 19.999999999999996,
    alphaRoofOut = 0.0,
    alphaRadRoof = 0.0,
    tiltExtWalls = {0.0, 0.0, 1.5707963267948966, 1.5707963267948966, 1.5707963267948966, 1.5707963267948966, 1.5707963267948966, 1.5707963267948966, 1.5707963267948966, 1.5707963267948966},
    aziExtWalls = {0.0, 0.0, 0.9845987754297053, -0.5744287766238872, -2.1587989302888286, 2.551685290407251, -0.5784059691112141, -2.132114874029853, 0.9582587700205931, 2.5643274274723433},
    wfWall = {0.3371554975694561, 0.0, 0.04812978339518396, 0.24961982320765433, 0.007341083161305912, 0.022805181369299297, 0.02263242871346206, 0.04884210648589175, 0.007082584610803507, 0.2508275605971238},
    wfWin = {0.0, 0.0, 0.07322563140254709, 0.37977667621919303, 0.011168873237003213, 0.03469626678568521, 0.0344334373813581, 0.0743093742411843, 0.01077558828448718, 0.3816141524485419},
    wfGro = 0.005563950889819208,
    nrPeople = 0.0,
    ratioConvectiveHeatPeople = 0.5,
    nrPeopleMachines = 0.0,
    ratioConvectiveHeatMachines = 0.75,
    lightingPower = 11.1,
    ratioConvectiveHeatLighting = 0.9,
    useConstantACHrate = false,
    baseACH = 0.2,
    maxUserACH = 1.0,
    maxOverheatingACH = {3.0, 2.0},
    maxSummerACH = {1.0, 283.15, 290.15},
    winterReduction = {0.2, 273.15, 283.15},
    withAHU = false,
    minAHU = 0.0,
    maxAHU = 8.0,
    hHeat = 2073.337805336709,
    lHeat = 0,
    KRHeat = 10000,
    TNHeat = 1,
    HeaterOn = true,
    hCool = 0,
    lCool = 0.0,
    KRCool = 10000,
    TNCool = 1,
    CoolerOn = false);
end Inffeldgasse21A_1_Restroom;
