 
within Inffeldgasse.Inffeldgasse21A_1.Inffeldgasse21A_1_DataBase;
record Inffeldgasse21A_1_Storage "Inffeldgasse21A_1_Storage"
  extends AixLib.DataBase.ThermalZones.ZoneBaseRecord(
    T_start = 293.15,
    withAirCap = true,
    VAir = 13991.007556061448,
    AZone = 3524.1189697265627,
    alphaRad = 5.000000000000001,
    lat = 0.88645272708792,
    nOrientations = 10,
    AWin = {0.0, 0.0, 12.522658613844358, 64.9473903427213, 1.9100413880955482, 5.933571289313449, 5.888623600354992, 12.707994558833978, 1.8427838840769624, 65.2616257694491},
    ATransparent = {0.0, 0.0, 12.522658613844358, 64.9473903427213, 1.9100413880955482, 5.933571289313449, 5.888623600354992, 12.707994558833978, 1.8427838840769624, 65.2616257694491},
    alphaWin = 2.7,
    RWin = 0.002094609278202063,
    gWin = 0.6700000000000002,
    UWin= 1.8936557576825381,
    ratioWinConRad = 0.029999999999999995,
    AExt = {1174.7063232421874, 15.861840820312498, 156.70245778945778, 812.7200467210803, 23.901328721303756, 74.24982451221966, 73.6873709990368, 159.02166164162517, 23.059701035881996, 816.652235979863},
    alphaExt = 2.342532437126178,
    nExt = 1,
    RExt = {7.942124246879096e-06},
    RExtRem = 0.0005544243837134498 ,
    CExt = {1330163012.51667},
    AInt = 46777.31628399789,
    alphaInt = 2.298196248417426,
    nInt = 1,
    RInt = {1.296756537912659e-06},
    CInt = {5999446776.142673},
    AFloor = 0.0,
    alphaFloor = 0.0,
    nFloor = 1,
    RFloor = {0.00001},
    RFloorRem =  0.00001,
    CFloor = {0.00001},
    ARoof = 0.0,
    alphaRoof = 0.0,
    nRoof = 1,
    RRoof = {0.00001},
    RRoofRem = 0.00001,
    CRoof = {0.00001},
    nOrientationsRoof = 1,
    tiltRoof = {0.0},
    aziRoof = {0.0},
    wfRoof = {0.0},
    aRoof = 0.0,
    aExt = 0.5,
    TSoil = 286.15,
    alphaWallOut = 20.0,
    alphaRadWall = 5.0,
    alphaWinOut = 20.0,
    alphaRoofOut = 0.0,
    alphaRadRoof = 0.0,
    tiltExtWalls = {0.0, 0.0, 1.5707963267948966, 1.5707963267948966, 1.5707963267948966, 1.5707963267948966, 1.5707963267948966, 1.5707963267948966, 1.5707963267948966, 1.5707963267948966},
    aziExtWalls = {0.0, 0.0, 0.9845987754297053, -0.5744287766238872, -2.1587989302888286, 2.551685290407251, -0.5784059691112141, -2.132114874029853, 0.9582587700205931, 2.5643274274723433},
    wfWall = {0.337155497569456, 0.0, 0.04812978339518395, 0.24961982320765438, 0.0073410831613059105, 0.022805181369299297, 0.02263242871346206, 0.048842106485891726, 0.007082584610803506, 0.25082756059712386},
    wfWin = {0.0, 0.0, 0.0732256314025471, 0.37977667621919303, 0.011168873237003215, 0.03469626678568521, 0.03443343738135811, 0.0743093742411843, 0.010775588284487178, 0.38161415244854197},
    wfGro = 0.005563950889819208,
    nrPeople = 0.0,
    ratioConvectiveHeatPeople = 0.5,
    nrPeopleMachines = 0.0,
    ratioConvectiveHeatMachines = 0.75,
    lightingPower = 11.3,
    ratioConvectiveHeatLighting = 0.9,
    useConstantACHrate = false,
    baseACH = 0.2,
    maxUserACH = 1.0,
    maxOverheatingACH = {3.0, 2.0},
    maxSummerACH = {1.0, 283.15, 290.15},
    winterReduction = {0.2, 273.15, 283.15},
    withAHU = false,
    minAHU = 0.0,
    maxAHU = 0.5,
    hHeat = 93300.20124015192,
    lHeat = 0,
    KRHeat = 10000,
    TNHeat = 1,
    HeaterOn = true,
    hCool = 0,
    lCool = 0.0,
    KRCool = 10000,
    TNCool = 1,
    CoolerOn = false);
end Inffeldgasse21A_1_Storage;
