 
within Inffeldgasse.Inffeldgasse13_1.Inffeldgasse13_1_DataBase;
record Inffeldgasse13_1_ICT "Inffeldgasse13_1_ICT"
  extends AixLib.DataBase.ThermalZones.ZoneBaseRecord(
    T_start = 293.15,
    withAirCap = true,
    VAir = 1250.8247955031934,
    AZone = 325.16257343750004,
    alphaRad = 4.999999999999999,
    lat = 0.88645272708792,
    nOrientations = 10,
    AWin = {0.0, 1.0422390287537886, 0.0, 2.7820148461599086, 1.052798072796295, 2.772722410086438, 2.801099592044778, 0.48835352363360257, 0.4970340482843092, 2.7698620466906596},
    ATransparent = {0.0, 1.0422390287537886, 0.0, 2.7820148461599086, 1.052798072796295, 2.772722410086438, 2.801099592044778, 0.48835352363360257, 0.4970340482843092, 2.7698620466906596},
    alphaWin = 2.7,
    RWin = 0.025215109068840058,
    gWin = 0.6700000000000002,
    UWin= 1.8936557576825384,
    ratioWinConRad = 0.029999999999999995,
    AExt = {40.645321679687505, 13.042072170621735, 2.7112393798828127, 34.81278037221723, 13.17420291093742, 34.69649934783841, 35.05159759774953, 6.111018417361027, 6.219642279882032, 34.66070615183177},
    alphaExt = 2.5039274378140277,
    nExt = 1,
    RExt = {0.00012238054821299112},
    RExtRem = 0.008249282920955357 ,
    CExt = {89793631.42750338},
    AInt = 2388.8938025344432,
    alphaInt = 2.223600000207694,
    nInt = 1,
    RInt = {2.3185037355986413e-05},
    CInt = {337661100.7323406},
    AFloor = 0.0,
    alphaFloor = 0.0,
    nFloor = 1,
    RFloor = {0.00001},
    RFloorRem =  0.00001,
    CFloor = {0.00001},
    ARoof = 0.0,
    alphaRoof = 0.0,
    nRoof = 1,
    RRoof = {0.00001},
    RRoofRem = 0.00001,
    CRoof = {0.00001},
    nOrientationsRoof = 1,
    tiltRoof = {0.0},
    aziRoof = {0.0},
    wfRoof = {0.0},
    aRoof = 0.0,
    aExt = 0.5,
    TSoil = 286.15,
    alphaWallOut = 20.0,
    alphaRadWall = 4.999999999999999,
    alphaWinOut = 20.0,
    alphaRoofOut = 0.0,
    alphaRadRoof = 0.0,
    tiltExtWalls = {0.0, 1.5707963267948966, 0.0, 1.5707963267948966, 1.5707963267948966, 1.5707963267948966, 1.5707963267948966, 1.5707963267948966, 1.5707963267948966, 1.5707963267948966},
    aziExtWalls = {0.0, 2.576443213602647, 0.0, -0.5743048301672747, -0.5732977811444264, 1.001691816822258, -2.144344154849922, -2.136851235581553, 1.0259324113332073, 2.557029417403017},
    wfWall = {0.17355362996266716, 0.059594598141493545, 0.0, 0.15907392853903052, 0.060198357902077344, 0.1585425926570725, 0.1601651827813527, 0.02792375951102678, 0.028420106667431718, 0.15837903880578952},
    wfWin = {0.0, 0.07336547677710516, 0.0, 0.19583208837761024, 0.07410875090052309, 0.1951779735496843, 0.19717550523534152, 0.034376268887184785, 0.034987309936411255, 0.19497662633613966},
    wfGro = 0.0141488050320583,
    nrPeople = 9.754877203125002,
    ratioConvectiveHeatPeople = 0.5,
    nrPeopleMachines = 487.7438601562501,
    ratioConvectiveHeatMachines = 0.75,
    lightingPower = 7.1,
    ratioConvectiveHeatLighting = 0.9,
    useConstantACHrate = false,
    baseACH = 0.2,
    maxUserACH = 1.0,
    maxOverheatingACH = {3.0, 2.0},
    maxSummerACH = {1.0, 283.15, 290.15},
    winterReduction = {0.2, 273.15, 283.15},
    withAHU = false,
    minAHU = 0.0,
    maxAHU = 130.0,
    hHeat = 7103.32003143317,
    lHeat = 0,
    KRHeat = 10000,
    TNHeat = 1,
    HeaterOn = true,
    hCool = 0,
    lCool = 0.0,
    KRCool = 10000,
    TNCool = 1,
    CoolerOn = false);
end Inffeldgasse13_1_ICT;
