 
within Inffeldgasse.Inffeldgasse13_1.Inffeldgasse13_1_DataBase;
record Inffeldgasse13_1_Floor "Inffeldgasse13_1_Floor"
  extends AixLib.DataBase.ThermalZones.ZoneBaseRecord(
    T_start = 293.15,
    withAirCap = true,
    VAir = 9178.395570272749,
    AZone = 2386.0022078125,
    alphaRad = 5.0,
    lat = 0.88645272708792,
    nOrientations = 10,
    AWin = {0.0, 7.6478193581306595, 0.0, 20.414076241712895, 7.72530029983766, 20.345889510525275, 20.554117714922576, 3.5834769458999767, 3.6471735477646985, 20.324900522446715},
    ATransparent = {0.0, 7.6478193581306595, 0.0, 20.414076241712895, 7.72530029983766, 20.345889510525275, 20.554117714922576, 3.5834769458999767, 3.6471735477646985, 20.324900522446715},
    alphaWin = 2.7,
    RWin = 0.0034362959629648366,
    gWin = 0.67,
    UWin= 1.8936557576825386,
    ratioWinConRad = 0.029999999999999995,
    AExt = {298.2502759765625, 95.70109088687826, 19.894734741210936, 255.45181891656947, 96.67064969796857, 254.59856333441095, 257.2042297840312, 44.84188718788349, 45.63895547608258, 254.33591734845484},
    alphaExt = 2.5039274378140277,
    nExt = 1,
    RExt = {1.6677928404815357e-05},
    RExtRem = 0.0011242060274751645 ,
    CExt = {658894412.6274294},
    AInt = 84712.59438880411,
    alphaInt = 2.4042585773368517,
    nInt = 1,
    RInt = {8.279687434999611e-07},
    CInt = {9288150806.44858},
    AFloor = 0.0,
    alphaFloor = 0.0,
    nFloor = 1,
    RFloor = {0.00001},
    RFloorRem =  0.00001,
    CFloor = {0.00001},
    ARoof = 0.0,
    alphaRoof = 0.0,
    nRoof = 1,
    RRoof = {0.00001},
    RRoofRem = 0.00001,
    CRoof = {0.00001},
    nOrientationsRoof = 1,
    tiltRoof = {0.0},
    aziRoof = {0.0},
    wfRoof = {0.0},
    aRoof = 0.0,
    aExt = 0.5,
    TSoil = 286.15,
    alphaWallOut = 20.0,
    alphaRadWall = 5.0,
    alphaWinOut = 20.000000000000004,
    alphaRoofOut = 0.0,
    alphaRadRoof = 0.0,
    tiltExtWalls = {0.0, 1.5707963267948966, 0.0, 1.5707963267948966, 1.5707963267948966, 1.5707963267948966, 1.5707963267948966, 1.5707963267948966, 1.5707963267948966, 1.5707963267948966},
    aziExtWalls = {0.0, 2.576443213602647, 0.0, -0.5743048301672747, -0.5732977811444264, 1.001691816822258, -2.144344154849922, -2.136851235581553, 1.0259324113332073, 2.557029417403017},
    wfWall = {0.17355362996266718, 0.059594598141493545, 0.0, 0.15907392853903055, 0.06019835790207737, 0.15854259265707252, 0.16016518278135272, 0.027923759511026786, 0.028420106667431718, 0.15837903880578955},
    wfWin = {0.0, 0.07336547677710516, 0.0, 0.19583208837761024, 0.07410875090052309, 0.1951779735496843, 0.19717550523534152, 0.03437626888718478, 0.034987309936411255, 0.1949766263361396},
    wfGro = 0.014148805032058303,
    nrPeople = 0.0,
    ratioConvectiveHeatPeople = 0.5,
    nrPeopleMachines = 0.0,
    ratioConvectiveHeatMachines = 0.75,
    lightingPower = 7.0,
    ratioConvectiveHeatLighting = 0.9,
    useConstantACHrate = false,
    baseACH = 0.2,
    maxUserACH = 1.0,
    maxOverheatingACH = {3.0, 2.0},
    maxSummerACH = {1.0, 283.15, 290.15},
    winterReduction = {0.2, 273.15, 283.15},
    withAHU = false,
    minAHU = 0.0,
    maxAHU = 2.0,
    hHeat = 52123.27205626573,
    lHeat = 0,
    KRHeat = 10000,
    TNHeat = 1,
    HeaterOn = true,
    hCool = 0,
    lCool = 0.0,
    KRCool = 10000,
    TNCool = 1,
    CoolerOn = false);
end Inffeldgasse13_1_Floor;
