 
within Inffeldgasse.Inffeldgasse13_1.Inffeldgasse13_1_DataBase;
record Inffeldgasse13_1_Office "Inffeldgasse13_1_Office"
  extends AixLib.DataBase.ThermalZones.ZoneBaseRecord(
    T_start = 293.15,
    withAirCap = true,
    VAir = 11179.033594687939,
    AZone = 2906.085125,
    alphaRad = 5.0,
    lat = 0.88645272708792,
    nOrientations = 10,
    AWin = {0.0, 9.314833826464376, 0.0, 24.863783911183923, 9.409203484391952, 24.780734346276606, 25.03435057740292, 4.364576451003314, 4.442157161778022, 24.755170335545948},
    ATransparent = {0.0, 9.314833826464376, 0.0, 24.863783911183923, 9.409203484391952, 24.780734346276606, 25.03435057740292, 4.364576451003314, 4.442157161778022, 24.755170335545948},
    alphaWin = 2.7,
    RWin = 0.002821324703739117,
    gWin = 0.67,
    UWin= 1.8936557576825384,
    ratioWinConRad = 0.029999999999999992,
    AExt = {363.260640625, 116.56129896359478, 24.231240234374997, 311.13329596967986, 117.74219495333715, 310.0940541169209, 313.2676842523663, 54.61618640039283, 55.586993673060114, 309.7741585231831},
    alphaExt = 2.503927437814028,
    nExt = 1,
    RExt = {1.3693189388465769e-05},
    RExtRem = 0.0009230142780459198 ,
    CExt = {802515289.0523463},
    AInt = 74726.16036265777,
    alphaInt = 2.223600000207695,
    nInt = 1,
    RInt = {7.411941384709941e-07},
    CInt = {10562260044.706459},
    AFloor = 0.0,
    alphaFloor = 0.0,
    nFloor = 1,
    RFloor = {0.00001},
    RFloorRem =  0.00001,
    CFloor = {0.00001},
    ARoof = 0.0,
    alphaRoof = 0.0,
    nRoof = 1,
    RRoof = {0.00001},
    RRoofRem = 0.00001,
    CRoof = {0.00001},
    nOrientationsRoof = 1,
    tiltRoof = {0.0},
    aziRoof = {0.0},
    wfRoof = {0.0},
    aRoof = 0.0,
    aExt = 0.5,
    TSoil = 286.15,
    alphaWallOut = 20.0,
    alphaRadWall = 5.0,
    alphaWinOut = 20.0,
    alphaRoofOut = 0.0,
    alphaRadRoof = 0.0,
    tiltExtWalls = {0.0, 1.5707963267948966, 0.0, 1.5707963267948966, 1.5707963267948966, 1.5707963267948966, 1.5707963267948966, 1.5707963267948966, 1.5707963267948966, 1.5707963267948966},
    aziExtWalls = {0.0, 2.576443213602647, 0.0, -0.5743048301672747, -0.5732977811444264, 1.001691816822258, -2.144344154849922, -2.136851235581553, 1.0259324113332073, 2.557029417403017},
    wfWall = {0.17355362996266716, 0.059594598141493545, 0.0, 0.1590739285390305, 0.06019835790207735, 0.15854259265707246, 0.16016518278135272, 0.027923759511026776, 0.028420106667431718, 0.15837903880578955},
    wfWin = {0.0, 0.07336547677710516, 0.0, 0.1958320883776102, 0.07410875090052307, 0.1951779735496843, 0.1971755052353415, 0.03437626888718478, 0.03498730993641127, 0.19497662633613963},
    wfGro = 0.0141488050320583,
    nrPeople = 145.30425625,
    ratioConvectiveHeatPeople = 0.5,
    nrPeopleMachines = 203.42595875,
    ratioConvectiveHeatMachines = 0.75,
    lightingPower = 12.5,
    ratioConvectiveHeatLighting = 0.9,
    useConstantACHrate = false,
    baseACH = 0.2,
    maxUserACH = 1.0,
    maxOverheatingACH = {3.0, 2.0},
    maxSummerACH = {1.0, 283.15, 290.15},
    winterReduction = {0.2, 273.15, 283.15},
    withAHU = false,
    minAHU = 0.0,
    maxAHU = 2.6,
    hHeat = 63484.71308746811,
    lHeat = 0,
    KRHeat = 10000,
    TNHeat = 1,
    HeaterOn = true,
    hCool = 0,
    lCool = 0.0,
    KRCool = 10000,
    TNCool = 1,
    CoolerOn = false);
end Inffeldgasse13_1_Office;
