 
within Inffeldgasse.Inffeldgasse13_1.Inffeldgasse13_1_DataBase;
record Inffeldgasse13_1_Restroom "Inffeldgasse13_1_Restroom"
  extends AixLib.DataBase.ThermalZones.ZoneBaseRecord(
    T_start = 293.15,
    withAirCap = true,
    VAir = 1002.0231331823944,
    AZone = 260.484459375,
    alphaRad = 5.0,
    lat = 0.88645272708792,
    nOrientations = 10,
    AWin = {0.0, 0.8349271783477215, 0.0, 2.228644045697583, 0.8433859220765957, 2.221199968843086, 2.243932643218432, 0.39121508432773605, 0.3981689651105909, 2.218908560564179},
    ATransparent = {0.0, 0.8349271783477215, 0.0, 2.228644045697583, 0.8433859220765957, 2.221199968843086, 2.243932643218432, 0.39121508432773605, 0.3981689651105909, 2.218908560564179},
    alphaWin = 2.6999999999999993,
    RWin = 0.031476003497497636,
    gWin = 0.6699999999999999,
    UWin= 1.893655757682538,
    ratioWinConRad = 0.029999999999999992,
    AExt = {32.560557421875, 10.447872529053921, 2.1719465332031245, 27.888167382648135, 10.553721133012536, 27.79501582633376, 28.07948145432795, 4.895475244425454, 4.982492725573071, 27.766342257870672},
    alphaExt = 2.503927437814028,
    nExt = 1,
    RExt = {0.00015276755508220323},
    RExtRem = 0.01029757425847149 ,
    CExt = {71932772.86017984},
    AInt = 3872.601244674736,
    alphaInt = 2.3468669699470666,
    nInt = 1,
    RInt = {1.6699927250252306e-05},
    CInt = {463606238.73144567},
    AFloor = 0.0,
    alphaFloor = 0.0,
    nFloor = 1,
    RFloor = {0.00001},
    RFloorRem =  0.00001,
    CFloor = {0.00001},
    ARoof = 0.0,
    alphaRoof = 0.0,
    nRoof = 1,
    RRoof = {0.00001},
    RRoofRem = 0.00001,
    CRoof = {0.00001},
    nOrientationsRoof = 1,
    tiltRoof = {0.0},
    aziRoof = {0.0},
    wfRoof = {0.0},
    aRoof = 0.0,
    aExt = 0.5,
    TSoil = 286.15,
    alphaWallOut = 20.0,
    alphaRadWall = 4.999999999999999,
    alphaWinOut = 20.0,
    alphaRoofOut = 0.0,
    alphaRadRoof = 0.0,
    tiltExtWalls = {0.0, 1.5707963267948966, 0.0, 1.5707963267948966, 1.5707963267948966, 1.5707963267948966, 1.5707963267948966, 1.5707963267948966, 1.5707963267948966, 1.5707963267948966},
    aziExtWalls = {0.0, 2.576443213602647, 0.0, -0.5743048301672747, -0.5732977811444264, 1.001691816822258, -2.144344154849922, -2.136851235581553, 1.0259324113332073, 2.557029417403017},
    wfWall = {0.1735536299626671, 0.05959459814149353, 0.0, 0.1590739285390305, 0.06019835790207734, 0.15854259265707246, 0.16016518278135267, 0.02792375951102677, 0.028420106667431708, 0.15837903880578952},
    wfWin = {0.0, 0.07336547677710516, 0.0, 0.1958320883776103, 0.0741087509005231, 0.19517797354968433, 0.19717550523534152, 0.034376268887184785, 0.03498730993641127, 0.19497662633613966},
    wfGro = 0.014148805032058297,
    nrPeople = 0.0,
    ratioConvectiveHeatPeople = 0.5,
    nrPeopleMachines = 0.0,
    ratioConvectiveHeatMachines = 0.75,
    lightingPower = 11.1,
    ratioConvectiveHeatLighting = 0.9,
    useConstantACHrate = false,
    baseACH = 0.2,
    maxUserACH = 1.0,
    maxOverheatingACH = {3.0, 2.0},
    maxSummerACH = {1.0, 283.15, 290.15},
    winterReduction = {0.2, 273.15, 283.15},
    withAHU = false,
    minAHU = 0.0,
    maxAHU = 8.0,
    hHeat = 5690.398063327933,
    lHeat = 0,
    KRHeat = 10000,
    TNHeat = 1,
    HeaterOn = true,
    hCool = 0,
    lCool = 0.0,
    KRCool = 10000,
    TNCool = 1,
    CoolerOn = false);
end Inffeldgasse13_1_Restroom;
