 
within Inffeldgasse.Inffeldgasse13_1.Inffeldgasse13_1_DataBase;
record Inffeldgasse13_1_Laboratory "Inffeldgasse13_1_Laboratory"
  extends AixLib.DataBase.ThermalZones.ZoneBaseRecord(
    T_start = 293.15,
    withAirCap = true,
    VAir = 8783.039504119151,
    AZone = 2283.2260265625,
    alphaRad = 5.000000000000001,
    lat = 0.88645272708792,
    nOrientations = 10,
    AWin = {0.0, 7.318392308170335, 0.0, 19.53474729851249, 7.392535786365262, 19.469497686083784, 19.668756535965645, 3.429119973852299, 3.490072867653037, 19.449412791067655},
    ATransparent = {0.0, 7.318392308170335, 0.0, 19.53474729851249, 7.392535786365262, 19.469497686083784, 19.668756535965645, 3.429119973852299, 3.490072867653037, 19.449412791067655},
    alphaWin = 2.7000000000000006,
    RWin = 0.0035909759519845955,
    gWin = 0.6700000000000002,
    UWin= 1.8936557576825384,
    ratioWinConRad = 0.030000000000000002,
    AExt = {285.4032533203125, 91.57880104548285, 19.037776245117186, 244.44832430300764, 92.50659646181397, 243.63182239612962, 246.12525070681338, 42.91033913225985, 43.67307399252314, 243.38048979092767},
    alphaExt = 2.503927437814028,
    nExt = 1,
    RExt = {1.7428661697387546e-05},
    RExtRem = 0.0011748105673227078 ,
    CExt = {630512774.3560661},
    AInt = 8387.16529854395,
    alphaInt = 2.223600000207694,
    nInt = 1,
    RInt = {6.603732021456741e-06},
    CInt = {1185494082.5439262},
    AFloor = 0.0,
    alphaFloor = 0.0,
    nFloor = 1,
    RFloor = {0.00001},
    RFloorRem =  0.00001,
    CFloor = {0.00001},
    ARoof = 0.0,
    alphaRoof = 0.0,
    nRoof = 1,
    RRoof = {0.00001},
    RRoofRem = 0.00001,
    CRoof = {0.00001},
    nOrientationsRoof = 1,
    tiltRoof = {0.0},
    aziRoof = {0.0},
    wfRoof = {0.0},
    aRoof = 0.0,
    aExt = 0.5,
    TSoil = 286.15,
    alphaWallOut = 20.0,
    alphaRadWall = 4.999999999999998,
    alphaWinOut = 20.0,
    alphaRoofOut = 0.0,
    alphaRadRoof = 0.0,
    tiltExtWalls = {0.0, 1.5707963267948966, 0.0, 1.5707963267948966, 1.5707963267948966, 1.5707963267948966, 1.5707963267948966, 1.5707963267948966, 1.5707963267948966, 1.5707963267948966},
    aziExtWalls = {0.0, 2.576443213602647, 0.0, -0.5743048301672747, -0.5732977811444264, 1.001691816822258, -2.144344154849922, -2.136851235581553, 1.0259324113332073, 2.557029417403017},
    wfWall = {0.17355362996266718, 0.05959459814149353, 0.0, 0.15907392853903046, 0.060198357902077344, 0.15854259265707246, 0.16016518278135267, 0.027923759511026765, 0.028420106667431708, 0.15837903880578952},
    wfWin = {0.0, 0.07336547677710517, 0.0, 0.19583208837761024, 0.07410875090052309, 0.1951779735496843, 0.19717550523534152, 0.03437626888718479, 0.03498730993641127, 0.1949766263361397},
    wfGro = 0.014148805032058296,
    nrPeople = 136.99356159375,
    ratioConvectiveHeatPeople = 0.5,
    nrPeopleMachines = 410.98068478125,
    ratioConvectiveHeatMachines = 0.75,
    lightingPower = 14.0,
    ratioConvectiveHeatLighting = 0.9,
    useConstantACHrate = false,
    baseACH = 0.2,
    maxUserACH = 1.0,
    maxOverheatingACH = {3.0, 2.0},
    maxSummerACH = {1.0, 283.15, 290.15},
    winterReduction = {0.2, 273.15, 283.15},
    withAHU = false,
    minAHU = 24.0,
    maxAHU = 48.0,
    hHeat = 49878.08098366016,
    lHeat = 0,
    KRHeat = 10000,
    TNHeat = 1,
    HeaterOn = true,
    hCool = 0,
    lCool = 0.0,
    KRCool = 10000,
    TNCool = 1,
    CoolerOn = false);
end Inffeldgasse13_1_Laboratory;
