 
within Inffeldgasse.Inffeldgasse13_1.Inffeldgasse13_1_DataBase;
record Inffeldgasse13_1_Meeting "Inffeldgasse13_1_Meeting"
  extends AixLib.DataBase.ThermalZones.ZoneBaseRecord(
    T_start = 293.15,
    withAirCap = true,
    VAir = 1912.0237337255894,
    AZone = 497.04687656249996,
    alphaRad = 4.999999999999999,
    lat = 0.88645272708792,
    nOrientations = 10,
    AWin = {0.0, 1.5931773709288155, 0.0, 4.252616699443347, 1.6093180349828917, 4.238412185445481, 4.281789839610681, 0.7465022527478229, 0.7597713926089847, 4.234039804341852},
    ATransparent = {0.0, 1.5931773709288155, 0.0, 4.252616699443347, 1.6093180349828917, 4.238412185445481, 4.281789839610681, 0.7465022527478229, 0.7597713926089847, 4.234039804341852},
    alphaWin = 2.7000000000000006,
    RWin = 0.01649544568318058,
    gWin = 0.6700000000000002,
    UWin= 1.8936557576825384,
    ratioWinConRad = 0.030000000000000002,
    AExt = {62.130859570312495, 19.936246560541665, 4.144428588867187, 53.21517653627756, 20.13822297829943, 53.03742815841238, 53.58023501999313, 9.341366027628162, 9.507409588593513, 52.98271430838588},
    alphaExt = 2.503927437814028,
    nExt = 1,
    RExt = {8.006000212864125e-05},
    RExtRem = 0.005396589718343348 ,
    CExt = {137259474.74340433},
    AInt = 7303.375603388678,
    alphaInt = 2.2236000002076945,
    nInt = 1,
    RInt = {7.5836976021809376e-06},
    CInt = {1032304509.595875},
    AFloor = 0.0,
    alphaFloor = 0.0,
    nFloor = 1,
    RFloor = {0.00001},
    RFloorRem =  0.00001,
    CFloor = {0.00001},
    ARoof = 0.0,
    alphaRoof = 0.0,
    nRoof = 1,
    RRoof = {0.00001},
    RRoofRem = 0.00001,
    CRoof = {0.00001},
    nOrientationsRoof = 1,
    tiltRoof = {0.0},
    aziRoof = {0.0},
    wfRoof = {0.0},
    aRoof = 0.0,
    aExt = 0.5,
    TSoil = 286.15,
    alphaWallOut = 20.0,
    alphaRadWall = 5.0,
    alphaWinOut = 20.0,
    alphaRoofOut = 0.0,
    alphaRadRoof = 0.0,
    tiltExtWalls = {0.0, 1.5707963267948966, 0.0, 1.5707963267948966, 1.5707963267948966, 1.5707963267948966, 1.5707963267948966, 1.5707963267948966, 1.5707963267948966, 1.5707963267948966},
    aziExtWalls = {0.0, 2.576443213602647, 0.0, -0.5743048301672747, -0.5732977811444264, 1.001691816822258, -2.144344154849922, -2.136851235581553, 1.0259324113332073, 2.557029417403017},
    wfWall = {0.17355362996266718, 0.059594598141493545, 0.0, 0.15907392853903052, 0.06019835790207736, 0.1585425926570725, 0.16016518278135272, 0.027923759511026783, 0.02842010666743172, 0.15837903880578955},
    wfWin = {0.0, 0.07336547677710517, 0.0, 0.19583208837761024, 0.07410875090052309, 0.19517797354968433, 0.1971755052353415, 0.034376268887184785, 0.03498730993641127, 0.19497662633613966},
    wfGro = 0.0141488050320583,
    nrPeople = 119.29125037499998,
    ratioConvectiveHeatPeople = 0.5,
    nrPeopleMachines = 9.940937531249999,
    ratioConvectiveHeatMachines = 0.75,
    lightingPower = 15.9,
    ratioConvectiveHeatLighting = 0.9,
    useConstantACHrate = false,
    baseACH = 0.2,
    maxUserACH = 1.0,
    maxOverheatingACH = {3.0, 2.0},
    maxSummerACH = {1.0, 283.15, 290.15},
    winterReduction = {0.2, 273.15, 283.15},
    withAHU = false,
    minAHU = 0.0,
    maxAHU = 12.0,
    hHeat = 10858.208549411465,
    lHeat = 0,
    KRHeat = 10000,
    TNHeat = 1,
    HeaterOn = true,
    hCool = 0,
    lCool = 0.0,
    KRCool = 10000,
    TNCool = 1,
    CoolerOn = false);
end Inffeldgasse13_1_Meeting;
