 
within Inffeldgasse.Inffeldgasse13_1.Inffeldgasse13_1_DataBase;
record Inffeldgasse13_1_Restroom "Inffeldgasse13_1_Restroom"
  extends AixLib.DataBase.ThermalZones.ZoneBaseRecord(
    T_start = 293.15,
    withAirCap = true,
    VAir = 681.6483899199962,
    AZone = 177.2003125,
    alphaRad = 4.999999999999999,
    lat = 0.88645272708792,
    nOrientations = 10,
    AWin = {0.0, 0.5679776723453889, 0.0, 1.5160843848282881, 0.5737319197799973, 1.511020386968086, 1.526484791305056, 0.26613271042703135, 0.2708632415718306, 1.5094616058259727},
    ATransparent = {0.0, 0.5679776723453889, 0.0, 1.5160843848282881, 0.5737319197799973, 1.511020386968086, 1.526484791305056, 0.26613271042703135, 0.2708632415718306, 1.5094616058259727},
    alphaWin = 2.7000000000000006,
    RWin = 0.046269725141321515,
    gWin = 0.67,
    UWin= 1.8936557576825386,
    ratioWinConRad = 0.03,
    AExt = {22.150039062500003, 7.107396278267976, 1.4775146484375001, 18.971542437175607, 7.179402131301047, 18.908174031519568, 19.101688064168677, 3.330255268316636, 3.389450833723178, 18.888668202633117},
    alphaExt = 2.503927437814028,
    nExt = 1,
    RExt = {0.00022456830597083856},
    RExtRem = 0.015137434159953085 ,
    CExt = {48933859.0885577},
    AInt = 1756.2817436166604,
    alphaInt = 2.346866969947067,
    nInt = 1,
    RInt = {3.682333958680634e-05},
    CInt = {210252262.46324062},
    AFloor = 0.0,
    alphaFloor = 0.0,
    nFloor = 1,
    RFloor = {0.00001},
    RFloorRem =  0.00001,
    CFloor = {0.00001},
    ARoof = 0.0,
    alphaRoof = 0.0,
    nRoof = 1,
    RRoof = {0.00001},
    RRoofRem = 0.00001,
    CRoof = {0.00001},
    nOrientationsRoof = 1,
    tiltRoof = {0.0},
    aziRoof = {0.0},
    wfRoof = {0.0},
    aRoof = 0.0,
    aExt = 0.5,
    TSoil = 286.15,
    alphaWallOut = 20.000000000000004,
    alphaRadWall = 5.000000000000001,
    alphaWinOut = 19.999999999999996,
    alphaRoofOut = 0.0,
    alphaRadRoof = 0.0,
    tiltExtWalls = {0.0, 1.5707963267948966, 0.0, 1.5707963267948966, 1.5707963267948966, 1.5707963267948966, 1.5707963267948966, 1.5707963267948966, 1.5707963267948966, 1.5707963267948966},
    aziExtWalls = {0.0, 2.576443213602647, 0.0, -0.5743048301672747, -0.5732977811444264, 1.001691816822258, -2.144344154849922, -2.136851235581553, 1.0259324113332073, 2.557029417403017},
    wfWall = {0.17355362996266716, 0.059594598141493565, 0.0, 0.15907392853903055, 0.06019835790207735, 0.1585425926570725, 0.1601651827813527, 0.02792375951102678, 0.028420106667431718, 0.15837903880578955},
    wfWin = {0.0, 0.07336547677710514, 0.0, 0.1958320883776102, 0.07410875090052309, 0.1951779735496843, 0.19717550523534147, 0.03437626888718477, 0.034987309936411255, 0.19497662633613963},
    wfGro = 0.0141488050320583,
    nrPeople = 0.0,
    ratioConvectiveHeatPeople = 0.5,
    nrPeopleMachines = 0.0,
    ratioConvectiveHeatMachines = 0.75,
    lightingPower = 11.1,
    ratioConvectiveHeatLighting = 0.9,
    useConstantACHrate = false,
    baseACH = 0.2,
    maxUserACH = 1.0,
    maxOverheatingACH = {3.0, 2.0},
    maxSummerACH = {1.0, 283.15, 290.15},
    winterReduction = {0.2, 273.15, 283.15},
    withAHU = false,
    minAHU = 0.0,
    maxAHU = 8.0,
    hHeat = 3871.019090699275,
    lHeat = 0,
    KRHeat = 10000,
    TNHeat = 1,
    HeaterOn = true,
    hCool = 0,
    lCool = 0.0,
    KRCool = 10000,
    TNCool = 1,
    CoolerOn = false);
end Inffeldgasse13_1_Restroom;
