 
within Inffeldgasse.Inffeldgasse13_1.Inffeldgasse13_1_DataBase;
record Inffeldgasse13_1_Storage "Inffeldgasse13_1_Storage"
  extends AixLib.DataBase.ThermalZones.ZoneBaseRecord(
    T_start = 293.15,
    withAirCap = true,
    VAir = 777.0791645087958,
    AZone = 202.00835625000002,
    alphaRad = 5.0,
    lat = 0.88645272708792,
    nOrientations = 10,
    AWin = {0.0, 0.6474945464737433, 0.0, 1.7283361987042483, 0.6540543885491967, 1.722563241143618, 1.740192662087764, 0.30339128988681574, 0.3087840953918869, 1.7207862306416086},
    ATransparent = {0.0, 0.6474945464737433, 0.0, 1.7283361987042483, 0.6540543885491967, 1.722563241143618, 1.740192662087764, 0.30339128988681574, 0.3087840953918869, 1.7207862306416086},
    alphaWin = 2.7,
    RWin = 0.040587478194141685,
    gWin = 0.6699999999999999,
    UWin= 1.8936557576825384,
    ratioWinConRad = 0.03,
    AExt = {25.251044531250002, 8.10243175722549, 1.68436669921875, 21.62755837838019, 8.184518429683193, 21.555318395932307, 21.77592439315229, 3.796491005880965, 3.863973950444423, 21.533081751001752},
    alphaExt = 2.503927437814028,
    nExt = 1,
    RExt = {0.00019698974207968308},
    RExtRem = 0.01327845101750271 ,
    CExt = {55784599.36095577},
    AInt = 3710.27102845949,
    alphaInt = 2.223600000207694,
    nInt = 1,
    RInt = {1.4927910016924595e-05},
    CInt = {524432772.2545887},
    AFloor = 0.0,
    alphaFloor = 0.0,
    nFloor = 1,
    RFloor = {0.00001},
    RFloorRem =  0.00001,
    CFloor = {0.00001},
    ARoof = 0.0,
    alphaRoof = 0.0,
    nRoof = 1,
    RRoof = {0.00001},
    RRoofRem = 0.00001,
    CRoof = {0.00001},
    nOrientationsRoof = 1,
    tiltRoof = {0.0},
    aziRoof = {0.0},
    wfRoof = {0.0},
    aRoof = 0.0,
    aExt = 0.5,
    TSoil = 286.15,
    alphaWallOut = 20.000000000000004,
    alphaRadWall = 5.000000000000002,
    alphaWinOut = 20.0,
    alphaRoofOut = 0.0,
    alphaRadRoof = 0.0,
    tiltExtWalls = {0.0, 1.5707963267948966, 0.0, 1.5707963267948966, 1.5707963267948966, 1.5707963267948966, 1.5707963267948966, 1.5707963267948966, 1.5707963267948966, 1.5707963267948966},
    aziExtWalls = {0.0, 2.576443213602647, 0.0, -0.5743048301672747, -0.5732977811444264, 1.001691816822258, -2.144344154849922, -2.136851235581553, 1.0259324113332073, 2.557029417403017},
    wfWall = {0.17355362996266716, 0.059594598141493545, 0.0, 0.15907392853903052, 0.06019835790207736, 0.15854259265707252, 0.1601651827813527, 0.027923759511026776, 0.02842010666743173, 0.15837903880578955},
    wfWin = {0.0, 0.07336547677710516, 0.0, 0.19583208837761026, 0.07410875090052309, 0.1951779735496843, 0.19717550523534152, 0.034376268887184785, 0.03498730993641126, 0.19497662633613969},
    wfGro = 0.014148805032058301,
    nrPeople = 0.0,
    ratioConvectiveHeatPeople = 0.5,
    nrPeopleMachines = 0.0,
    ratioConvectiveHeatMachines = 0.75,
    lightingPower = 11.3,
    ratioConvectiveHeatLighting = 0.9,
    useConstantACHrate = false,
    baseACH = 0.2,
    maxUserACH = 1.0,
    maxOverheatingACH = {3.0, 2.0},
    maxSummerACH = {1.0, 283.15, 290.15},
    winterReduction = {0.2, 273.15, 283.15},
    withAHU = false,
    minAHU = 0.0,
    maxAHU = 0.5,
    hHeat = 4412.961763397173,
    lHeat = 0,
    KRHeat = 10000,
    TNHeat = 1,
    HeaterOn = true,
    hCool = 0,
    lCool = 0.0,
    KRCool = 10000,
    TNCool = 1,
    CoolerOn = false);
end Inffeldgasse13_1_Storage;
