 
within Inffeldgasse.Inffeldgasse16B_1.Inffeldgasse16B_1_DataBase;
record Inffeldgasse16B_1_Storage "Inffeldgasse16B_1_Storage"
  extends AixLib.DataBase.ThermalZones.ZoneBaseRecord(
    T_start = 293.15,
    withAirCap = true,
    VAir = 8577.639780651032,
    AZone = 3218.63466796875,
    alphaRad = 5.0,
    lat = 0.88645272708792,
    nOrientations = 13,
    AWin = {3.312158249384414, 37.90479272448201, 4.551253531212698, 2.0424108448010276, 46.96752211905925, 3.3000881684850882, 1.6349981548434802, 10.677571917545654, 0.0, 4.5401436136711855, 4.479656953641052, 2.0847280455975623, 4.475224070457298},
    ATransparent = {3.312158249384414, 37.90479272448201, 4.551253531212698, 2.0424108448010276, 46.96752211905925, 3.3000881684850882, 1.6349981548434802, 10.677571917545654, 0.0, 4.5401436136711855, 4.479656953641052, 2.0847280455975623, 4.475224070457298},
    alphaWin = 2.7,
    RWin = 0.0028435928857421075,
    gWin = 0.67,
    UWin= 1.8936557576825384,
    ratioWinConRad = 0.029999999999999995,
    AExt = {41.446737012567134, 474.32213598473436, 56.9521725662562, 25.557735706564213, 587.7287227330928, 41.29569789212422, 20.459571505203552, 133.61394048171994, 804.6586669921877, 56.813148462966446, 56.05624782529208, 26.08727257058571, 56.00077688166836},
    alphaExt = 2.3620491006954594,
    nExt = 1,
    RExt = {1.1096906323209809e-05},
    RExtRem = 0.00077535893275485 ,
    CExt = {956713358.3563116},
    AInt = 36467.08756911456,
    alphaInt = 2.1704318525242354,
    nInt = 1,
    RInt = {1.4301566744421337e-06},
    CInt = {5494738970.333232},
    AFloor = 0.0,
    alphaFloor = 0.0,
    nFloor = 1,
    RFloor = {0.00001},
    RFloorRem =  0.00001,
    CFloor = {0.00001},
    ARoof = 0.0,
    alphaRoof = 0.0,
    nRoof = 1,
    RRoof = {0.00001},
    RRoofRem = 0.00001,
    CRoof = {0.00001},
    nOrientationsRoof = 1,
    tiltRoof = {0.0},
    aziRoof = {0.0},
    wfRoof = {0.0},
    aRoof = 0.0,
    aExt = 0.5,
    TSoil = 286.15,
    alphaWallOut = 20.0,
    alphaRadWall = 5.0,
    alphaWinOut = 20.0,
    alphaRoofOut = 0.0,
    alphaRadRoof = 0.0,
    tiltExtWalls = {1.5707963267948966, 1.5707963267948966, 1.5707963267948966, 1.5707963267948966, 1.5707963267948966, 1.5707963267948966, 1.5707963267948966, 1.5707963267948966, 0.0, 1.5707963267948966, 1.5707963267948966, 1.5707963267948966, 1.5707963267948966},
    aziExtWalls = {2.615516270198176, 2.6152008565886886, -2.096544777919651, -2.0973097209940224, -0.526513323214638, -0.5260763892995628, -0.5260641459597154, 2.6172206639492877, 0.0, 1.0491445175079934, -2.094312276009529, 1.044732162640909, 1.0447321557969373},
    wfWall = {0.017801599346311557, 0.20372394148486825, 0.024461268389332592, 0.010977186723027806, 0.2524326883257806, 0.017736727221228977, 0.008787497424041184, 0.057387915357879564, 0.3229558906651477, 0.024401556779574406, 0.024076463832142597, 0.011204625691011091, 0.024052638759653727},
    wfWin = {0.026293116062704347, 0.3009020220041683, 0.036129504787160836, 0.016213399646608125, 0.37284526199301515, 0.026197299373380636, 0.012979209630336016, 0.08476244688733668, 0.0, 0.03604131022356462, 0.03556114513099597, 0.016549328967678106, 0.03552595529305134},
    wfGro = 0,
    nrPeople = 0.0,
    ratioConvectiveHeatPeople = 0.5,
    nrPeopleMachines = 0.0,
    ratioConvectiveHeatMachines = 0.75,
    lightingPower = 11.3,
    ratioConvectiveHeatLighting = 0.9,
    useConstantACHrate = false,
    baseACH = 0.2,
    maxUserACH = 1.0,
    maxOverheatingACH = {3.0, 2.0},
    maxSummerACH = {1.0, 283.15, 290.15},
    winterReduction = {0.2, 273.15, 283.15},
    withAHU = false,
    minAHU = 0.0,
    maxAHU = 0.5,
    hHeat = 63925.554197445796,
    lHeat = 0,
    KRHeat = 10000,
    TNHeat = 1,
    HeaterOn = true,
    hCool = 0,
    lCool = 0.0,
    KRCool = 10000,
    TNCool = 1,
    CoolerOn = false);
end Inffeldgasse16B_1_Storage;
