 
within Inffeldgasse.Inffeldgasse16B_1.Inffeldgasse16B_1_DataBase;
record Inffeldgasse16B_1_Laboratory "Inffeldgasse16B_1_Laboratory"
  extends AixLib.DataBase.ThermalZones.ZoneBaseRecord(
    T_start = 293.15,
    withAirCap = true,
    VAir = 2456.0641905264124,
    AZone = 921.6023932617187,
    alphaRad = 5.0,
    lat = 0.88645272708792,
    nOrientations = 13,
    AWin = {0.9483813120737372, 10.853405650110014, 1.3031755944372359, 0.5848103052280276, 13.448367166757297, 0.9449252455762303, 0.46815447167018315, 3.057344759057239, 0.0, 1.2999944547145161, 1.2826751077258878, 0.5969271303894352, 1.2814058255076062},
    ATransparent = {0.9483813120737372, 10.853405650110014, 1.3031755944372359, 0.5848103052280276, 13.448367166757297, 0.9449252455762303, 0.46815447167018315, 3.057344759057239, 0.0, 1.2999944547145161, 1.2826751077258878, 0.5969271303894352, 1.2814058255076062},
    alphaWin = 2.6999999999999997,
    RWin = 0.009931057808179653,
    gWin = 0.67,
    UWin= 1.8936557576825384,
    ratioWinConRad = 0.030000000000000002,
    AExt = {11.867582364598388, 135.8142382702956, 16.307305411471358, 7.318031657312886, 168.2863242759089, 11.824334829778234, 5.858257307656617, 38.25812495793247, 230.40059831542973, 16.267498176562725, 16.0507722939753, 7.469655712711042, 16.03488911378437},
    alphaExt = 2.36204910069546,
    nExt = 1,
    RExt = {3.8755202525761824e-05},
    RExtRem = 0.002707889171437194 ,
    CExt = {273938924.9426905},
    AInt = 2610.435685155784,
    alphaInt = 2.1704318525242354,
    nInt = 1,
    RInt = {1.9978905812928524e-05},
    CInt = {393331731.29302055},
    AFloor = 0.0,
    alphaFloor = 0.0,
    nFloor = 1,
    RFloor = {0.00001},
    RFloorRem =  0.00001,
    CFloor = {0.00001},
    ARoof = 0.0,
    alphaRoof = 0.0,
    nRoof = 1,
    RRoof = {0.00001},
    RRoofRem = 0.00001,
    CRoof = {0.00001},
    nOrientationsRoof = 1,
    tiltRoof = {0.0},
    aziRoof = {0.0},
    wfRoof = {0.0},
    aRoof = 0.0,
    aExt = 0.5,
    TSoil = 286.15,
    alphaWallOut = 20.0,
    alphaRadWall = 5.0,
    alphaWinOut = 20.0,
    alphaRoofOut = 0.0,
    alphaRadRoof = 0.0,
    tiltExtWalls = {1.5707963267948966, 1.5707963267948966, 1.5707963267948966, 1.5707963267948966, 1.5707963267948966, 1.5707963267948966, 1.5707963267948966, 1.5707963267948966, 0.0, 1.5707963267948966, 1.5707963267948966, 1.5707963267948966, 1.5707963267948966},
    aziExtWalls = {2.615516270198176, 2.6152008565886886, -2.096544777919651, -2.0973097209940224, -0.526513323214638, -0.5260763892995628, -0.5260641459597154, 2.6172206639492877, 0.0, 1.0491445175079934, -2.094312276009529, 1.044732162640909, 1.0447321557969373},
    wfWall = {0.01780159934631156, 0.20372394148486822, 0.02446126838933259, 0.010977186723027808, 0.2524326883257806, 0.01773672722122898, 0.008787497424041186, 0.05738791535787958, 0.32295589066514774, 0.024401556779574406, 0.024076463832142594, 0.011204625691011093, 0.024052638759653723},
    wfWin = {0.02629311606270434, 0.30090202200416827, 0.036129504787160836, 0.016213399646608125, 0.37284526199301504, 0.026197299373380636, 0.012979209630336015, 0.08476244688733665, 0.0, 0.036041310223564625, 0.03556114513099598, 0.016549328967678106, 0.03552595529305133},
    wfGro = 0,
    nrPeople = 55.29614359570312,
    ratioConvectiveHeatPeople = 0.5,
    nrPeopleMachines = 165.88843078710937,
    ratioConvectiveHeatMachines = 0.75,
    lightingPower = 14.0,
    ratioConvectiveHeatLighting = 0.9,
    useConstantACHrate = false,
    baseACH = 0.2,
    maxUserACH = 1.0,
    maxOverheatingACH = {3.0, 2.0},
    maxSummerACH = {1.0, 283.15, 290.15},
    winterReduction = {0.2, 273.15, 283.15},
    withAHU = false,
    minAHU = 24.0,
    maxAHU = 48.0,
    hHeat = 18304.017018535313,
    lHeat = 0,
    KRHeat = 10000,
    TNHeat = 1,
    HeaterOn = true,
    hCool = 0,
    lCool = 0.0,
    KRCool = 10000,
    TNCool = 1,
    CoolerOn = false);
end Inffeldgasse16B_1_Laboratory;
