 
within Inffeldgasse.Inffeldgasse25D_5.Inffeldgasse25D_5_DataBase;
record Inffeldgasse25D_5_ICT "Inffeldgasse25D_5_ICT"
  extends AixLib.DataBase.ThermalZones.ZoneBaseRecord(
    T_start = 293.15,
    withAirCap = true,
    VAir = 220.84532528237406,
    AZone = 77.69407919921876,
    alphaRad = 4.999999999999998,
    lat = 0.88645272708792,
    nOrientations = 8,
    AWin = {0.5181411706381398, 0.0, 0.0, 0.5268604786739145, 0.7547113071183174, 0.7246680586102596, 0.2107217737820805, 0.24153769200808314},
    ATransparent = {0.5181411706381398, 0.0, 0.0, 0.5268604786739145, 0.7547113071183174, 0.7246680586102596, 0.2107217737820805, 0.24153769200808314},
    alphaWin = 2.7000000000000006,
    RWin = 0.05484884962556206,
    gWin = 0.7800000000000001,
    UWin= 3.001782134105591,
    ratioWinConRad = 0.030000000000000006,
    AExt = {6.483766540688075, 19.42351979980469, 19.42351979980469, 6.592875719622228, 9.444090140426512, 9.068143544231088, 2.636869763813602, 3.022485172966013},
    alphaExt = 2.1894946906177726,
    nExt = 1,
    RExt = {0.0003970204559808482},
    RExtRem = 0.010312684799039247 ,
    CExt = {24529833.52051191},
    AInt = 453.92756288003034,
    alphaInt = 2.1865210737175302,
    nInt = 1,
    RInt = {0.00013977098931946944},
    CInt = {125597526.07659422},
    AFloor = 0.0,
    alphaFloor = 0.0,
    nFloor = 1,
    RFloor = {0.00001},
    RFloorRem =  0.00001,
    CFloor = {0.00001},
    ARoof = 0.0,
    alphaRoof = 0.0,
    nRoof = 1,
    RRoof = {0.00001},
    RRoofRem = 0.00001,
    CRoof = {0.00001},
    nOrientationsRoof = 1,
    tiltRoof = {0.0},
    aziRoof = {0.0},
    wfRoof = {0.0},
    aRoof = 0.0,
    aExt = 0.5,
    TSoil = 286.15,
    alphaWallOut = 20.0,
    alphaRadWall = 4.999999999999999,
    alphaWinOut = 20.0,
    alphaRoofOut = 0.0,
    alphaRadRoof = 0.0,
    tiltExtWalls = {1.5707963267948966, 0.0, 0.0, 1.5707963267948966, 1.5707963267948966, 1.5707963267948966, 1.5707963267948966, 1.5707963267948966},
    aziExtWalls = {-0.5248422550624895, 0.0, 0.0, 2.618214023806666, -2.0913011358296365, 1.0412643256860503, -2.091301135912982, 1.041264325691385},
    wfWall = {0.0797405167330353, 0.20611682666950698, 0.0, 0.08108239452180639, 0.11614801722812422, 0.11152444300525167, 0.03242950778759832, 0.03717199377827542},
    wfWin = {0.17406911381300713, 0.0, 0.0, 0.1769983584066777, 0.2535446628434193, 0.24345165742286798, 0.07079181215840587, 0.08114439535562215},
    wfGro = 0.3357863002764017,
    nrPeople = 2.330822375976563,
    ratioConvectiveHeatPeople = 0.5,
    nrPeopleMachines = 116.54111879882815,
    ratioConvectiveHeatMachines = 0.75,
    lightingPower = 7.1,
    ratioConvectiveHeatLighting = 0.9,
    useConstantACHrate = false,
    baseACH = 0.2,
    maxUserACH = 1.0,
    maxOverheatingACH = {3.0, 2.0},
    maxSummerACH = {1.0, 283.15, 290.15},
    winterReduction = {0.2, 273.15, 283.15},
    withAHU = false,
    minAHU = 0.0,
    maxAHU = 130.0,
    hHeat = 2600.087258433422,
    lHeat = 0,
    KRHeat = 10000,
    TNHeat = 1,
    HeaterOn = true,
    hCool = 0,
    lCool = 0.0,
    KRCool = 10000,
    TNCool = 1,
    CoolerOn = false);
end Inffeldgasse25D_5_ICT;
