 
within Inffeldgasse.Inffeldgasse25D_5.Inffeldgasse25D_5_DataBase;
record Inffeldgasse25D_5_Meeting "Inffeldgasse25D_5_Meeting"
  extends AixLib.DataBase.ThermalZones.ZoneBaseRecord(
    T_start = 293.15,
    withAirCap = true,
    VAir = 337.5864509084791,
    AZone = 118.76397392578124,
    alphaRad = 5.0,
    lat = 0.88645272708792,
    nOrientations = 8,
    AWin = {0.7920359583869111, 0.0, 0.0, 0.8053643829320599, 1.1536595185105611, 1.1077350977666365, 0.3221114852636162, 0.3692170169387864},
    ATransparent = {0.7920359583869111, 0.0, 0.0, 0.8053643829320599, 1.1536595185105611, 1.1077350977666365, 0.3221114852636162, 0.3692170169387864},
    alphaWin = 2.700000000000001,
    RWin = 0.035881511252373044,
    gWin = 0.7800000000000001,
    UWin= 3.001782134105592,
    ratioWinConRad = 0.03,
    AExt = {9.91115266846324, 29.69099348144531, 29.69099348144531, 10.077938089122805, 14.436333974875401, 13.86165811529602, 4.03074642370417, 4.620202130882651},
    alphaExt = 2.1894946906177726,
    nExt = 1,
    RExt = {0.00025972639455431646},
    RExtRem = 0.006746444422900898 ,
    CExt = {37496557.506831504},
    AInt = 1387.7567453716456,
    alphaInt = 2.1865210737175302,
    nInt = 1,
    RInt = {4.571831825333799e-05},
    CInt = {383979357.65105915},
    AFloor = 0.0,
    alphaFloor = 0.0,
    nFloor = 1,
    RFloor = {0.00001},
    RFloorRem =  0.00001,
    CFloor = {0.00001},
    ARoof = 0.0,
    alphaRoof = 0.0,
    nRoof = 1,
    RRoof = {0.00001},
    RRoofRem = 0.00001,
    CRoof = {0.00001},
    nOrientationsRoof = 1,
    tiltRoof = {0.0},
    aziRoof = {0.0},
    wfRoof = {0.0},
    aRoof = 0.0,
    aExt = 0.5,
    TSoil = 286.15,
    alphaWallOut = 19.999999999999996,
    alphaRadWall = 4.999999999999999,
    alphaWinOut = 20.0,
    alphaRoofOut = 0.0,
    alphaRadRoof = 0.0,
    tiltExtWalls = {1.5707963267948966, 0.0, 0.0, 1.5707963267948966, 1.5707963267948966, 1.5707963267948966, 1.5707963267948966, 1.5707963267948966},
    aziExtWalls = {-0.5248422550624895, 0.0, 0.0, 2.618214023806666, -2.0913011358296365, 1.0412643256860503, -2.091301135912982, 1.041264325691385},
    wfWall = {0.0797405167330353, 0.20611682666950698, 0.0, 0.08108239452180639, 0.1161480172281242, 0.11152444300525166, 0.032429507787598316, 0.03717199377827541},
    wfWin = {0.17406911381300708, 0.0, 0.0, 0.17699835840667769, 0.25354466284341926, 0.24345165742286795, 0.07079181215840584, 0.08114439535562212},
    wfGro = 0.3357863002764017,
    nrPeople = 28.5033537421875,
    ratioConvectiveHeatPeople = 0.5,
    nrPeopleMachines = 2.375279478515625,
    ratioConvectiveHeatMachines = 0.75,
    lightingPower = 15.9,
    ratioConvectiveHeatLighting = 0.9,
    useConstantACHrate = false,
    baseACH = 0.2,
    maxUserACH = 1.0,
    maxOverheatingACH = {3.0, 2.0},
    maxSummerACH = {1.0, 283.15, 290.15},
    winterReduction = {0.2, 273.15, 283.15},
    withAHU = false,
    minAHU = 0.0,
    maxAHU = 12.0,
    hHeat = 3974.5203051257486,
    lHeat = 0,
    KRHeat = 10000,
    TNHeat = 1,
    HeaterOn = true,
    hCool = 0,
    lCool = 0.0,
    KRCool = 10000,
    TNCool = 1,
    CoolerOn = false);
end Inffeldgasse25D_5_Meeting;
