 
within Inffeldgasse.Inffeldgasse25D_5.Inffeldgasse25D_5_DataBase;
record Inffeldgasse25D_5_Floor "Inffeldgasse25D_5_Floor"
  extends AixLib.DataBase.ThermalZones.ZoneBaseRecord(
    T_start = 293.15,
    withAirCap = true,
    VAir = 1620.5353160366028,
    AZone = 570.1094149414063,
    alphaRad = 4.999999999999999,
    lat = 0.88645272708792,
    nOrientations = 8,
    AWin = {3.802054966017739, 0.0, 0.0, 3.866036155500958, 5.537976975666562, 5.317523383753213, 1.5462499640194625, 1.7723733094762064},
    ATransparent = {3.802054966017739, 0.0, 0.0, 3.866036155500958, 5.537976975666562, 5.317523383753213, 1.5462499640194625, 1.7723733094762064},
    alphaWin = 2.7,
    RWin = 0.007474759677898729,
    gWin = 0.7799999999999999,
    UWin= 3.0017821341055915,
    ratioWinConRad = 0.029999999999999995,
    AExt = {47.57706619638415, 142.52735373535157, 142.52735373535157, 48.377695675593074, 69.29954972253023, 66.54090072101994, 19.349019820027326, 22.17861735912118},
    alphaExt = 2.1894946906177726,
    nExt = 1,
    RExt = {5.4105646990334664e-05},
    RExtRem = 0.0014054048723532882 ,
    CExt = {179996843.78947842},
    AInt = 15664.464288710577,
    alphaInt = 2.372444289194711,
    nInt = 1,
    RInt = {4.322232365736588e-06},
    CInt = {3371394678.3917575},
    AFloor = 0.0,
    alphaFloor = 0.0,
    nFloor = 1,
    RFloor = {0.00001},
    RFloorRem =  0.00001,
    CFloor = {0.00001},
    ARoof = 0.0,
    alphaRoof = 0.0,
    nRoof = 1,
    RRoof = {0.00001},
    RRoofRem = 0.00001,
    CRoof = {0.00001},
    nOrientationsRoof = 1,
    tiltRoof = {0.0},
    aziRoof = {0.0},
    wfRoof = {0.0},
    aRoof = 0.0,
    aExt = 0.5,
    TSoil = 286.15,
    alphaWallOut = 20.0,
    alphaRadWall = 4.999999999999999,
    alphaWinOut = 19.999999999999996,
    alphaRoofOut = 0.0,
    alphaRadRoof = 0.0,
    tiltExtWalls = {1.5707963267948966, 0.0, 0.0, 1.5707963267948966, 1.5707963267948966, 1.5707963267948966, 1.5707963267948966, 1.5707963267948966},
    aziExtWalls = {-0.5248422550624895, 0.0, 0.0, 2.618214023806666, -2.0913011358296365, 1.0412643256860503, -2.091301135912982, 1.041264325691385},
    wfWall = {0.0797405167330353, 0.206116826669507, 0.0, 0.08108239452180638, 0.1161480172281242, 0.11152444300525167, 0.032429507787598316, 0.037171993778275424},
    wfWin = {0.17406911381300708, 0.0, 0.0, 0.17699835840667769, 0.2535446628434192, 0.24345165742286792, 0.07079181215840584, 0.0811443953556221},
    wfGro = 0.3357863002764017,
    nrPeople = 0.0,
    ratioConvectiveHeatPeople = 0.5,
    nrPeopleMachines = 0.0,
    ratioConvectiveHeatMachines = 0.75,
    lightingPower = 7.0,
    ratioConvectiveHeatLighting = 0.9,
    useConstantACHrate = false,
    baseACH = 0.2,
    maxUserACH = 1.0,
    maxOverheatingACH = {3.0, 2.0},
    maxSummerACH = {1.0, 283.15, 290.15},
    winterReduction = {0.2, 273.15, 283.15},
    withAHU = false,
    minAHU = 0.0,
    maxAHU = 2.0,
    hHeat = 19079.114405888842,
    lHeat = 0,
    KRHeat = 10000,
    TNHeat = 1,
    HeaterOn = true,
    hCool = 0,
    lCool = 0.0,
    KRCool = 10000,
    TNCool = 1,
    CoolerOn = false);
end Inffeldgasse25D_5_Floor;
