 
within Inffeldgasse.Inffeldgasse25D_5.Inffeldgasse25D_5_DataBase;
record Inffeldgasse25D_5_Office "Inffeldgasse25D_5_Office"
  extends AixLib.DataBase.ThermalZones.ZoneBaseRecord(
    T_start = 293.15,
    withAirCap = true,
    VAir = 1973.767484812498,
    AZone = 694.3776015625,
    alphaRad = 4.999999999999997,
    lat = 0.88645272708792,
    nOrientations = 8,
    AWin = {4.630798473278197, 0.0, 0.0, 4.7087258039521505, 6.745103780240001, 6.47659736305627, 1.8832899673166865, 2.1587019885191077},
    ATransparent = {4.630798473278197, 0.0, 0.0, 4.7087258039521505, 6.745103780240001, 6.47659736305627, 1.8832899673166865, 2.1587019885191077},
    alphaWin = 2.7,
    RWin = 0.006137051162372341,
    gWin = 0.7799999999999999,
    UWin= 3.0017821341055906,
    ratioWinConRad = 0.029999999999999995,
    AExt = {57.94755927372447, 173.594400390625, 173.594400390625, 58.92270397918502, 84.40494730408435, 81.04498862419064, 23.566574455881778, 27.01294650498235},
    alphaExt = 2.189494690617773,
    nExt = 1,
    RExt = {4.442271565395466e-05},
    RExtRem = 0.001153888817453477 ,
    CExt = {219231209.6656105},
    AInt = 14199.151013249997,
    alphaInt = 2.1865210737175302,
    nInt = 1,
    RInt = {4.468288595840179e-06},
    CInt = {3928772750.2978287},
    AFloor = 0.0,
    alphaFloor = 0.0,
    nFloor = 1,
    RFloor = {0.00001},
    RFloorRem =  0.00001,
    CFloor = {0.00001},
    ARoof = 0.0,
    alphaRoof = 0.0,
    nRoof = 1,
    RRoof = {0.00001},
    RRoofRem = 0.00001,
    CRoof = {0.00001},
    nOrientationsRoof = 1,
    tiltRoof = {0.0},
    aziRoof = {0.0},
    wfRoof = {0.0},
    aRoof = 0.0,
    aExt = 0.5,
    TSoil = 286.15,
    alphaWallOut = 20.000000000000004,
    alphaRadWall = 5.0,
    alphaWinOut = 19.999999999999996,
    alphaRoofOut = 0.0,
    alphaRadRoof = 0.0,
    tiltExtWalls = {1.5707963267948966, 0.0, 0.0, 1.5707963267948966, 1.5707963267948966, 1.5707963267948966, 1.5707963267948966, 1.5707963267948966},
    aziExtWalls = {-0.5248422550624895, 0.0, 0.0, 2.618214023806666, -2.0913011358296365, 1.0412643256860503, -2.091301135912982, 1.041264325691385},
    wfWall = {0.07974051673303527, 0.20611682666950695, 0.0, 0.08108239452180639, 0.11614801722812422, 0.11152444300525166, 0.03242950778759831, 0.03717199377827541},
    wfWin = {0.1740691138130071, 0.0, 0.0, 0.17699835840667774, 0.2535446628434193, 0.243451657422868, 0.07079181215840585, 0.08114439535562211},
    wfGro = 0.3357863002764018,
    nrPeople = 34.718880078125,
    ratioConvectiveHeatPeople = 0.5,
    nrPeopleMachines = 48.606432109375,
    ratioConvectiveHeatMachines = 0.75,
    lightingPower = 12.5,
    ratioConvectiveHeatLighting = 0.9,
    useConstantACHrate = false,
    baseACH = 0.2,
    maxUserACH = 1.0,
    maxOverheatingACH = {3.0, 2.0},
    maxSummerACH = {1.0, 283.15, 290.15},
    winterReduction = {0.2, 273.15, 283.15},
    withAHU = false,
    minAHU = 0.0,
    maxAHU = 2.6,
    hHeat = 23237.83707809706,
    lHeat = 0,
    KRHeat = 10000,
    TNHeat = 1,
    HeaterOn = true,
    hCool = 0,
    lCool = 0.0,
    KRCool = 10000,
    TNCool = 1,
    CoolerOn = false);
end Inffeldgasse25D_5_Office;
