 
within Inffeldgasse.Inffeldgasse25D_5.Inffeldgasse25D_5_DataBase;
record Inffeldgasse25D_5_Storage "Inffeldgasse25D_5_Storage"
  extends AixLib.DataBase.ThermalZones.ZoneBaseRecord(
    T_start = 293.15,
    withAirCap = true,
    VAir = 5415.82541564405,
    AZone = 1905.30439453125,
    alphaRad = 5.0,
    lat = 0.88645272708792,
    nOrientations = 8,
    AWin = {12.706459225458469, 0.0, 0.0, 12.920284218161392, 18.507906714073176, 17.77115130106904, 5.167563934710422, 5.923267651424382},
    ATransparent = {12.706459225458469, 0.0, 0.0, 12.920284218161392, 18.507906714073176, 17.77115130106904, 5.167563934710422, 5.923267651424382},
    alphaWin = 2.6999999999999997,
    RWin = 0.0022366142013979192,
    gWin = 0.78,
    UWin= 3.0017821341055915,
    ratioWinConRad = 0.029999999999999995,
    AExt = {159.00244922668304, 476.3260986328126, 476.3260986328126, 161.678151162398, 231.5989407734022, 222.3795419566207, 64.66438112894392, 74.12088980025646},
    alphaExt = 2.1894946906177726,
    nExt = 1,
    RExt = {1.6189611927219034e-05},
    RExtRem = 0.0004205283690274893 ,
    CExt = {601549050.9117362},
    AInt = 22263.4771984756,
    alphaInt = 2.18652107371753,
    nInt = 1,
    RInt = {2.8497751711247345e-06},
    CInt = {6160096646.808435},
    AFloor = 0.0,
    alphaFloor = 0.0,
    nFloor = 1,
    RFloor = {0.00001},
    RFloorRem =  0.00001,
    CFloor = {0.00001},
    ARoof = 0.0,
    alphaRoof = 0.0,
    nRoof = 1,
    RRoof = {0.00001},
    RRoofRem = 0.00001,
    CRoof = {0.00001},
    nOrientationsRoof = 1,
    tiltRoof = {0.0},
    aziRoof = {0.0},
    wfRoof = {0.0},
    aRoof = 0.0,
    aExt = 0.5,
    TSoil = 286.15,
    alphaWallOut = 20.000000000000004,
    alphaRadWall = 5.000000000000001,
    alphaWinOut = 19.999999999999996,
    alphaRoofOut = 0.0,
    alphaRadRoof = 0.0,
    tiltExtWalls = {1.5707963267948966, 0.0, 0.0, 1.5707963267948966, 1.5707963267948966, 1.5707963267948966, 1.5707963267948966, 1.5707963267948966},
    aziExtWalls = {-0.5248422550624895, 0.0, 0.0, 2.618214023806666, -2.0913011358296365, 1.0412643256860503, -2.091301135912982, 1.041264325691385},
    wfWall = {0.07974051673303527, 0.20611682666950698, 0.0, 0.08108239452180639, 0.11614801722812422, 0.11152444300525167, 0.03242950778759831, 0.03717199377827542},
    wfWin = {0.17406911381300708, 0.0, 0.0, 0.17699835840667769, 0.2535446628434193, 0.24345165742286795, 0.07079181215840587, 0.08114439535562211},
    wfGro = 0.33578630027640166,
    nrPeople = 0.0,
    ratioConvectiveHeatPeople = 0.5,
    nrPeopleMachines = 0.0,
    ratioConvectiveHeatMachines = 0.75,
    lightingPower = 11.3,
    ratioConvectiveHeatLighting = 0.9,
    useConstantACHrate = false,
    baseACH = 0.2,
    maxUserACH = 1.0,
    maxOverheatingACH = {3.0, 2.0},
    maxSummerACH = {1.0, 283.15, 290.15},
    winterReduction = {0.2, 273.15, 283.15},
    withAHU = false,
    minAHU = 0.0,
    maxAHU = 0.5,
    hHeat = 63762.35783624197,
    lHeat = 0,
    KRHeat = 10000,
    TNHeat = 1,
    HeaterOn = true,
    hCool = 0,
    lCool = 0.0,
    KRCool = 10000,
    TNCool = 1,
    CoolerOn = false);
end Inffeldgasse25D_5_Storage;
