 
within Inffeldgasse.Inffeldgasse25D_5.Inffeldgasse25D_5_DataBase;
record Inffeldgasse25D_5_Laboratory "Inffeldgasse25D_5_Laboratory"
  extends AixLib.DataBase.ThermalZones.ZoneBaseRecord(
    T_start = 293.15,
    withAirCap = true,
    VAir = 1550.7313440127461,
    AZone = 545.5521583007812,
    alphaRad = 5.0,
    lat = 0.88645272708792,
    nOrientations = 8,
    AWin = {3.6382828248896075, 0.0, 0.0, 3.699508047800211, 5.2994306224629515, 5.0884729892061005, 1.4796458066387503, 1.6960289708578478},
    ATransparent = {3.6382828248896075, 0.0, 0.0, 3.699508047800211, 5.2994306224629515, 5.0884729892061005, 1.4796458066387503, 1.6960289708578478},
    alphaWin = 2.6999999999999997,
    RWin = 0.007811225383229057,
    gWin = 0.7799999999999999,
    UWin= 3.001782134105591,
    ratioWinConRad = 0.03,
    AExt = {45.527701295240234, 136.3880395751953, 136.3880395751953, 46.29384394949994, 66.31449670811749, 63.67467551357905, 18.515567796587604, 21.223281446140096},
    alphaExt = 2.1894946906177726,
    nExt = 1,
    RExt = {5.654113595070679e-05},
    RExtRem = 0.0014686671793742352 ,
    CExt = {172243544.91106042},
    AInt = 1593.693909457545,
    alphaInt = 2.1865210737175302,
    nInt = 1,
    RInt = {3.981059610418723e-05},
    CInt = {440960251.6340372},
    AFloor = 0.0,
    alphaFloor = 0.0,
    nFloor = 1,
    RFloor = {0.00001},
    RFloorRem =  0.00001,
    CFloor = {0.00001},
    ARoof = 0.0,
    alphaRoof = 0.0,
    nRoof = 1,
    RRoof = {0.00001},
    RRoofRem = 0.00001,
    CRoof = {0.00001},
    nOrientationsRoof = 1,
    tiltRoof = {0.0},
    aziRoof = {0.0},
    wfRoof = {0.0},
    aRoof = 0.0,
    aExt = 0.5,
    TSoil = 286.15,
    alphaWallOut = 20.0,
    alphaRadWall = 5.0,
    alphaWinOut = 19.999999999999996,
    alphaRoofOut = 0.0,
    alphaRadRoof = 0.0,
    tiltExtWalls = {1.5707963267948966, 0.0, 0.0, 1.5707963267948966, 1.5707963267948966, 1.5707963267948966, 1.5707963267948966, 1.5707963267948966},
    aziExtWalls = {-0.5248422550624895, 0.0, 0.0, 2.618214023806666, -2.0913011358296365, 1.0412643256860503, -2.091301135912982, 1.041264325691385},
    wfWall = {0.07974051673303528, 0.20611682666950695, 0.0, 0.08108239452180636, 0.1161480172281242, 0.11152444300525165, 0.03242950778759831, 0.03717199377827542},
    wfWin = {0.1740691138130071, 0.0, 0.0, 0.17699835840667774, 0.25354466284341926, 0.24345165742286795, 0.07079181215840585, 0.08114439535562211},
    wfGro = 0.3357863002764017,
    nrPeople = 32.73312949804688,
    ratioConvectiveHeatPeople = 0.5,
    nrPeopleMachines = 98.19938849414063,
    ratioConvectiveHeatMachines = 0.75,
    lightingPower = 14.0,
    ratioConvectiveHeatLighting = 0.9,
    useConstantACHrate = false,
    baseACH = 0.2,
    maxUserACH = 1.0,
    maxOverheatingACH = {3.0, 2.0},
    maxSummerACH = {1.0, 283.15, 290.15},
    winterReduction = {0.2, 273.15, 283.15},
    withAHU = false,
    minAHU = 24.0,
    maxAHU = 48.0,
    hHeat = 18257.288460443946,
    lHeat = 0,
    KRHeat = 10000,
    TNHeat = 1,
    HeaterOn = true,
    hCool = 0,
    lCool = 0.0,
    KRCool = 10000,
    TNCool = 1,
    CoolerOn = false);
end Inffeldgasse25D_5_Laboratory;
