 
within Inffeldgasse.Inffeldgasse25D_5.Inffeldgasse25D_5_DataBase;
record Inffeldgasse25D_5_Storage "Inffeldgasse25D_5_Storage"
  extends AixLib.DataBase.ThermalZones.ZoneBaseRecord(
    T_start = 293.15,
    withAirCap = true,
    VAir = 137.20091052964926,
    AZone = 48.267711328125,
    alphaRad = 5.0,
    lat = 0.88645272708792,
    nOrientations = 8,
    AWin = {0.32189696704494786, 0.0, 0.0, 0.32731386686008856, 0.4688669700898538, 0.45020249962708225, 0.13091161967933065, 0.15005611383608433},
    ATransparent = {0.32189696704494786, 0.0, 0.0, 0.32731386686008856, 0.4688669700898538, 0.45020249962708225, 0.13091161967933065, 0.15005611383608433},
    alphaWin = 2.7000000000000006,
    RWin = 0.08828740268675998,
    gWin = 0.78,
    UWin= 3.0017821341055915,
    ratioWinConRad = 0.030000000000000002,
    AExt = {4.02806204707597, 12.06692783203125, 12.06692783203125, 4.095846496114081, 5.867173166259522, 5.633615062901057, 1.6381643219332458, 1.8777292082731634},
    alphaExt = 2.1894946906177726,
    nExt = 1,
    RExt = {0.0006390636287060143},
    RExtRem = 0.01659980404055879 ,
    CExt = {15239242.62309732},
    AInt = 705.0101112850607,
    alphaInt = 2.1865210737175307,
    nInt = 1,
    RInt = {8.999290014078116e-05},
    CInt = {195069727.1489338},
    AFloor = 0.0,
    alphaFloor = 0.0,
    nFloor = 1,
    RFloor = {0.00001},
    RFloorRem =  0.00001,
    CFloor = {0.00001},
    ARoof = 0.0,
    alphaRoof = 0.0,
    nRoof = 1,
    RRoof = {0.00001},
    RRoofRem = 0.00001,
    CRoof = {0.00001},
    nOrientationsRoof = 1,
    tiltRoof = {0.0},
    aziRoof = {0.0},
    wfRoof = {0.0},
    aRoof = 0.0,
    aExt = 0.5,
    TSoil = 286.15,
    alphaWallOut = 20.0,
    alphaRadWall = 5.0,
    alphaWinOut = 20.0,
    alphaRoofOut = 0.0,
    alphaRadRoof = 0.0,
    tiltExtWalls = {1.5707963267948966, 0.0, 0.0, 1.5707963267948966, 1.5707963267948966, 1.5707963267948966, 1.5707963267948966, 1.5707963267948966},
    aziExtWalls = {-0.5248422550624895, 0.0, 0.0, 2.618214023806666, -2.0913011358296365, 1.0412643256860503, -2.091301135912982, 1.041264325691385},
    wfWall = {0.0797405167330353, 0.206116826669507, 0.0, 0.08108239452180639, 0.1161480172281242, 0.11152444300525167, 0.032429507787598316, 0.037171993778275424},
    wfWin = {0.17406911381300708, 0.0, 0.0, 0.17699835840667769, 0.25354466284341926, 0.24345165742286792, 0.07079181215840585, 0.08114439535562211},
    wfGro = 0.3357863002764018,
    nrPeople = 0.0,
    ratioConvectiveHeatPeople = 0.5,
    nrPeopleMachines = 0.0,
    ratioConvectiveHeatMachines = 0.75,
    lightingPower = 11.3,
    ratioConvectiveHeatLighting = 0.9,
    useConstantACHrate = false,
    baseACH = 0.2,
    maxUserACH = 1.0,
    maxOverheatingACH = {3.0, 2.0},
    maxSummerACH = {1.0, 283.15, 290.15},
    winterReduction = {0.2, 273.15, 283.15},
    withAHU = false,
    minAHU = 0.0,
    maxAHU = 0.5,
    hHeat = 1615.3130651847962,
    lHeat = 0,
    KRHeat = 10000,
    TNHeat = 1,
    HeaterOn = true,
    hCool = 0,
    lCool = 0.0,
    KRCool = 10000,
    TNCool = 1,
    CoolerOn = false);
end Inffeldgasse25D_5_Storage;
