 
within Inffeldgasse.Inffeldgasse25D_5.Inffeldgasse25D_5_DataBase;
record Inffeldgasse25D_5_ICT "Inffeldgasse25D_5_ICT"
  extends AixLib.DataBase.ThermalZones.ZoneBaseRecord(
    T_start = 293.15,
    withAirCap = true,
    VAir = 120.35167590320111,
    AZone = 42.34009765625,
    alphaRad = 4.999999999999999,
    lat = 0.88645272708792,
    nOrientations = 8,
    AWin = {0.28236576056574375, 0.0, 0.0, 0.2871174270702532, 0.41128681586829285, 0.39491447335708985, 0.11483475410467606, 0.13162817003165295},
    ATransparent = {0.28236576056574375, 0.0, 0.0, 0.2871174270702532, 0.41128681586829285, 0.39491447335708985, 0.11483475410467606, 0.13162817003165295},
    alphaWin = 2.700000000000001,
    RWin = 0.10064763906290636,
    gWin = 0.7800000000000002,
    UWin= 3.001782134105592,
    ratioWinConRad = 0.03000000000000001,
    AExt = {3.533387760592957, 10.585024414062502, 10.585024414062502, 3.5928478036088443, 5.1466431282978276, 4.941767599036016, 1.436986247309865, 1.6471308844501438},
    alphaExt = 2.1894946906177726,
    nExt = 1,
    RExt = {0.0007285325367248561},
    RExtRem = 0.01892377660623702 ,
    CExt = {13367756.686927475},
    AInt = 123.68598443597554,
    alphaInt = 2.1865210737175307,
    nInt = 1,
    RInt = {0.0005129595308024527},
    CInt = {34222759.14893576},
    AFloor = 0.0,
    alphaFloor = 0.0,
    nFloor = 1,
    RFloor = {0.00001},
    RFloorRem =  0.00001,
    CFloor = {0.00001},
    ARoof = 0.0,
    alphaRoof = 0.0,
    nRoof = 1,
    RRoof = {0.00001},
    RRoofRem = 0.00001,
    CRoof = {0.00001},
    nOrientationsRoof = 1,
    tiltRoof = {0.0},
    aziRoof = {0.0},
    wfRoof = {0.0},
    aRoof = 0.0,
    aExt = 0.5,
    TSoil = 286.15,
    alphaWallOut = 20.0,
    alphaRadWall = 5.0,
    alphaWinOut = 20.0,
    alphaRoofOut = 0.0,
    alphaRadRoof = 0.0,
    tiltExtWalls = {1.5707963267948966, 0.0, 0.0, 1.5707963267948966, 1.5707963267948966, 1.5707963267948966, 1.5707963267948966, 1.5707963267948966},
    aziExtWalls = {-0.5248422550624895, 0.0, 0.0, 2.618214023806666, -2.0913011358296365, 1.0412643256860503, -2.091301135912982, 1.041264325691385},
    wfWall = {0.0797405167330353, 0.20611682666950695, 0.0, 0.08108239452180639, 0.11614801722812422, 0.11152444300525167, 0.032429507787598316, 0.037171993778275424},
    wfWin = {0.17406911381300705, 0.0, 0.0, 0.1769983584066777, 0.25354466284341926, 0.24345165742286803, 0.07079181215840587, 0.08114439535562211},
    wfGro = 0.3357863002764017,
    nrPeople = 1.2702029296875001,
    ratioConvectiveHeatPeople = 0.5,
    nrPeopleMachines = 63.51014648437501,
    ratioConvectiveHeatMachines = 0.75,
    lightingPower = 7.1,
    ratioConvectiveHeatLighting = 0.9,
    useConstantACHrate = false,
    baseACH = 0.2,
    maxUserACH = 1.0,
    maxOverheatingACH = {3.0, 2.0},
    maxSummerACH = {1.0, 283.15, 290.15},
    winterReduction = {0.2, 273.15, 283.15},
    withAHU = false,
    minAHU = 0.0,
    maxAHU = 130.0,
    hHeat = 1416.9412852498215,
    lHeat = 0,
    KRHeat = 10000,
    TNHeat = 1,
    HeaterOn = true,
    hCool = 0,
    lCool = 0.0,
    KRCool = 10000,
    TNCool = 1,
    CoolerOn = false);
end Inffeldgasse25D_5_ICT;
