 
within Inffeldgasse.Inffeldgasse12_4.Inffeldgasse12_4_DataBase;
record Inffeldgasse12_4_Office "Inffeldgasse12_4_Office"
  extends AixLib.DataBase.ThermalZones.ZoneBaseRecord(
    T_start = 293.15,
    withAirCap = true,
    VAir = 25.774635273963213,
    AZone = 6.0080615234375,
    alphaRad = 5.0,
    lat = 0.88645272708792,
    nOrientations = 9,
    AWin = {0.09373924786708321, 0.11565170753899062, 0.06962924981056298, 0.0, 0.006174500449901244, 0.017923315160677935, 0.15656135062570412, 0.11102700321764733, 0.06986902631321866},
    ATransparent = {0.09373924786708321, 0.11565170753899062, 0.06962924981056298, 0.0, 0.006174500449901244, 0.017923315160677935, 0.15656135062570412, 0.11102700321764733, 0.06986902631321866},
    alphaWin = 2.7,
    RWin = 0.2548728937634954,
    gWin = 0.7799999999999999,
    UWin= 3.0017821341055906,
    ratioWinConRad = 0.029999999999999995,
    AExt = {1.1730073449313385, 1.447209205150072, 0.8713065584402883, 6.008061523437498, 0.0772646948190345, 0.22428364647010499, 1.9591325767486762, 1.3893379051289385, 0.8743070049464928},
    alphaExt = 2.2715844349874392,
    nExt = 1,
    RExt = {0.0025161693281277875},
    RExtRem = 0.049872815975095096 ,
    CExt = {3945499.570866638},
    AInt = 77.32390582188964,
    alphaInt = 2.7000000000000006,
    nInt = 1,
    RInt = {0.0002669196458065954},
    CInt = {8609521.963773234},
    AFloor = 0.0,
    alphaFloor = 0.0,
    nFloor = 1,
    RFloor = {0.00001},
    RFloorRem =  0.00001,
    CFloor = {0.00001},
    ARoof = 0.0,
    alphaRoof = 0.0,
    nRoof = 1,
    RRoof = {0.00001},
    RRoofRem = 0.00001,
    CRoof = {0.00001},
    nOrientationsRoof = 1,
    tiltRoof = {0.0},
    aziRoof = {0.0},
    wfRoof = {0.0},
    aRoof = 0.0,
    aExt = 0.5,
    TSoil = 286.15,
    alphaWallOut = 20.0,
    alphaRadWall = 5.0,
    alphaWinOut = 19.999999999999996,
    alphaRoofOut = 0.0,
    alphaRadRoof = 0.0,
    tiltExtWalls = {1.5707963267948966, 1.5707963267948966, 1.5707963267948966, 0.0, 1.5707963267948966, 1.5707963267948966, 1.5707963267948966, 1.5707963267948966, 1.5707963267948966},
    aziExtWalls = {2.612474990491989, -2.095655343095958, -0.5289257535970674, 0.0, -0.5219172441967397, -0.5182199026723466, 1.0529064457594326, -2.090862404003506, 1.0377608539722774},
    wfWall = {0.07125891831902297, 0.08791638260915033, 0.05293092421544883, 0.0, 0.004693746037349916, 0.01362498718628343, 0.1190151697394893, 0.08440076417842089, 0.05311319807198528},
    wfWin = {0.14633600934896954, 0.18054347288605602, 0.10869797638752196, 0.0, 0.009638990882913298, 0.027980024105127323, 0.2444073724736534, 0.17332386327532048, 0.10907229064043805},
    wfGro = 0.513045909642849,
    nrPeople = 0.300403076171875,
    ratioConvectiveHeatPeople = 0.5,
    nrPeopleMachines = 0.420564306640625,
    ratioConvectiveHeatMachines = 0.75,
    lightingPower = 12.5,
    ratioConvectiveHeatLighting = 0.9,
    useConstantACHrate = false,
    baseACH = 0.2,
    maxUserACH = 1.0,
    maxOverheatingACH = {3.0, 2.0},
    maxSummerACH = {1.0, 283.15, 290.15},
    winterReduction = {0.2, 273.15, 283.15},
    withAHU = false,
    minAHU = 0.0,
    maxAHU = 2.6,
    hHeat = 418.60387300497473,
    lHeat = 0,
    KRHeat = 10000,
    TNHeat = 1,
    HeaterOn = true,
    hCool = 0,
    lCool = 0.0,
    KRCool = 10000,
    TNCool = 1,
    CoolerOn = false);
end Inffeldgasse12_4_Office;
