 
within Inffeldgasse.Inffeldgasse12_4.Inffeldgasse12_4_DataBase;
record Inffeldgasse12_4_Office "Inffeldgasse12_4_Office"
  extends AixLib.DataBase.ThermalZones.ZoneBaseRecord(
    T_start = 293.15,
    withAirCap = true,
    VAir = 422.7040184929967,
    AZone = 98.532208984375,
    alphaRad = 5.0,
    lat = 0.88645272708792,
    nOrientations = 9,
    AWin = {1.537323665020165, 1.8966880036394467, 1.1419196968932332, 0.0, 0.10126180737838043, 0.2939423686351182, 2.5676061502615486, 1.8208428527694167, 1.1458520315367862},
    ATransparent = {1.537323665020165, 1.8966880036394467, 1.1419196968932332, 0.0, 0.10126180737838043, 0.2939423686351182, 2.5676061502615486, 1.8208428527694167, 1.1458520315367862},
    alphaWin = 2.7,
    RWin = 0.015541030107530203,
    gWin = 0.78,
    UWin= 3.001782134105591,
    ratioWinConRad = 0.029999999999999995,
    AExt = {19.237320456873956, 23.734230964461187, 14.28942755842073, 98.532208984375, 1.267140995032166, 3.6782518021097226, 32.129774258678296, 22.785141644114596, 14.338634881122486},
    alphaExt = 2.2715844349874392,
    nExt = 1,
    RExt = {0.00015342495903218213},
    RExtRem = 0.0030410253643350653 ,
    CExt = {64706192.9622129},
    AInt = 1479.4640647254882,
    alphaInt = 2.7000000000000006,
    nInt = 1,
    RInt = {1.3950504136233202e-05},
    CInt = {164728853.57352802},
    AFloor = 0.0,
    alphaFloor = 0.0,
    nFloor = 1,
    RFloor = {0.00001},
    RFloorRem =  0.00001,
    CFloor = {0.00001},
    ARoof = 0.0,
    alphaRoof = 0.0,
    nRoof = 1,
    RRoof = {0.00001},
    RRoofRem = 0.00001,
    CRoof = {0.00001},
    nOrientationsRoof = 1,
    tiltRoof = {0.0},
    aziRoof = {0.0},
    wfRoof = {0.0},
    aRoof = 0.0,
    aExt = 0.5,
    TSoil = 286.15,
    alphaWallOut = 20.0,
    alphaRadWall = 5.000000000000001,
    alphaWinOut = 20.0,
    alphaRoofOut = 0.0,
    alphaRadRoof = 0.0,
    tiltExtWalls = {1.5707963267948966, 1.5707963267948966, 1.5707963267948966, 0.0, 1.5707963267948966, 1.5707963267948966, 1.5707963267948966, 1.5707963267948966, 1.5707963267948966},
    aziExtWalls = {2.612474990491989, -2.095655343095958, -0.5289257535970674, 0.0, -0.5219172441967397, -0.5182199026723466, 1.0529064457594326, -2.090862404003506, 1.0377608539722774},
    wfWall = {0.07125891831902297, 0.08791638260915034, 0.05293092421544882, 0.0, 0.004693746037349916, 0.01362498718628343, 0.1190151697394893, 0.08440076417842088, 0.05311319807198528},
    wfWin = {0.14633600934896948, 0.180543472886056, 0.10869797638752195, 0.0, 0.0096389908829133, 0.027980024105127323, 0.2444073724736535, 0.17332386327532046, 0.10907229064043804},
    wfGro = 0.513045909642849,
    nrPeople = 4.92661044921875,
    ratioConvectiveHeatPeople = 0.5,
    nrPeopleMachines = 6.89725462890625,
    ratioConvectiveHeatMachines = 0.75,
    lightingPower = 12.5,
    ratioConvectiveHeatLighting = 0.9,
    useConstantACHrate = false,
    baseACH = 0.2,
    maxUserACH = 1.0,
    maxOverheatingACH = {3.0, 2.0},
    maxSummerACH = {1.0, 283.15, 290.15},
    winterReduction = {0.2, 273.15, 283.15},
    withAHU = false,
    minAHU = 0.0,
    maxAHU = 2.6,
    hHeat = 6865.103517281588,
    lHeat = 0,
    KRHeat = 10000,
    TNHeat = 1,
    HeaterOn = true,
    hCool = 0,
    lCool = 0.0,
    KRCool = 10000,
    TNCool = 1,
    CoolerOn = false);
end Inffeldgasse12_4_Office;
