 
within Inffeldgasse.Inffeldgasse12_4.Inffeldgasse12_4_DataBase;
record Inffeldgasse12_4_ICT "Inffeldgasse12_4_ICT"
  extends AixLib.DataBase.ThermalZones.ZoneBaseRecord(
    T_start = 293.15,
    withAirCap = true,
    VAir = 47.2964557277225,
    AZone = 11.024792895507813,
    alphaRad = 5.0,
    lat = 0.88645272708792,
    nOrientations = 9,
    AWin = {0.17201151983609772, 0.21222088333404784, 0.1277696734023831, 0.0, 0.011330208325568787, 0.03288928331984402, 0.28729007839816717, 0.20373455090438292, 0.12820966328475625},
    ATransparent = {0.17201151983609772, 0.21222088333404784, 0.1277696734023831, 0.0, 0.011330208325568787, 0.03288928331984402, 0.28729007839816717, 0.20373455090438292, 0.12820966328475625},
    alphaWin = 2.7000000000000006,
    RWin = 0.13889530995285848,
    gWin = 0.7800000000000001,
    UWin= 3.0017821341055915,
    ratioWinConRad = 0.030000000000000002,
    AExt = {2.1524684779490064, 2.655628891450383, 1.5988475347379294, 11.024792895507813, 0.14178071499292833, 0.41156049127264277, 3.5950082783338217, 2.5494350559116024, 1.6043533540768147},
    alphaExt = 2.2715844349874392,
    nExt = 1,
    RExt = {0.001371209443121409},
    RExtRem = 0.02717864630795372 ,
    CExt = {7239991.712540283},
    AInt = 47.296455727722496,
    alphaInt = 2.6999999999999997,
    nInt = 1,
    RInt = {0.00043638089232685893},
    CInt = {5266157.601174629},
    AFloor = 0.0,
    alphaFloor = 0.0,
    nFloor = 1,
    RFloor = {0.00001},
    RFloorRem =  0.00001,
    CFloor = {0.00001},
    ARoof = 0.0,
    alphaRoof = 0.0,
    nRoof = 1,
    RRoof = {0.00001},
    RRoofRem = 0.00001,
    CRoof = {0.00001},
    nOrientationsRoof = 1,
    tiltRoof = {0.0},
    aziRoof = {0.0},
    wfRoof = {0.0},
    aRoof = 0.0,
    aExt = 0.5,
    TSoil = 286.15,
    alphaWallOut = 20.0,
    alphaRadWall = 5.000000000000001,
    alphaWinOut = 20.0,
    alphaRoofOut = 0.0,
    alphaRadRoof = 0.0,
    tiltExtWalls = {1.5707963267948966, 1.5707963267948966, 1.5707963267948966, 0.0, 1.5707963267948966, 1.5707963267948966, 1.5707963267948966, 1.5707963267948966, 1.5707963267948966},
    aziExtWalls = {2.612474990491989, -2.095655343095958, -0.5289257535970674, 0.0, -0.5219172441967397, -0.5182199026723466, 1.0529064457594326, -2.090862404003506, 1.0377608539722774},
    wfWall = {0.07125891831902295, 0.08791638260915034, 0.05293092421544883, 0.0, 0.004693746037349915, 0.01362498718628343, 0.1190151697394893, 0.08440076417842088, 0.05311319807198528},
    wfWin = {0.14633600934896948, 0.180543472886056, 0.10869797638752195, 0.0, 0.009638990882913298, 0.027980024105127323, 0.2444073724736535, 0.1733238632753205, 0.10907229064043804},
    wfGro = 0.513045909642849,
    nrPeople = 0.3307437868652344,
    ratioConvectiveHeatPeople = 0.5,
    nrPeopleMachines = 16.53718934326172,
    ratioConvectiveHeatMachines = 0.75,
    lightingPower = 7.1,
    ratioConvectiveHeatLighting = 0.9,
    useConstantACHrate = false,
    baseACH = 0.2,
    maxUserACH = 1.0,
    maxOverheatingACH = {3.0, 2.0},
    maxSummerACH = {1.0, 283.15, 290.15},
    winterReduction = {0.2, 273.15, 283.15},
    withAHU = false,
    minAHU = 0.0,
    maxAHU = 130.0,
    hHeat = 768.1381069641288,
    lHeat = 0,
    KRHeat = 10000,
    TNHeat = 1,
    HeaterOn = true,
    hCool = 0,
    lCool = 0.0,
    KRCool = 10000,
    TNCool = 1,
    CoolerOn = false);
end Inffeldgasse12_4_ICT;
