 
within Inffeldgasse.Inffeldgasse12_4.Inffeldgasse12_4_DataBase;
record Inffeldgasse12_4_Storage "Inffeldgasse12_4_Storage"
  extends AixLib.DataBase.ThermalZones.ZoneBaseRecord(
    T_start = 293.15,
    withAirCap = true,
    VAir = 1159.8585873283448,
    AZone = 270.36276855468753,
    alphaRad = 5.0,
    lat = 0.88645272708792,
    nOrientations = 9,
    AWin = {4.218266154018745, 5.204326839254579, 3.1333162414753346, 0.0, 0.277852520245556, 0.8065491822305072, 7.0452607781566865, 4.996215144794131, 3.1441061840948397},
    ATransparent = {4.218266154018745, 5.204326839254579, 3.1333162414753346, 0.0, 0.277852520245556, 0.8065491822305072, 7.0452607781566865, 4.996215144794131, 3.1441061840948397},
    alphaWin = 2.6999999999999997,
    RWin = 0.005663842083633231,
    gWin = 0.7799999999999999,
    UWin= 3.001782134105591,
    ratioWinConRad = 0.030000000000000002,
    AExt = {52.78533052191024, 65.12441423175325, 39.20879512981298, 270.3627685546875, 3.4769112668565527, 10.092764091154725, 88.16096595369044, 62.52020573080224, 39.343815222592184},
    alphaExt = 2.2715844349874397,
    nExt = 1,
    RExt = {5.591487395839527e-05},
    RExtRem = 0.0011082847994465575 ,
    CExt = {177547480.68899873},
    AInt = 2319.7171746566896,
    alphaInt = 2.7000000000000006,
    nInt = 1,
    RInt = {8.897321526886509e-06},
    CInt = {258285658.91319716},
    AFloor = 0.0,
    alphaFloor = 0.0,
    nFloor = 1,
    RFloor = {0.00001},
    RFloorRem =  0.00001,
    CFloor = {0.00001},
    ARoof = 0.0,
    alphaRoof = 0.0,
    nRoof = 1,
    RRoof = {0.00001},
    RRoofRem = 0.00001,
    CRoof = {0.00001},
    nOrientationsRoof = 1,
    tiltRoof = {0.0},
    aziRoof = {0.0},
    wfRoof = {0.0},
    aRoof = 0.0,
    aExt = 0.5,
    TSoil = 286.15,
    alphaWallOut = 20.0,
    alphaRadWall = 5.0,
    alphaWinOut = 20.0,
    alphaRoofOut = 0.0,
    alphaRadRoof = 0.0,
    tiltExtWalls = {1.5707963267948966, 1.5707963267948966, 1.5707963267948966, 0.0, 1.5707963267948966, 1.5707963267948966, 1.5707963267948966, 1.5707963267948966, 1.5707963267948966},
    aziExtWalls = {2.612474990491989, -2.095655343095958, -0.5289257535970674, 0.0, -0.5219172441967397, -0.5182199026723466, 1.0529064457594326, -2.090862404003506, 1.0377608539722774},
    wfWall = {0.07125891831902297, 0.08791638260915033, 0.05293092421544883, 0.0, 0.004693746037349916, 0.013624987186283428, 0.11901516973948928, 0.08440076417842088, 0.05311319807198528},
    wfWin = {0.14633600934896948, 0.180543472886056, 0.10869797638752193, 0.0, 0.009638990882913298, 0.027980024105127323, 0.24440737247365346, 0.17332386327532046, 0.10907229064043804},
    wfGro = 0.513045909642849,
    nrPeople = 0.0,
    ratioConvectiveHeatPeople = 0.5,
    nrPeopleMachines = 0.0,
    ratioConvectiveHeatMachines = 0.75,
    lightingPower = 11.3,
    ratioConvectiveHeatLighting = 0.9,
    useConstantACHrate = false,
    baseACH = 0.2,
    maxUserACH = 1.0,
    maxOverheatingACH = {3.0, 2.0},
    maxSummerACH = {1.0, 283.15, 290.15},
    winterReduction = {0.2, 273.15, 283.15},
    withAHU = false,
    minAHU = 0.0,
    maxAHU = 0.5,
    hHeat = 18837.174285223868,
    lHeat = 0,
    KRHeat = 10000,
    TNHeat = 1,
    HeaterOn = true,
    hCool = 0,
    lCool = 0.0,
    KRCool = 10000,
    TNCool = 1,
    CoolerOn = false);
end Inffeldgasse12_4_Storage;
