 
within Inffeldgasse.Inffeldgasse12_4.Inffeldgasse12_4_DataBase;
record Inffeldgasse12_4_Storage "Inffeldgasse12_4_Storage"
  extends AixLib.DataBase.ThermalZones.ZoneBaseRecord(
    T_start = 293.15,
    withAirCap = true,
    VAir = 29.383084212318064,
    AZone = 6.84919013671875,
    alphaRad = 5.0,
    lat = 0.88645272708792,
    nOrientations = 9,
    AWin = {0.10686274256847487, 0.13184294659444934, 0.07937734478404182, 0.0, 0.00703893051288742, 0.02043257928317285, 0.17847993971330275, 0.126570783668118, 0.07965068999706928},
    ATransparent = {0.10686274256847487, 0.13184294659444934, 0.07937734478404182, 0.0, 0.00703893051288742, 0.02043257928317285, 0.17847993971330275, 0.126570783668118, 0.07965068999706928},
    alphaWin = 2.6999999999999997,
    RWin = 0.22357271382762753,
    gWin = 0.78,
    UWin= 3.0017821341055915,
    ratioWinConRad = 0.030000000000000002,
    AExt = {1.337228373221726, 1.6498184938710825, 0.9932894766219288, 6.84919013671875, 0.08808175209369934, 0.2556833569759197, 2.233411137493491, 1.5838452118469901, 0.996709985639002},
    alphaExt = 2.2715844349874392,
    nExt = 1,
    RExt = {0.0022071660773050755},
    RExtRem = 0.04374808418867989 ,
    CExt = {4497869.5107879685},
    AInt = 73.45771053079517,
    alphaInt = 2.7,
    nInt = 1,
    RInt = {0.0002809680482174688},
    CInt = {8179045.865584576},
    AFloor = 0.0,
    alphaFloor = 0.0,
    nFloor = 1,
    RFloor = {0.00001},
    RFloorRem =  0.00001,
    CFloor = {0.00001},
    ARoof = 0.0,
    alphaRoof = 0.0,
    nRoof = 1,
    RRoof = {0.00001},
    RRoofRem = 0.00001,
    CRoof = {0.00001},
    nOrientationsRoof = 1,
    tiltRoof = {0.0},
    aziRoof = {0.0},
    wfRoof = {0.0},
    aRoof = 0.0,
    aExt = 0.5,
    TSoil = 286.15,
    alphaWallOut = 20.0,
    alphaRadWall = 5.0,
    alphaWinOut = 20.0,
    alphaRoofOut = 0.0,
    alphaRadRoof = 0.0,
    tiltExtWalls = {1.5707963267948966, 1.5707963267948966, 1.5707963267948966, 0.0, 1.5707963267948966, 1.5707963267948966, 1.5707963267948966, 1.5707963267948966, 1.5707963267948966},
    aziExtWalls = {2.612474990491989, -2.095655343095958, -0.5289257535970674, 0.0, -0.5219172441967397, -0.5182199026723466, 1.0529064457594326, -2.090862404003506, 1.0377608539722774},
    wfWall = {0.07125891831902295, 0.08791638260915033, 0.05293092421544883, 0.0, 0.004693746037349915, 0.013624987186283428, 0.11901516973948927, 0.08440076417842086, 0.053113198071985265},
    wfWin = {0.14633600934896948, 0.180543472886056, 0.10869797638752196, 0.0, 0.0096389908829133, 0.027980024105127323, 0.24440737247365352, 0.1733238632753205, 0.10907229064043802},
    wfGro = 0.513045909642849,
    nrPeople = 0.0,
    ratioConvectiveHeatPeople = 0.5,
    nrPeopleMachines = 0.0,
    ratioConvectiveHeatMachines = 0.75,
    lightingPower = 11.3,
    ratioConvectiveHeatLighting = 0.9,
    useConstantACHrate = false,
    baseACH = 0.2,
    maxUserACH = 1.0,
    maxOverheatingACH = {3.0, 2.0},
    maxSummerACH = {1.0, 283.15, 290.15},
    winterReduction = {0.2, 273.15, 283.15},
    withAHU = false,
    minAHU = 0.0,
    maxAHU = 0.5,
    hHeat = 477.2084152256714,
    lHeat = 0,
    KRHeat = 10000,
    TNHeat = 1,
    HeaterOn = true,
    hCool = 0,
    lCool = 0.0,
    KRCool = 10000,
    TNCool = 1,
    CoolerOn = false);
end Inffeldgasse12_4_Storage;
