 
within Inffeldgasse.Inffeldgasse12_4.Inffeldgasse12_4_DataBase;
record Inffeldgasse12_4_Laboratory "Inffeldgasse12_4_Laboratory"
  extends AixLib.DataBase.ThermalZones.ZoneBaseRecord(
    T_start = 293.15,
    withAirCap = true,
    VAir = 332.106175505016,
    AZone = 77.41387272949218,
    alphaRad = 4.999999999999999,
    lat = 0.88645272708792,
    nOrientations = 9,
    AWin = {1.2078302087673674, 1.4901722516398943, 0.8971728838091042, 0.0, 0.07955843829697755, 0.23094191584533522, 2.017293002812198, 1.430582936459386, 0.9002624040458225},
    ATransparent = {1.2078302087673674, 1.4901722516398943, 0.8971728838091042, 0.0, 0.07955843829697755, 0.23094191584533522, 2.017293002812198, 1.430582936459386, 0.9002624040458225},
    alphaWin = 2.6999999999999997,
    RWin = 0.019780589349126534,
    gWin = 0.78,
    UWin= 3.0017821341055915,
    ratioWinConRad = 0.03,
    AExt = {15.114199639440297, 18.64729060835868, 11.226785005503116, 77.41387272949218, 0.9955555927432596, 2.889894784767303, 25.243423251406696, 17.90161890758637, 11.265445758735561},
    alphaExt = 2.2715844349874392,
    nExt = 1,
    RExt = {0.00019527895445306848},
    RExtRem = 0.003870610475366324 ,
    CExt = {50837761.97061664},
    AInt = 166.053087752508,
    alphaInt = 2.6999999999999997,
    nInt = 1,
    RInt = {0.0001242931994442819},
    CInt = {24658291.44458391},
    AFloor = 0.0,
    alphaFloor = 0.0,
    nFloor = 1,
    RFloor = {0.00001},
    RFloorRem =  0.00001,
    CFloor = {0.00001},
    ARoof = 0.0,
    alphaRoof = 0.0,
    nRoof = 1,
    RRoof = {0.00001},
    RRoofRem = 0.00001,
    CRoof = {0.00001},
    nOrientationsRoof = 1,
    tiltRoof = {0.0},
    aziRoof = {0.0},
    wfRoof = {0.0},
    aRoof = 0.0,
    aExt = 0.5,
    TSoil = 286.15,
    alphaWallOut = 20.0,
    alphaRadWall = 5.0,
    alphaWinOut = 20.0,
    alphaRoofOut = 0.0,
    alphaRadRoof = 0.0,
    tiltExtWalls = {1.5707963267948966, 1.5707963267948966, 1.5707963267948966, 0.0, 1.5707963267948966, 1.5707963267948966, 1.5707963267948966, 1.5707963267948966, 1.5707963267948966},
    aziExtWalls = {2.612474990491989, -2.095655343095958, -0.5289257535970674, 0.0, -0.5219172441967397, -0.5182199026723466, 1.0529064457594326, -2.090862404003506, 1.0377608539722774},
    wfWall = {0.07125891831902297, 0.08791638260915034, 0.05293092421544883, 0.0, 0.004693746037349917, 0.013624987186283433, 0.11901516973948931, 0.08440076417842088, 0.053113198071985286},
    wfWin = {0.1463360093489695, 0.18054347288605596, 0.10869797638752196, 0.0, 0.0096389908829133, 0.027980024105127316, 0.24440737247365343, 0.17332386327532046, 0.10907229064043804},
    wfGro = 0.513045909642849,
    nrPeople = 4.644832363769531,
    ratioConvectiveHeatPeople = 0.5,
    nrPeopleMachines = 13.934497091308593,
    ratioConvectiveHeatMachines = 0.75,
    lightingPower = 14.0,
    ratioConvectiveHeatLighting = 0.9,
    useConstantACHrate = false,
    baseACH = 0.2,
    maxUserACH = 1.0,
    maxOverheatingACH = {3.0, 2.0},
    maxSummerACH = {1.0, 283.15, 290.15},
    winterReduction = {0.2, 273.15, 283.15},
    withAHU = false,
    minAHU = 24.0,
    maxAHU = 48.0,
    hHeat = 5393.7109036691,
    lHeat = 0,
    KRHeat = 10000,
    TNHeat = 1,
    HeaterOn = true,
    hCool = 0,
    lCool = 0.0,
    KRCool = 10000,
    TNCool = 1,
    CoolerOn = false);
end Inffeldgasse12_4_Laboratory;
