 
within Inffeldgasse.Inffeldgasse12_4.Inffeldgasse12_4_DataBase;
record Inffeldgasse12_4_Restroom "Inffeldgasse12_4_Restroom"
  extends AixLib.DataBase.ThermalZones.ZoneBaseRecord(
    T_start = 293.15,
    withAirCap = true,
    VAir = 37.88871385272592,
    AZone = 8.831850439453124,
    alphaRad = 5.0,
    lat = 0.88645272708792,
    nOrientations = 9,
    AWin = {0.1377966943646123, 0.17000801008231622, 0.10235499722152759, 0.0, 0.009076515661354829, 0.026347273286196564, 0.2301451854197851, 0.1632096947299416, 0.10270746868043143},
    ATransparent = {0.1377966943646123, 0.17000801008231622, 0.10235499722152759, 0.0, 0.009076515661354829, 0.026347273286196564, 0.2301451854197851, 0.1632096947299416, 0.10270746868043143},
    alphaWin = 2.6999999999999997,
    RWin = 0.17338292092754787,
    gWin = 0.7799999999999999,
    UWin= 3.0017821341055906,
    ratioWinConRad = 0.029999999999999995,
    AExt = {1.7243207970490677, 2.127397531570606, 1.2808206409072238, 8.831850439453124, 0.11357910138398071, 0.32969696031105433, 2.879924887820554, 2.0423267205395397, 1.2852312972713444},
    alphaExt = 2.2715844349874392,
    nExt = 1,
    RExt = {0.0017116798150529214},
    RExtRem = 0.03392708569734359 ,
    CExt = {5799884.369173949},
    AInt = 94.72178463181478,
    alphaInt = 2.6999999999999997,
    nInt = 1,
    RInt = {0.00021789358841354736},
    CInt = {10546664.405622214},
    AFloor = 0.0,
    alphaFloor = 0.0,
    nFloor = 1,
    RFloor = {0.00001},
    RFloorRem =  0.00001,
    CFloor = {0.00001},
    ARoof = 0.0,
    alphaRoof = 0.0,
    nRoof = 1,
    RRoof = {0.00001},
    RRoofRem = 0.00001,
    CRoof = {0.00001},
    nOrientationsRoof = 1,
    tiltRoof = {0.0},
    aziRoof = {0.0},
    wfRoof = {0.0},
    aRoof = 0.0,
    aExt = 0.5,
    TSoil = 286.15,
    alphaWallOut = 20.0,
    alphaRadWall = 4.999999999999999,
    alphaWinOut = 19.999999999999993,
    alphaRoofOut = 0.0,
    alphaRadRoof = 0.0,
    tiltExtWalls = {1.5707963267948966, 1.5707963267948966, 1.5707963267948966, 0.0, 1.5707963267948966, 1.5707963267948966, 1.5707963267948966, 1.5707963267948966, 1.5707963267948966},
    aziExtWalls = {2.612474990491989, -2.095655343095958, -0.5289257535970674, 0.0, -0.5219172441967397, -0.5182199026723466, 1.0529064457594326, -2.090862404003506, 1.0377608539722774},
    wfWall = {0.07125891831902299, 0.08791638260915036, 0.05293092421544883, 0.0, 0.004693746037349916, 0.013624987186283433, 0.11901516973948932, 0.08440076417842089, 0.053113198071985286},
    wfWin = {0.14633600934896948, 0.180543472886056, 0.10869797638752195, 0.0, 0.0096389908829133, 0.027980024105127323, 0.2444073724736535, 0.17332386327532048, 0.10907229064043804},
    wfGro = 0.513045909642849,
    nrPeople = 0.0,
    ratioConvectiveHeatPeople = 0.5,
    nrPeopleMachines = 0.0,
    ratioConvectiveHeatMachines = 0.75,
    lightingPower = 11.1,
    ratioConvectiveHeatLighting = 0.9,
    useConstantACHrate = false,
    baseACH = 0.2,
    maxUserACH = 1.0,
    maxOverheatingACH = {3.0, 2.0},
    maxSummerACH = {1.0, 283.15, 290.15},
    winterReduction = {0.2, 273.15, 283.15},
    withAHU = false,
    minAHU = 0.0,
    maxAHU = 8.0,
    hHeat = 615.3476933173129,
    lHeat = 0,
    KRHeat = 10000,
    TNHeat = 1,
    HeaterOn = true,
    hCool = 0,
    lCool = 0.0,
    KRCool = 10000,
    TNCool = 1,
    CoolerOn = false);
end Inffeldgasse12_4_Restroom;
