 
within Inffeldgasse.Inffeldgasse12_4.Inffeldgasse12_4_DataBase;
record Inffeldgasse12_4_Floor "Inffeldgasse12_4_Floor"
  extends AixLib.DataBase.ThermalZones.ZoneBaseRecord(
    T_start = 293.15,
    withAirCap = true,
    VAir = 347.05546396391463,
    AZone = 80.89854841308593,
    alphaRad = 5.0,
    lat = 0.88645272708792,
    nOrientations = 9,
    AWin = {1.2621989725302756, 1.557250242012509, 0.9375578486992306, 0.0, 0.08313964855792026, 0.2413374386385284, 2.1080985861751063, 1.4949785983256216, 0.9407864393074893},
    ATransparent = {1.2621989725302756, 1.557250242012509, 0.9375578486992306, 0.0, 0.08313964855792026, 0.2413374386385284, 2.1080985861751063, 1.4949785983256216, 0.9407864393074893},
    alphaWin = 2.7000000000000006,
    RWin = 0.018928547624470507,
    gWin = 0.7800000000000001,
    UWin= 3.001782134105592,
    ratioWinConRad = 0.029999999999999995,
    AExt = {15.794543899500475, 19.486671947345723, 11.732142809398482, 80.89854841308593, 1.0403691157382995, 3.019979299719964, 26.379720145920928, 18.707434892561157, 11.772543821604527},
    alphaExt = 2.2715844349874397,
    nExt = 1,
    RExt = {0.0001868673841907008},
    RExtRem = 0.0037038853304935076 ,
    CExt = {53126151.721719325},
    AInt = 2255.860515765445,
    alphaInt = 2.7,
    nInt = 1,
    RInt = {9.149178067580178e-06},
    CInt = {251175628.6914477},
    AFloor = 0.0,
    alphaFloor = 0.0,
    nFloor = 1,
    RFloor = {0.00001},
    RFloorRem =  0.00001,
    CFloor = {0.00001},
    ARoof = 0.0,
    alphaRoof = 0.0,
    nRoof = 1,
    RRoof = {0.00001},
    RRoofRem = 0.00001,
    CRoof = {0.00001},
    nOrientationsRoof = 1,
    tiltRoof = {0.0},
    aziRoof = {0.0},
    wfRoof = {0.0},
    aRoof = 0.0,
    aExt = 0.5,
    TSoil = 286.15,
    alphaWallOut = 19.999999999999996,
    alphaRadWall = 5.0,
    alphaWinOut = 20.0,
    alphaRoofOut = 0.0,
    alphaRadRoof = 0.0,
    tiltExtWalls = {1.5707963267948966, 1.5707963267948966, 1.5707963267948966, 0.0, 1.5707963267948966, 1.5707963267948966, 1.5707963267948966, 1.5707963267948966, 1.5707963267948966},
    aziExtWalls = {2.612474990491989, -2.095655343095958, -0.5289257535970674, 0.0, -0.5219172441967397, -0.5182199026723466, 1.0529064457594326, -2.090862404003506, 1.0377608539722774},
    wfWall = {0.07125891831902298, 0.08791638260915036, 0.05293092421544882, 0.0, 0.004693746037349917, 0.013624987186283433, 0.11901516973948932, 0.08440076417842088, 0.053113198071985286},
    wfWin = {0.1463360093489695, 0.18054347288605596, 0.1086979763875219, 0.0, 0.009638990882913296, 0.027980024105127323, 0.24440737247365338, 0.17332386327532048, 0.109072290640438},
    wfGro = 0.513045909642849,
    nrPeople = 0.0,
    ratioConvectiveHeatPeople = 0.5,
    nrPeopleMachines = 0.0,
    ratioConvectiveHeatMachines = 0.75,
    lightingPower = 7.0,
    ratioConvectiveHeatLighting = 0.9,
    useConstantACHrate = false,
    baseACH = 0.2,
    maxUserACH = 1.0,
    maxOverheatingACH = {3.0, 2.0},
    maxSummerACH = {1.0, 283.15, 290.15},
    winterReduction = {0.2, 273.15, 283.15},
    withAHU = false,
    minAHU = 0.0,
    maxAHU = 2.0,
    hHeat = 5636.501150011985,
    lHeat = 0,
    KRHeat = 10000,
    TNHeat = 1,
    HeaterOn = true,
    hCool = 0,
    lCool = 0.0,
    KRCool = 10000,
    TNCool = 1,
    CoolerOn = false);
end Inffeldgasse12_4_Floor;
