 
within Inffeldgasse.Inffeldgasse25B_3.Inffeldgasse25B_3_DataBase;
record Inffeldgasse25B_3_Meeting "Inffeldgasse25B_3_Meeting"
  extends AixLib.DataBase.ThermalZones.ZoneBaseRecord(
    T_start = 293.15,
    withAirCap = true,
    VAir = 197.8319329642743,
    AZone = 37.69432412109375,
    alphaRad = 5.0,
    lat = 0.88645272708792,
    nOrientations = 10,
    AWin = {0.40468583665356145, 0.4015408099991079, 0.11547527139983418, 0.5418223829808713, 0.924846543316331, 0.16812164789649947, 0.0, 0.0, 0.15786762999747375, 0.5510360252988002},
    ATransparent = {0.40468583665356145, 0.4015408099991079, 0.11547527139983418, 0.5418223829808713, 0.924846543316331, 0.16812164789649947, 0.0, 0.0, 0.15786762999747375, 0.5510360252988002},
    alphaWin = 2.6999999999999997,
    RWin = 0.049998621528760494,
    gWin = 0.7800000000000001,
    UWin= 3.001782134105591,
    ratioWinConRad = 0.030000000000000002,
    AExt = {5.064041685691864, 5.024686352150999, 1.4450013691384658, 6.780101711355228, 11.57307971771517, 2.1037925128670074, 18.847162060546875, 18.847162060546875, 1.9754787213197396, 6.895396749009313},
    alphaExt = 2.2201592406146706,
    nExt = 1,
    RExt = {0.00038210294864269044},
    RExtRem = 0.010040599638587534 ,
    CExt = {25778146.559337568},
    AInt = 546.4411624129236,
    alphaInt = 2.424074050683542,
    nInt = 1,
    RInt = {0.00012405622855780768},
    CInt = {108383453.19089971},
    AFloor = 0.0,
    alphaFloor = 0.0,
    nFloor = 1,
    RFloor = {0.00001},
    RFloorRem =  0.00001,
    CFloor = {0.00001},
    ARoof = 0.0,
    alphaRoof = 0.0,
    nRoof = 1,
    RRoof = {0.00001},
    RRoofRem = 0.00001,
    CRoof = {0.00001},
    nOrientationsRoof = 1,
    tiltRoof = {0.0},
    aziRoof = {0.0},
    wfRoof = {0.0},
    aRoof = 0.0,
    aExt = 0.5,
    TSoil = 286.15,
    alphaWallOut = 20.0,
    alphaRadWall = 5.0,
    alphaWinOut = 20.0,
    alphaRoofOut = 0.0,
    alphaRadRoof = 0.0,
    tiltExtWalls = {1.5707963267948966, 1.5707963267948966, 1.5707963267948966, 1.5707963267948966, 1.5707963267948966, 1.5707963267948966, 0.0, 0.0, 1.5707963267948966, 1.5707963267948966},
    aziExtWalls = {2.6036424328257453, 2.6056163123423493, 2.616748554574543, -2.0996909833215964, -0.5341581233104409, -2.0996909832682786, 0.0, 0.0, 1.0814664293404384, 1.0363032004603505},
    wfWall = {0.060562572492086846, 0.06009190886243049, 0.01728125588240627, 0.08108550973382696, 0.13840634079714664, 0.02515996006289005, 0.19448532875365232, 0.0, 0.023625412406169045, 0.08246436174755194},
    wfWin = {0.12393162065745868, 0.12296848279842112, 0.03536332689273867, 0.1659285301076392, 0.2832264452851658, 0.05148583519430774, 0.0, 0.0, 0.04834562878880229, 0.16875013027546665},
    wfGro = 0.3168373492618394,
    nrPeople = 9.046637789062501,
    ratioConvectiveHeatPeople = 0.5,
    nrPeopleMachines = 0.7538864824218751,
    ratioConvectiveHeatMachines = 0.75,
    lightingPower = 15.9,
    ratioConvectiveHeatLighting = 0.9,
    useConstantACHrate = false,
    baseACH = 0.2,
    maxUserACH = 1.0,
    maxOverheatingACH = {3.0, 2.0},
    maxSummerACH = {1.0, 283.15, 290.15},
    winterReduction = {0.2, 273.15, 283.15},
    withAHU = false,
    minAHU = 0.0,
    maxAHU = 12.0,
    hHeat = 2665.8725786337864,
    lHeat = 0,
    KRHeat = 10000,
    TNHeat = 1,
    HeaterOn = true,
    hCool = 0,
    lCool = 0.0,
    KRCool = 10000,
    TNCool = 1,
    CoolerOn = false);
end Inffeldgasse25B_3_Meeting;
