 
within Inffeldgasse.Inffeldgasse25B_3.Inffeldgasse25B_3_DataBase;
record Inffeldgasse25B_3_Floor "Inffeldgasse25B_3_Floor"
  extends AixLib.DataBase.ThermalZones.ZoneBaseRecord(
    T_start = 293.15,
    withAirCap = true,
    VAir = 949.6638065468638,
    AZone = 180.94619404296873,
    alphaRad = 5.0,
    lat = 0.88645272708792,
    nOrientations = 10,
    AWin = {1.9426362889626396, 1.927539039799639, 0.554322470373892, 2.600940601368068, 4.439593121481067, 0.8070438463195598, 0.0, 0.0, 0.7578209047828819, 2.6451693692150964},
    ATransparent = {1.9426362889626396, 1.927539039799639, 0.554322470373892, 2.600940601368068, 4.439593121481067, 0.8070438463195598, 0.0, 0.0, 0.7578209047828819, 2.6451693692150964},
    alphaWin = 2.6999999999999997,
    RWin = 0.010415605895891066,
    gWin = 0.7800000000000001,
    UWin= 3.001782134105592,
    ratioWinConRad = 0.03,
    AExt = {24.309205453775736, 24.120285822357648, 6.936521723867893, 32.54690536306529, 55.554908520154996, 10.098954076917737, 90.47309702148436, 90.47309702148436, 9.483002132823632, 33.10036264720513},
    alphaExt = 2.22015924061467,
    nExt = 1,
    RExt = {7.95988689894353e-05},
    RExtRem = 0.0020916362410871177 ,
    CExt = {123744293.55489503},
    AInt = 7258.491906812427,
    alphaInt = 2.5504266205437447,
    nInt = 1,
    RInt = {8.540820185970638e-06},
    CInt = {1143991064.659079},
    AFloor = 0.0,
    alphaFloor = 0.0,
    nFloor = 1,
    RFloor = {0.00001},
    RFloorRem =  0.00001,
    CFloor = {0.00001},
    ARoof = 0.0,
    alphaRoof = 0.0,
    nRoof = 1,
    RRoof = {0.00001},
    RRoofRem = 0.00001,
    CRoof = {0.00001},
    nOrientationsRoof = 1,
    tiltRoof = {0.0},
    aziRoof = {0.0},
    wfRoof = {0.0},
    aRoof = 0.0,
    aExt = 0.5,
    TSoil = 286.15,
    alphaWallOut = 19.999999999999996,
    alphaRadWall = 4.999999999999998,
    alphaWinOut = 19.999999999999993,
    alphaRoofOut = 0.0,
    alphaRadRoof = 0.0,
    tiltExtWalls = {1.5707963267948966, 1.5707963267948966, 1.5707963267948966, 1.5707963267948966, 1.5707963267948966, 1.5707963267948966, 0.0, 0.0, 1.5707963267948966, 1.5707963267948966},
    aziExtWalls = {2.6036424328257453, 2.6056163123423493, 2.616748554574543, -2.0996909833215964, -0.5341581233104409, -2.0996909832682786, 0.0, 0.0, 1.0814664293404384, 1.0363032004603505},
    wfWall = {0.06056257249208686, 0.06009190886243049, 0.01728125588240627, 0.08108550973382699, 0.13840634079714664, 0.025159960062890053, 0.1944853287536523, 0.0, 0.02362541240616904, 0.08246436174755194},
    wfWin = {0.12393162065745865, 0.1229684827984211, 0.03536332689273866, 0.16592853010763917, 0.28322644528516566, 0.05148583519430774, 0.0, 0.0, 0.048345628788802275, 0.16875013027546662},
    wfGro = 0.31683734926183943,
    nrPeople = 0.0,
    ratioConvectiveHeatPeople = 0.5,
    nrPeopleMachines = 0.0,
    ratioConvectiveHeatMachines = 0.75,
    lightingPower = 7.0,
    ratioConvectiveHeatLighting = 0.9,
    useConstantACHrate = false,
    baseACH = 0.2,
    maxUserACH = 1.0,
    maxOverheatingACH = {3.0, 2.0},
    maxSummerACH = {1.0, 283.15, 290.15},
    winterReduction = {0.2, 273.15, 283.15},
    withAHU = false,
    minAHU = 0.0,
    maxAHU = 2.0,
    hHeat = 12797.138777648457,
    lHeat = 0,
    KRHeat = 10000,
    TNHeat = 1,
    HeaterOn = true,
    hCool = 0,
    lCool = 0.0,
    KRCool = 10000,
    TNCool = 1,
    CoolerOn = false);
end Inffeldgasse25B_3_Floor;
