 
within Inffeldgasse.Inffeldgasse25B_3.Inffeldgasse25B_3_DataBase;
record Inffeldgasse25B_3_Meeting "Inffeldgasse25B_3_Meeting"
  extends AixLib.DataBase.ThermalZones.ZoneBaseRecord(
    T_start = 293.15,
    withAirCap = true,
    VAir = 70.52831834733486,
    AZone = 13.43826171875,
    alphaRad = 4.999999999999999,
    lat = 0.88645272708792,
    nOrientations = 10,
    AWin = {0.14427302554494167, 0.14315180392125057, 0.04116765468799792, 0.1931630598862286, 0.3297135626796188, 0.059936416362388396, 0.0, 0.0, 0.05628079500801204, 0.19644778085518724},
    ATransparent = {0.14427302554494167, 0.14315180392125057, 0.04116765468799792, 0.1931630598862286, 0.3297135626796188, 0.059936416362388396, 0.0, 0.0, 0.05628079500801204, 0.19644778085518724},
    alphaWin = 2.7000000000000006,
    RWin = 0.1402461333881732,
    gWin = 0.78,
    UWin= 3.0017821341055915,
    ratioWinConRad = 0.029999999999999995,
    AExt = {1.805362454792108, 1.7913320328524058, 0.51515200325792, 2.417148560197942, 4.125875122180096, 0.7500151561023197, 6.7191308593749985, 6.7191308593749985, 0.7042704888840424, 2.4582519604311273},
    alphaExt = 2.2201592406146697,
    nExt = 1,
    RExt = {0.0010717987709427462},
    RExtRem = 0.02816388198623804 ,
    CExt = {9190070.074630158},
    AInt = 146.10726267725232,
    alphaInt = 2.424074050683542,
    nInt = 1,
    RInt = {0.0004639702948062004},
    CInt = {28979532.93874325},
    AFloor = 0.0,
    alphaFloor = 0.0,
    nFloor = 1,
    RFloor = {0.00001},
    RFloorRem =  0.00001,
    CFloor = {0.00001},
    ARoof = 0.0,
    alphaRoof = 0.0,
    nRoof = 1,
    RRoof = {0.00001},
    RRoofRem = 0.00001,
    CRoof = {0.00001},
    nOrientationsRoof = 1,
    tiltRoof = {0.0},
    aziRoof = {0.0},
    wfRoof = {0.0},
    aRoof = 0.0,
    aExt = 0.5,
    TSoil = 286.15,
    alphaWallOut = 20.0,
    alphaRadWall = 5.0,
    alphaWinOut = 19.999999999999996,
    alphaRoofOut = 0.0,
    alphaRadRoof = 0.0,
    tiltExtWalls = {1.5707963267948966, 1.5707963267948966, 1.5707963267948966, 1.5707963267948966, 1.5707963267948966, 1.5707963267948966, 0.0, 0.0, 1.5707963267948966, 1.5707963267948966},
    aziExtWalls = {2.6036424328257453, 2.6056163123423493, 2.616748554574543, -2.0996909833215964, -0.5341581233104409, -2.0996909832682786, 0.0, 0.0, 1.0814664293404384, 1.0363032004603505},
    wfWall = {0.060562572492086866, 0.06009190886243049, 0.017281255882406272, 0.08108550973382697, 0.13840634079714664, 0.02515996006289005, 0.19448532875365238, 0.0, 0.023625412406169048, 0.08246436174755194},
    wfWin = {0.12393162065745864, 0.12296848279842111, 0.035363326892738654, 0.1659285301076392, 0.2832264452851657, 0.05148583519430773, 0.0, 0.0, 0.04834562878880229, 0.16875013027546662},
    wfGro = 0.31683734926183943,
    nrPeople = 3.2251828125,
    ratioConvectiveHeatPeople = 0.5,
    nrPeopleMachines = 0.268765234375,
    ratioConvectiveHeatMachines = 0.75,
    lightingPower = 15.9,
    ratioConvectiveHeatLighting = 0.9,
    useConstantACHrate = false,
    baseACH = 0.2,
    maxUserACH = 1.0,
    maxOverheatingACH = {3.0, 2.0},
    maxSummerACH = {1.0, 283.15, 290.15},
    winterReduction = {0.2, 273.15, 283.15},
    withAHU = false,
    minAHU = 0.0,
    maxAHU = 12.0,
    hHeat = 950.4002062865545,
    lHeat = 0,
    KRHeat = 10000,
    TNHeat = 1,
    HeaterOn = true,
    hCool = 0,
    lCool = 0.0,
    KRCool = 10000,
    TNCool = 1,
    CoolerOn = false);
end Inffeldgasse25B_3_Meeting;
