 
within Inffeldgasse.Inffeldgasse25B_3.Inffeldgasse25B_3_DataBase;
record Inffeldgasse25B_3_Restroom "Inffeldgasse25B_3_Restroom"
  extends AixLib.DataBase.ThermalZones.ZoneBaseRecord(
    T_start = 293.15,
    withAirCap = true,
    VAir = 103.67662797058225,
    AZone = 19.7542447265625,
    alphaRad = 4.999999999999999,
    lat = 0.88645272708792,
    nOrientations = 10,
    AWin = {0.21208134755106428, 0.21043315176423838, 0.06051645239135695, 0.28394969803275605, 0.48467893713903976, 0.08810653205271096, 0.0, 0.0, 0.08273276866177769, 0.2887782378571253},
    ATransparent = {0.21208134755106428, 0.21043315176423838, 0.06051645239135695, 0.28394969803275605, 0.48467893713903976, 0.08810653205271096, 0.0, 0.0, 0.08273276866177769, 0.2887782378571253},
    alphaWin = 2.7000000000000006,
    RWin = 0.09540553291712464,
    gWin = 0.78,
    UWin= 3.001782134105591,
    ratioWinConRad = 0.03,
    AExt = {2.6538828085443993, 2.633258088293037, 0.7572734447891425, 3.5532083834909756, 6.065036429604742, 1.1025222794704104, 9.87712236328125, 9.87712236328125, 1.0352776186595427, 3.6136303818337576},
    alphaExt = 2.2201592406146706,
    nExt = 1,
    RExt = {0.0007291148101651333},
    RExtRem = 0.01915910339199866 ,
    CExt = {13509403.009706333},
    AInt = 318.4543041061431,
    alphaInt = 2.5139050613681304,
    nInt = 1,
    RInt = {0.00020405707767005835},
    CInt = {53907019.5540029},
    AFloor = 0.0,
    alphaFloor = 0.0,
    nFloor = 1,
    RFloor = {0.00001},
    RFloorRem =  0.00001,
    CFloor = {0.00001},
    ARoof = 0.0,
    alphaRoof = 0.0,
    nRoof = 1,
    RRoof = {0.00001},
    RRoofRem = 0.00001,
    CRoof = {0.00001},
    nOrientationsRoof = 1,
    tiltRoof = {0.0},
    aziRoof = {0.0},
    wfRoof = {0.0},
    aRoof = 0.0,
    aExt = 0.5,
    TSoil = 286.15,
    alphaWallOut = 20.0,
    alphaRadWall = 5.0,
    alphaWinOut = 20.0,
    alphaRoofOut = 0.0,
    alphaRadRoof = 0.0,
    tiltExtWalls = {1.5707963267948966, 1.5707963267948966, 1.5707963267948966, 1.5707963267948966, 1.5707963267948966, 1.5707963267948966, 0.0, 0.0, 1.5707963267948966, 1.5707963267948966},
    aziExtWalls = {2.6036424328257453, 2.6056163123423493, 2.616748554574543, -2.0996909833215964, -0.5341581233104409, -2.0996909832682786, 0.0, 0.0, 1.0814664293404384, 1.0363032004603505},
    wfWall = {0.06056257249208685, 0.06009190886243049, 0.01728125588240627, 0.08108550973382699, 0.13840634079714664, 0.02515996006289005, 0.19448532875365232, 0.0, 0.023625412406169048, 0.08246436174755194},
    wfWin = {0.12393162065745866, 0.12296848279842111, 0.03536332689273866, 0.16592853010763917, 0.2832264452851657, 0.051485835194307744, 0.0, 0.0, 0.04834562878880229, 0.16875013027546665},
    wfGro = 0.31683734926183943,
    nrPeople = 0.0,
    ratioConvectiveHeatPeople = 0.5,
    nrPeopleMachines = 0.0,
    ratioConvectiveHeatMachines = 0.75,
    lightingPower = 11.1,
    ratioConvectiveHeatLighting = 0.9,
    useConstantACHrate = false,
    baseACH = 0.2,
    maxUserACH = 1.0,
    maxOverheatingACH = {3.0, 2.0},
    maxSummerACH = {1.0, 283.15, 290.15},
    winterReduction = {0.2, 273.15, 283.15},
    withAHU = false,
    minAHU = 0.0,
    maxAHU = 8.0,
    hHeat = 1397.0883032412355,
    lHeat = 0,
    KRHeat = 10000,
    TNHeat = 1,
    HeaterOn = true,
    hCool = 0,
    lCool = 0.0,
    KRCool = 10000,
    TNCool = 1,
    CoolerOn = false);
end Inffeldgasse25B_3_Restroom;
