 
within Inffeldgasse.Inffeldgasse25B_3.Inffeldgasse25B_3_DataBase;
record Inffeldgasse25B_3_Storage "Inffeldgasse25B_3_Storage"
  extends AixLib.DataBase.ThermalZones.ZoneBaseRecord(
    T_start = 293.15,
    withAirCap = true,
    VAir = 80.40228291596175,
    AZone = 15.319618359375001,
    alphaRad = 5.0,
    lat = 0.88645272708792,
    nOrientations = 10,
    AWin = {0.16447124912123354, 0.1631930564702257, 0.04693112634431764, 0.22020588827030063, 0.3758734614547655, 0.06832751465312278, 0.0, 0.0, 0.06416010630913373, 0.22395047017491349},
    ATransparent = {0.16447124912123354, 0.1631930564702257, 0.04693112634431764, 0.22020588827030063, 0.3758734614547655, 0.06832751465312278, 0.0, 0.0, 0.06416010630913373, 0.22395047017491349},
    alphaWin = 2.7,
    RWin = 0.12302292402471335,
    gWin = 0.7800000000000004,
    UWin= 3.0017821341055915,
    ratioWinConRad = 0.030000000000000002,
    AExt = {2.0581131984630034, 2.042118517451743, 0.5872732837140289, 2.7555493586256543, 4.7034976392853105, 0.8550172779566447, 7.6598091796875005, 7.6598091796875005, 0.8028683573278086, 2.8024072348914855},
    alphaExt = 2.22015924061467,
    nExt = 1,
    RExt = {0.0009401743604760946},
    RExtRem = 0.024705159637050902 ,
    CExt = {10476679.885078363},
    AInt = 277.60379908677936,
    alphaInt = 2.424074050683542,
    nInt = 1,
    RInt = {0.00024419489200326345},
    CInt = {55061112.58361219},
    AFloor = 0.0,
    alphaFloor = 0.0,
    nFloor = 1,
    RFloor = {0.00001},
    RFloorRem =  0.00001,
    CFloor = {0.00001},
    ARoof = 0.0,
    alphaRoof = 0.0,
    nRoof = 1,
    RRoof = {0.00001},
    RRoofRem = 0.00001,
    CRoof = {0.00001},
    nOrientationsRoof = 1,
    tiltRoof = {0.0},
    aziRoof = {0.0},
    wfRoof = {0.0},
    aRoof = 0.0,
    aExt = 0.5,
    TSoil = 286.15,
    alphaWallOut = 20.0,
    alphaRadWall = 5.0,
    alphaWinOut = 20.0,
    alphaRoofOut = 0.0,
    alphaRadRoof = 0.0,
    tiltExtWalls = {1.5707963267948966, 1.5707963267948966, 1.5707963267948966, 1.5707963267948966, 1.5707963267948966, 1.5707963267948966, 0.0, 0.0, 1.5707963267948966, 1.5707963267948966},
    aziExtWalls = {2.6036424328257453, 2.6056163123423493, 2.616748554574543, -2.0996909833215964, -0.5341581233104409, -2.0996909832682786, 0.0, 0.0, 1.0814664293404384, 1.0363032004603505},
    wfWall = {0.060562572492086866, 0.060091908862430495, 0.017281255882406272, 0.08108550973382697, 0.13840634079714667, 0.025159960062890056, 0.1944853287536523, 0.0, 0.023625412406169048, 0.08246436174755195},
    wfWin = {0.12393162065745868, 0.1229684827984211, 0.03536332689273866, 0.16592853010763914, 0.2832264452851657, 0.05148583519430774, 0.0, 0.0, 0.04834562878880229, 0.16875013027546665},
    wfGro = 0.31683734926183943,
    nrPeople = 0.0,
    ratioConvectiveHeatPeople = 0.5,
    nrPeopleMachines = 0.0,
    ratioConvectiveHeatMachines = 0.75,
    lightingPower = 11.3,
    ratioConvectiveHeatLighting = 0.9,
    useConstantACHrate = false,
    baseACH = 0.2,
    maxUserACH = 1.0,
    maxOverheatingACH = {3.0, 2.0},
    maxSummerACH = {1.0, 283.15, 290.15},
    winterReduction = {0.2, 273.15, 283.15},
    withAHU = false,
    minAHU = 0.0,
    maxAHU = 0.5,
    hHeat = 1083.4562351666723,
    lHeat = 0,
    KRHeat = 10000,
    TNHeat = 1,
    HeaterOn = true,
    hCool = 0,
    lCool = 0.0,
    KRCool = 10000,
    TNCool = 1,
    CoolerOn = false);
end Inffeldgasse25B_3_Storage;
