 
within Inffeldgasse.Inffeldgasse25B_3.Inffeldgasse25B_3_DataBase;
record Inffeldgasse25B_3_Office "Inffeldgasse25B_3_Office"
  extends AixLib.DataBase.ThermalZones.ZoneBaseRecord(
    T_start = 293.15,
    withAirCap = true,
    VAir = 1156.6644208962919,
    AZone = 220.38749218750002,
    alphaRad = 5.0,
    lat = 0.88645272708792,
    nOrientations = 10,
    AWin = {2.3660776189370436, 2.34768958430851, 0.675149536883166, 3.1678741821341494, 5.40730242794575, 0.98295722834317, 0.0, 0.0, 0.9230050381313973, 3.2217436060250715},
    ATransparent = {2.3660776189370436, 2.34768958430851, 0.675149536883166, 3.1678741821341494, 5.40730242794575, 0.98295722834317, 0.0, 0.0, 0.9230050381313973, 3.2217436060250715},
    alphaWin = 2.6999999999999997,
    RWin = 0.008551593499278854,
    gWin = 0.78,
    UWin= 3.0017821341055915,
    ratioWinConRad = 0.03,
    AExt = {29.607944258590578, 29.377845338779462, 8.44849285342989, 39.64123638724626, 67.66435200375359, 12.300248560078048, 110.19374609375001, 110.19374609375001, 11.5500360176983, 40.31533215107049},
    alphaExt = 2.2201592406146706,
    nExt = 1,
    RExt = {6.535358359406986e-05},
    RExtRem = 0.0017173098772096363 ,
    CExt = {150717149.2239346},
    AInt = 5591.037918449521,
    alphaInt = 2.424074050683542,
    nInt = 1,
    RInt = {1.2124659271939042e-05},
    CInt = {1108950127.122575},
    AFloor = 0.0,
    alphaFloor = 0.0,
    nFloor = 1,
    RFloor = {0.00001},
    RFloorRem =  0.00001,
    CFloor = {0.00001},
    ARoof = 0.0,
    alphaRoof = 0.0,
    nRoof = 1,
    RRoof = {0.00001},
    RRoofRem = 0.00001,
    CRoof = {0.00001},
    nOrientationsRoof = 1,
    tiltRoof = {0.0},
    aziRoof = {0.0},
    wfRoof = {0.0},
    aRoof = 0.0,
    aExt = 0.5,
    TSoil = 286.15,
    alphaWallOut = 20.0,
    alphaRadWall = 5.0,
    alphaWinOut = 20.0,
    alphaRoofOut = 0.0,
    alphaRadRoof = 0.0,
    tiltExtWalls = {1.5707963267948966, 1.5707963267948966, 1.5707963267948966, 1.5707963267948966, 1.5707963267948966, 1.5707963267948966, 0.0, 0.0, 1.5707963267948966, 1.5707963267948966},
    aziExtWalls = {2.6036424328257453, 2.6056163123423493, 2.616748554574543, -2.0996909833215964, -0.5341581233104409, -2.0996909832682786, 0.0, 0.0, 1.0814664293404384, 1.0363032004603505},
    wfWall = {0.060562572492086846, 0.060091908862430474, 0.01728125588240627, 0.08108550973382697, 0.13840634079714664, 0.025159960062890056, 0.19448532875365232, 0.0, 0.023625412406169045, 0.08246436174755192},
    wfWin = {0.12393162065745864, 0.12296848279842111, 0.03536332689273866, 0.16592853010763914, 0.2832264452851657, 0.051485835194307744, 0.0, 0.0, 0.048345628788802275, 0.16875013027546662},
    wfGro = 0.3168373492618394,
    nrPeople = 11.019374609375001,
    ratioConvectiveHeatPeople = 0.5,
    nrPeopleMachines = 15.427124453125002,
    ratioConvectiveHeatMachines = 0.75,
    lightingPower = 12.5,
    ratioConvectiveHeatLighting = 0.9,
    useConstantACHrate = false,
    baseACH = 0.2,
    maxUserACH = 1.0,
    maxOverheatingACH = {3.0, 2.0},
    maxSummerACH = {1.0, 283.15, 290.15},
    winterReduction = {0.2, 273.15, 283.15},
    withAHU = false,
    minAHU = 0.0,
    maxAHU = 2.6,
    hHeat = 15586.563383099501,
    lHeat = 0,
    KRHeat = 10000,
    TNHeat = 1,
    HeaterOn = true,
    hCool = 0,
    lCool = 0.0,
    KRCool = 10000,
    TNCool = 1,
    CoolerOn = false);
end Inffeldgasse25B_3_Office;
