 
within Inffeldgasse.Inffeldgasse25B_3.Inffeldgasse25B_3_DataBase;
record Inffeldgasse25B_3_ICT "Inffeldgasse25B_3_ICT"
  extends AixLib.DataBase.ThermalZones.ZoneBaseRecord(
    T_start = 293.15,
    withAirCap = true,
    VAir = 129.41946416735948,
    AZone = 24.659210253906252,
    alphaRad = 5.0,
    lat = 0.88645272708792,
    nOrientations = 10,
    AWin = {0.264741001874968, 0.2626835601954949, 0.0755426463524762, 0.3544542148912295, 0.6050243875171007, 0.10998332402498275, 0.0, 0.0, 0.1032752588397021, 0.36048167786926866},
    ATransparent = {0.264741001874968, 0.2626835601954949, 0.0755426463524762, 0.3544542148912295, 0.6050243875171007, 0.10998332402498275, 0.0, 0.0, 0.1032752588397021, 0.36048167786926866},
    alphaWin = 2.7000000000000015,
    RWin = 0.07642841056576195,
    gWin = 0.78,
    UWin= 3.0017821341055924,
    ratioWinConRad = 0.03,
    AExt = {3.312840104543519, 3.287094280284166, 0.9453039259782834, 4.435467607963225, 7.5709808492004775, 1.3762778114477572, 12.329605126953126, 12.329605126953126, 1.2923363471022182, 4.5108923473911196},
    alphaExt = 2.2201592406146706,
    nExt = 1,
    RExt = {0.0005840865236745211},
    RExtRem = 0.015348164570156964 ,
    CExt = {16863778.586946335},
    AInt = 178.73788467517198,
    alphaInt = 2.424074050683542,
    nInt = 1,
    RInt = {0.0003792672709587469},
    CInt = {35451628.62839591},
    AFloor = 0.0,
    alphaFloor = 0.0,
    nFloor = 1,
    RFloor = {0.00001},
    RFloorRem =  0.00001,
    CFloor = {0.00001},
    ARoof = 0.0,
    alphaRoof = 0.0,
    nRoof = 1,
    RRoof = {0.00001},
    RRoofRem = 0.00001,
    CRoof = {0.00001},
    nOrientationsRoof = 1,
    tiltRoof = {0.0},
    aziRoof = {0.0},
    wfRoof = {0.0},
    aRoof = 0.0,
    aExt = 0.5,
    TSoil = 286.15,
    alphaWallOut = 20.000000000000004,
    alphaRadWall = 5.000000000000001,
    alphaWinOut = 20.0,
    alphaRoofOut = 0.0,
    alphaRadRoof = 0.0,
    tiltExtWalls = {1.5707963267948966, 1.5707963267948966, 1.5707963267948966, 1.5707963267948966, 1.5707963267948966, 1.5707963267948966, 0.0, 0.0, 1.5707963267948966, 1.5707963267948966},
    aziExtWalls = {2.6036424328257453, 2.6056163123423493, 2.616748554574543, -2.0996909833215964, -0.5341581233104409, -2.0996909832682786, 0.0, 0.0, 1.0814664293404384, 1.0363032004603505},
    wfWall = {0.06056257249208686, 0.060091908862430495, 0.017281255882406272, 0.08108550973382699, 0.13840634079714664, 0.02515996006289005, 0.19448532875365232, 0.0, 0.023625412406169045, 0.08246436174755194},
    wfWin = {0.12393162065745865, 0.12296848279842111, 0.03536332689273866, 0.16592853010763917, 0.2832264452851657, 0.05148583519430772, 0.0, 0.0, 0.048345628788802275, 0.16875013027546662},
    wfGro = 0.3168373492618395,
    nrPeople = 0.7397763076171876,
    ratioConvectiveHeatPeople = 0.5,
    nrPeopleMachines = 36.98881538085938,
    ratioConvectiveHeatMachines = 0.75,
    lightingPower = 7.1,
    ratioConvectiveHeatLighting = 0.9,
    useConstantACHrate = false,
    baseACH = 0.2,
    maxUserACH = 1.0,
    maxOverheatingACH = {3.0, 2.0},
    maxSummerACH = {1.0, 283.15, 290.15},
    winterReduction = {0.2, 273.15, 283.15},
    withAHU = false,
    minAHU = 0.0,
    maxAHU = 130.0,
    hHeat = 1743.9843785358278,
    lHeat = 0,
    KRHeat = 10000,
    TNHeat = 1,
    HeaterOn = true,
    hCool = 0,
    lCool = 0.0,
    KRCool = 10000,
    TNCool = 1,
    CoolerOn = false);
end Inffeldgasse25B_3_ICT;
