 
within Inffeldgasse.Inffeldgasse25B_3.Inffeldgasse25B_3_DataBase;
record Inffeldgasse25B_3_Laboratory "Inffeldgasse25B_3_Laboratory"
  extends AixLib.DataBase.ThermalZones.ZoneBaseRecord(
    T_start = 293.15,
    withAirCap = true,
    VAir = 908.7573819054096,
    AZone = 173.15200224609373,
    alphaRad = 5.000000000000001,
    lat = 0.88645272708792,
    nOrientations = 10,
    AWin = {1.8589579341465734, 1.8445109935253137, 0.5304452306548533, 2.4889060266340555, 4.248359255126889, 0.7722807248293746, 0.0, 0.0, 0.7251780436782349, 2.5312296563190877},
    ATransparent = {1.8589579341465734, 1.8445109935253137, 0.5304452306548533, 2.4889060266340555, 4.248359255126889, 0.7722807248293746, 0.0, 0.0, 0.7251780436782349, 2.5312296563190877},
    alphaWin = 2.7,
    RWin = 0.010884449622675454,
    gWin = 0.78,
    UWin= 3.001782134105591,
    ratioWinConRad = 0.030000000000000002,
    AExt = {23.262095229996312, 23.08131324330325, 6.637733561978299, 31.144959198150485, 53.16190094929054, 9.663945286378391, 86.57600112304686, 86.57600112304686, 9.074525249270888, 31.674576510155074},
    alphaExt = 2.22015924061467,
    nExt = 1,
    RExt = {8.318189918065547e-05},
    RExtRem = 0.0021857882798787765 ,
    CExt = {118414052.91160955},
    AInt = 627.5306931987984,
    alphaInt = 2.4240740506835428,
    nInt = 1,
    RInt = {0.00010802567981518057},
    CInt = {124467093.97190224},
    AFloor = 0.0,
    alphaFloor = 0.0,
    nFloor = 1,
    RFloor = {0.00001},
    RFloorRem =  0.00001,
    CFloor = {0.00001},
    ARoof = 0.0,
    alphaRoof = 0.0,
    nRoof = 1,
    RRoof = {0.00001},
    RRoofRem = 0.00001,
    CRoof = {0.00001},
    nOrientationsRoof = 1,
    tiltRoof = {0.0},
    aziRoof = {0.0},
    wfRoof = {0.0},
    aRoof = 0.0,
    aExt = 0.5,
    TSoil = 286.15,
    alphaWallOut = 20.000000000000004,
    alphaRadWall = 4.999999999999999,
    alphaWinOut = 20.0,
    alphaRoofOut = 0.0,
    alphaRadRoof = 0.0,
    tiltExtWalls = {1.5707963267948966, 1.5707963267948966, 1.5707963267948966, 1.5707963267948966, 1.5707963267948966, 1.5707963267948966, 0.0, 0.0, 1.5707963267948966, 1.5707963267948966},
    aziExtWalls = {2.6036424328257453, 2.6056163123423493, 2.616748554574543, -2.0996909833215964, -0.5341581233104409, -2.0996909832682786, 0.0, 0.0, 1.0814664293404384, 1.0363032004603505},
    wfWall = {0.06056257249208685, 0.06009190886243049, 0.017281255882406272, 0.08108550973382697, 0.13840634079714667, 0.02515996006289005, 0.1944853287536523, 0.0, 0.023625412406169045, 0.08246436174755192},
    wfWin = {0.12393162065745864, 0.12296848279842112, 0.03536332689273867, 0.16592853010763922, 0.2832264452851658, 0.05148583519430773, 0.0, 0.0, 0.048345628788802275, 0.16875013027546665},
    wfGro = 0.31683734926183943,
    nrPeople = 10.389120134765623,
    ratioConvectiveHeatPeople = 0.5,
    nrPeopleMachines = 31.167360404296872,
    ratioConvectiveHeatMachines = 0.75,
    lightingPower = 14.0,
    ratioConvectiveHeatLighting = 0.9,
    useConstantACHrate = false,
    baseACH = 0.2,
    maxUserACH = 1.0,
    maxOverheatingACH = {3.0, 2.0},
    maxSummerACH = {1.0, 283.15, 290.15},
    winterReduction = {0.2, 273.15, 283.15},
    withAHU = false,
    minAHU = 24.0,
    maxAHU = 48.0,
    hHeat = 12245.906658002254,
    lHeat = 0,
    KRHeat = 10000,
    TNHeat = 1,
    HeaterOn = true,
    hCool = 0,
    lCool = 0.0,
    KRCool = 10000,
    TNCool = 1,
    CoolerOn = false);
end Inffeldgasse25B_3_Laboratory;
