 
within Inffeldgasse.Inffeldgasse18_3.Inffeldgasse18_3_DataBase;
record Inffeldgasse18_3_Meeting "Inffeldgasse18_3_Meeting"
  extends AixLib.DataBase.ThermalZones.ZoneBaseRecord(
    T_start = 293.15,
    withAirCap = true,
    VAir = 86.0045472872257,
    AZone = 19.0383984375,
    alphaRad = 5.000000000000001,
    lat = 0.88645272708792,
    nOrientations = 12,
    AWin = {0.6275024533507157, 0.2797561029793635, 0.12232615991635405, 0.19884551846971757, 0.08170016316348613, 0.0671001436457729, 0.0, 0.0, 0.12806926837439694, 0.12794294482089508, 0.08999766490934276, 0.21230244060208064},
    ATransparent = {0.6275024533507157, 0.2797561029793635, 0.12232615991635405, 0.19884551846971757, 0.08170016316348613, 0.0671001436457729, 0.0, 0.0, 0.12806926837439694, 0.12794294482089508, 0.08999766490934276, 0.21230244060208064},
    alphaWin = 2.7000000000000006,
    RWin = 0.18506898637259905,
    gWin = 0.6700000000000002,
    UWin= 1.8936557576825388,
    ratioWinConRad = 0.030000000000000002,
    AExt = {7.852260429767065, 3.5007317751201428, 1.5307300551695118, 2.4882560824724123, 1.0223560958025428, 0.8396585542700772, 6.3461328125000005, 6.3461328125000005, 1.602596520468805, 1.6010157689749847, 1.1261869960277218, 2.656649459426036},
    alphaExt = 2.356154572994164,
    nExt = 1,
    RExt = {0.0008145693914408306},
    RExtRem = 0.04817441654492215 ,
    CExt = {13002314.892490258},
    AInt = 205.16041468083853,
    alphaInt = 2.3288095153810753,
    nInt = 1,
    RInt = {0.00030767638479693265},
    CInt = {25210779.400810152},
    AFloor = 0.0,
    alphaFloor = 0.0,
    nFloor = 1,
    RFloor = {0.00001},
    RFloorRem =  0.00001,
    CFloor = {0.00001},
    ARoof = 0.0,
    alphaRoof = 0.0,
    nRoof = 1,
    RRoof = {0.00001},
    RRoofRem = 0.00001,
    CRoof = {0.00001},
    nOrientationsRoof = 1,
    tiltRoof = {0.0},
    aziRoof = {0.0},
    wfRoof = {0.0},
    aRoof = 0.0,
    aExt = 0.5,
    TSoil = 286.15,
    alphaWallOut = 19.999999999999996,
    alphaRadWall = 4.999999999999999,
    alphaWinOut = 20.0,
    alphaRoofOut = 0.0,
    alphaRadRoof = 0.0,
    tiltExtWalls = {1.5707963267948966, 1.5707963267948966, 1.5707963267948966, 1.5707963267948966, 1.5707963267948966, 1.5707963267948966, 0.0, 0.0, 1.5707963267948966, 1.5707963267948966, 1.5707963267948966, 1.5707963267948966},
    aziExtWalls = {2.615437812227024, -0.5534493204138662, -2.1092614321571115, -0.5402522643701382, -0.5273909214575033, -0.5380442078164669, 0.0, 0.0, 1.0210429345892802, 1.0490715711169776, 1.0658544669620469, -2.0913510035438607},
    wfWall = {0.2099625416931154, 0.09360649049586874, 0.04093037615143995, 0.06653378044858861, 0.027336903342687506, 0.02245173167468949, 0.1585693052145836, 0.0, 0.04285202226235317, 0.04280975435690145, 0.030113250346528484, 0.07103647132922189},
    wfWin = {0.32419972000798825, 0.1445362480610804, 0.06319992309634712, 0.10273372011295603, 0.042210464486272345, 0.03466735096619133, 0.0, 0.0, 0.06616710536652125, 0.06610184018635018, 0.04649737639937849, 0.10968625131691462},
    wfGro = 0.19379737268402167,
    nrPeople = 4.569215625,
    ratioConvectiveHeatPeople = 0.5,
    nrPeopleMachines = 0.38076796875,
    ratioConvectiveHeatMachines = 0.75,
    lightingPower = 15.9,
    ratioConvectiveHeatLighting = 0.9,
    useConstantACHrate = false,
    baseACH = 0.2,
    maxUserACH = 1.0,
    maxOverheatingACH = {3.0, 2.0},
    maxSummerACH = {1.0, 283.15, 290.15},
    winterReduction = {0.2, 273.15, 283.15},
    withAHU = false,
    minAHU = 0.0,
    maxAHU = 12.0,
    hHeat = 815.7573259785357,
    lHeat = 0,
    KRHeat = 10000,
    TNHeat = 1,
    HeaterOn = true,
    hCool = 0,
    lCool = 0.0,
    KRCool = 10000,
    TNCool = 1,
    CoolerOn = false);
end Inffeldgasse18_3_Meeting;
