 
within Inffeldgasse.Inffeldgasse18_3.Inffeldgasse18_3_DataBase;
record Inffeldgasse18_3_Laboratory "Inffeldgasse18_3_Laboratory"
  extends AixLib.DataBase.ThermalZones.ZoneBaseRecord(
    T_start = 293.15,
    withAirCap = true,
    VAir = 1108.1685917959032,
    AZone = 245.30976386718748,
    alphaRad = 5.0,
    lat = 0.88645272708792,
    nOrientations = 12,
    AWin = {8.08536911142397, 3.6046573868890976, 1.5761725705222216, 2.562124505482311, 1.0527066023615188, 0.8645853508757837, 0.0, 0.0, 1.6501725230041042, 1.6485448440172328, 1.1596199123568813, 2.7355169471578087},
    ATransparent = {8.08536911142397, 3.6046573868890976, 1.5761725705222216, 2.562124505482311, 1.0527066023615188, 0.8645853508757837, 0.0, 0.0, 1.6501725230041042, 1.6485448440172328, 1.1596199123568813, 2.7355169471578087},
    alphaWin = 2.7,
    RWin = 0.014363134371175715,
    gWin = 0.6700000000000002,
    UWin= 1.8936557576825386,
    ratioWinConRad = 0.030000000000000002,
    AExt = {101.17637563754862, 45.10692892242304, 19.723456760859154, 32.06117962265702, 13.173058294415764, 10.819000471769943, 81.7699212890625, 81.7699212890625, 20.649456166240547, 20.629088183242672, 14.510919443817192, 34.230928284704476},
    alphaExt = 2.356154572994165,
    nExt = 1,
    RExt = {6.32184238603672e-05},
    RExtRem = 0.0037387983348794837 ,
    CExt = {167534827.38973686},
    AInt = 881.1639810542015,
    alphaInt = 2.3288095153810753,
    nInt = 1,
    RInt = {7.163594523793544e-05},
    CInt = {108280297.5264796},
    AFloor = 0.0,
    alphaFloor = 0.0,
    nFloor = 1,
    RFloor = {0.00001},
    RFloorRem =  0.00001,
    CFloor = {0.00001},
    ARoof = 0.0,
    alphaRoof = 0.0,
    nRoof = 1,
    RRoof = {0.00001},
    RRoofRem = 0.00001,
    CRoof = {0.00001},
    nOrientationsRoof = 1,
    tiltRoof = {0.0},
    aziRoof = {0.0},
    wfRoof = {0.0},
    aRoof = 0.0,
    aExt = 0.5,
    TSoil = 286.15,
    alphaWallOut = 20.0,
    alphaRadWall = 5.0,
    alphaWinOut = 20.0,
    alphaRoofOut = 0.0,
    alphaRadRoof = 0.0,
    tiltExtWalls = {1.5707963267948966, 1.5707963267948966, 1.5707963267948966, 1.5707963267948966, 1.5707963267948966, 1.5707963267948966, 0.0, 0.0, 1.5707963267948966, 1.5707963267948966, 1.5707963267948966, 1.5707963267948966},
    aziExtWalls = {2.615437812227024, -0.5534493204138662, -2.1092614321571115, -0.5402522643701382, -0.5273909214575033, -0.5380442078164669, 0.0, 0.0, 1.0210429345892802, 1.0490715711169776, 1.0658544669620469, -2.0913510035438607},
    wfWall = {0.2099625416931154, 0.09360649049586875, 0.04093037615143994, 0.0665337804485886, 0.027336903342687506, 0.022451731674689487, 0.15856930521458357, 0.0, 0.04285202226235317, 0.042809754356901444, 0.03011325034652848, 0.0710364713292219},
    wfWin = {0.3241997200079882, 0.14453624806108037, 0.0631999230963471, 0.10273372011295608, 0.04221046448627236, 0.03466735096619133, 0.0, 0.0, 0.06616710536652123, 0.06610184018635018, 0.04649737639937849, 0.10968625131691462},
    wfGro = 0.1937973726840216,
    nrPeople = 14.71858583203125,
    ratioConvectiveHeatPeople = 0.5,
    nrPeopleMachines = 44.15575749609375,
    ratioConvectiveHeatMachines = 0.75,
    lightingPower = 14.0,
    ratioConvectiveHeatLighting = 0.9,
    useConstantACHrate = false,
    baseACH = 0.2,
    maxUserACH = 1.0,
    maxOverheatingACH = {3.0, 2.0},
    maxSummerACH = {1.0, 283.15, 290.15},
    winterReduction = {0.2, 273.15, 283.15},
    withAHU = false,
    minAHU = 24.0,
    maxAHU = 48.0,
    hHeat = 10511.033145233432,
    lHeat = 0,
    KRHeat = 10000,
    TNHeat = 1,
    HeaterOn = true,
    hCool = 0,
    lCool = 0.0,
    KRCool = 10000,
    TNCool = 1,
    CoolerOn = false);
end Inffeldgasse18_3_Laboratory;
