 
within Inffeldgasse.Inffeldgasse18_3.Inffeldgasse18_3_DataBase;
record Inffeldgasse18_3_Meeting "Inffeldgasse18_3_Meeting"
  extends AixLib.DataBase.ThermalZones.ZoneBaseRecord(
    T_start = 293.15,
    withAirCap = true,
    VAir = 241.2427551406681,
    AZone = 53.402707617187495,
    alphaRad = 4.999999999999999,
    lat = 0.88645272708792,
    nOrientations = 12,
    AWin = {1.7601443816487572, 0.7847158688571143, 0.34312487856537305, 0.5577616793075578, 0.2291689576735786, 0.18821590292639295, 0.0, 0.0, 0.35923429779018334, 0.3588799602226106, 0.2524434500707064, 0.595508345888836},
    ATransparent = {1.7601443816487572, 0.7847158688571143, 0.34312487856537305, 0.5577616793075578, 0.2291689576735786, 0.18821590292639295, 0.0, 0.0, 0.35923429779018334, 0.3588799602226106, 0.2524434500707064, 0.595508345888836},
    alphaWin = 2.700000000000001,
    RWin = 0.06597824826117615,
    gWin = 0.67,
    UWin= 1.8936557576825386,
    ratioWinConRad = 0.030000000000000002,
    AExt = {22.025590505496613, 9.819552629212, 4.2936978047504795, 6.979558311335115, 2.8677088487261324, 2.3552422447275663, 17.8009025390625, 17.8009025390625, 4.495283239914997, 4.49084923197483, 3.158954523857759, 7.451901733690031},
    alphaExt = 2.3561545729941646,
    nExt = 1,
    RExt = {0.0002903990700323819},
    RExtRem = 0.01717448005166565 ,
    CExt = {36471493.27343517},
    AInt = 767.2999509063361,
    alphaInt = 2.3288095153810753,
    nInt = 1,
    RInt = {8.226641304730823e-05},
    CInt = {94288314.95902994},
    AFloor = 0.0,
    alphaFloor = 0.0,
    nFloor = 1,
    RFloor = {0.00001},
    RFloorRem =  0.00001,
    CFloor = {0.00001},
    ARoof = 0.0,
    alphaRoof = 0.0,
    nRoof = 1,
    RRoof = {0.00001},
    RRoofRem = 0.00001,
    CRoof = {0.00001},
    nOrientationsRoof = 1,
    tiltRoof = {0.0},
    aziRoof = {0.0},
    wfRoof = {0.0},
    aRoof = 0.0,
    aExt = 0.5,
    TSoil = 286.15,
    alphaWallOut = 19.999999999999996,
    alphaRadWall = 4.999999999999998,
    alphaWinOut = 19.999999999999996,
    alphaRoofOut = 0.0,
    alphaRadRoof = 0.0,
    tiltExtWalls = {1.5707963267948966, 1.5707963267948966, 1.5707963267948966, 1.5707963267948966, 1.5707963267948966, 1.5707963267948966, 0.0, 0.0, 1.5707963267948966, 1.5707963267948966, 1.5707963267948966, 1.5707963267948966},
    aziExtWalls = {2.615437812227024, -0.5534493204138662, -2.1092614321571115, -0.5402522643701382, -0.5273909214575033, -0.5380442078164669, 0.0, 0.0, 1.0210429345892802, 1.0490715711169776, 1.0658544669620469, -2.0913510035438607},
    wfWall = {0.20996254169311546, 0.09360649049586875, 0.04093037615143995, 0.0665337804485886, 0.02733690334268751, 0.022451731674689487, 0.1585693052145836, 0.0, 0.04285202226235317, 0.04280975435690145, 0.03011325034652848, 0.0710364713292219},
    wfWin = {0.3241997200079882, 0.14453624806108034, 0.06319992309634712, 0.10273372011295609, 0.04221046448627236, 0.03466735096619133, 0.0, 0.0, 0.06616710536652125, 0.06610184018635018, 0.04649737639937849, 0.10968625131691462},
    wfGro = 0.19379737268402164,
    nrPeople = 12.816649828124998,
    ratioConvectiveHeatPeople = 0.5,
    nrPeopleMachines = 1.06805415234375,
    ratioConvectiveHeatMachines = 0.75,
    lightingPower = 15.9,
    ratioConvectiveHeatLighting = 0.9,
    useConstantACHrate = false,
    baseACH = 0.2,
    maxUserACH = 1.0,
    maxOverheatingACH = {3.0, 2.0},
    maxSummerACH = {1.0, 283.15, 290.15},
    winterReduction = {0.2, 273.15, 283.15},
    withAHU = false,
    minAHU = 0.0,
    maxAHU = 12.0,
    hHeat = 2288.1992993697922,
    lHeat = 0,
    KRHeat = 10000,
    TNHeat = 1,
    HeaterOn = true,
    hCool = 0,
    lCool = 0.0,
    KRCool = 10000,
    TNCool = 1,
    CoolerOn = false);
end Inffeldgasse18_3_Meeting;
