 
within Inffeldgasse.Inffeldgasse18_3.Inffeldgasse18_3_DataBase;
record Inffeldgasse18_3_ICT "Inffeldgasse18_3_ICT"
  extends AixLib.DataBase.ThermalZones.ZoneBaseRecord(
    T_start = 293.15,
    withAirCap = true,
    VAir = 157.8183442720592,
    AZone = 34.935461132812506,
    alphaRad = 5.000000000000001,
    lat = 0.88645272708792,
    nOrientations = 12,
    AWin = {1.1514670018985635, 0.513352448967132, 0.2244685034465097, 0.36488152639193183, 0.14991979940499708, 0.12312876358999329, 0.0, 0.0, 0.2350071074670184, 0.23477530374634248, 0.165145715108644, 0.389574978504818},
    ATransparent = {1.1514670018985635, 0.513352448967132, 0.2244685034465097, 0.36488152639193183, 0.14991979940499708, 0.12312876358999329, 0.0, 0.0, 0.2350071074670184, 0.23477530374634248, 0.165145715108644, 0.389574978504818},
    alphaWin = 2.7,
    RWin = 0.10085503344555805,
    gWin = 0.67,
    UWin= 1.8936557576825384,
    ratioWinConRad = 0.03,
    AExt = {14.408897888622565, 6.423842807345463, 2.808889651236054, 4.565949911336877, 1.8760234357976664, 1.5407734470855918, 11.645153710937501, 11.645153710937501, 2.9407646150602575, 2.937863936069097, 2.0665531377108697, 4.874951758046777},
    alphaExt = 2.3561545729941655,
    nExt = 1,
    RExt = {0.00044390702530835475},
    RExtRem = 0.02625308803537991 ,
    CExt = {23859247.827719625},
    AInt = 250.97957395955916,
    alphaInt = 2.3288095153810757,
    nInt = 1,
    RInt = {0.00025150658157787394},
    CInt = {30841186.80032443},
    AFloor = 0.0,
    alphaFloor = 0.0,
    nFloor = 1,
    RFloor = {0.00001},
    RFloorRem =  0.00001,
    CFloor = {0.00001},
    ARoof = 0.0,
    alphaRoof = 0.0,
    nRoof = 1,
    RRoof = {0.00001},
    RRoofRem = 0.00001,
    CRoof = {0.00001},
    nOrientationsRoof = 1,
    tiltRoof = {0.0},
    aziRoof = {0.0},
    wfRoof = {0.0},
    aRoof = 0.0,
    aExt = 0.5,
    TSoil = 286.15,
    alphaWallOut = 20.0,
    alphaRadWall = 5.0,
    alphaWinOut = 19.999999999999996,
    alphaRoofOut = 0.0,
    alphaRadRoof = 0.0,
    tiltExtWalls = {1.5707963267948966, 1.5707963267948966, 1.5707963267948966, 1.5707963267948966, 1.5707963267948966, 1.5707963267948966, 0.0, 0.0, 1.5707963267948966, 1.5707963267948966, 1.5707963267948966, 1.5707963267948966},
    aziExtWalls = {2.615437812227024, -0.5534493204138662, -2.1092614321571115, -0.5402522643701382, -0.5273909214575033, -0.5380442078164669, 0.0, 0.0, 1.0210429345892802, 1.0490715711169776, 1.0658544669620469, -2.0913510035438607},
    wfWall = {0.20996254169311548, 0.09360649049586875, 0.040930376151439955, 0.06653378044858861, 0.027336903342687506, 0.022451731674689487, 0.1585693052145836, 0.0, 0.04285202226235318, 0.04280975435690146, 0.030113250346528484, 0.0710364713292219},
    wfWin = {0.3241997200079882, 0.14453624806108034, 0.06319992309634713, 0.10273372011295606, 0.04221046448627236, 0.034667350966191335, 0.0, 0.0, 0.06616710536652123, 0.06610184018635018, 0.046497376399378496, 0.10968625131691459},
    wfGro = 0.19379737268402158,
    nrPeople = 1.0480638339843753,
    ratioConvectiveHeatPeople = 0.5,
    nrPeopleMachines = 52.40319169921876,
    ratioConvectiveHeatMachines = 0.75,
    lightingPower = 7.1,
    ratioConvectiveHeatLighting = 0.9,
    useConstantACHrate = false,
    baseACH = 0.2,
    maxUserACH = 1.0,
    maxOverheatingACH = {3.0, 2.0},
    maxSummerACH = {1.0, 283.15, 290.15},
    winterReduction = {0.2, 273.15, 283.15},
    withAHU = false,
    minAHU = 0.0,
    maxAHU = 130.0,
    hHeat = 1496.9146931706134,
    lHeat = 0,
    KRHeat = 10000,
    TNHeat = 1,
    HeaterOn = true,
    hCool = 0,
    lCool = 0.0,
    KRCool = 10000,
    TNCool = 1,
    CoolerOn = false);
end Inffeldgasse18_3_ICT;
