 
within Inffeldgasse.Inffeldgasse18_3.Inffeldgasse18_3_DataBase;
record Inffeldgasse18_3_Storage "Inffeldgasse18_3_Storage"
  extends AixLib.DataBase.ThermalZones.ZoneBaseRecord(
    T_start = 293.15,
    withAirCap = true,
    VAir = 98.04518390743732,
    AZone = 21.703774218750002,
    alphaRad = 5.0,
    lat = 0.88645272708792,
    nOrientations = 12,
    AWin = {0.7153527968198159, 0.31892195739647433, 0.13945182230464362, 0.22668389105547807, 0.0931381860063742, 0.07649416375618111, 0.0, 0.0, 0.1459989659468125, 0.1458549570958204, 0.10259733799665076, 0.24202478228637195},
    ATransparent = {0.7153527968198159, 0.31892195739647433, 0.13945182230464362, 0.22668389105547807, 0.0931381860063742, 0.07649416375618111, 0.0, 0.0, 0.1459989659468125, 0.1458549570958204, 0.10259733799665076, 0.24202478228637195},
    alphaWin = 2.6999999999999997,
    RWin = 0.16234121611631497,
    gWin = 0.67,
    UWin= 1.893655757682538,
    ratioWinConRad = 0.029999999999999995,
    AExt = {8.951576889934454, 3.990834223636963, 1.7450322628932433, 2.8366119340185496, 1.165485949214899, 0.9572107518678881, 7.234591406250001, 7.234591406250001, 1.8269600333344378, 1.8251579766314823, 1.2838531754716027, 3.0285803837456813},
    alphaExt = 2.356154572994165,
    nExt = 1,
    RExt = {0.0007145345538954661},
    RExtRem = 0.042258260127124685 ,
    CExt = {14822638.977438888},
    AInt = 389.80478789359324,
    alphaInt = 2.3288095153810753,
    nInt = 1,
    RInt = {0.00016193493936680675},
    CInt = {47900480.86153929},
    AFloor = 0.0,
    alphaFloor = 0.0,
    nFloor = 1,
    RFloor = {0.00001},
    RFloorRem =  0.00001,
    CFloor = {0.00001},
    ARoof = 0.0,
    alphaRoof = 0.0,
    nRoof = 1,
    RRoof = {0.00001},
    RRoofRem = 0.00001,
    CRoof = {0.00001},
    nOrientationsRoof = 1,
    tiltRoof = {0.0},
    aziRoof = {0.0},
    wfRoof = {0.0},
    aRoof = 0.0,
    aExt = 0.5,
    TSoil = 286.15,
    alphaWallOut = 20.0,
    alphaRadWall = 5.0,
    alphaWinOut = 19.999999999999993,
    alphaRoofOut = 0.0,
    alphaRadRoof = 0.0,
    tiltExtWalls = {1.5707963267948966, 1.5707963267948966, 1.5707963267948966, 1.5707963267948966, 1.5707963267948966, 1.5707963267948966, 0.0, 0.0, 1.5707963267948966, 1.5707963267948966, 1.5707963267948966, 1.5707963267948966},
    aziExtWalls = {2.615437812227024, -0.5534493204138662, -2.1092614321571115, -0.5402522643701382, -0.5273909214575033, -0.5380442078164669, 0.0, 0.0, 1.0210429345892802, 1.0490715711169776, 1.0658544669620469, -2.0913510035438607},
    wfWall = {0.20996254169311546, 0.09360649049586872, 0.04093037615143995, 0.0665337804485886, 0.027336903342687513, 0.02245173167468949, 0.15856930521458357, 0.0, 0.04285202226235317, 0.04280975435690145, 0.030113250346528477, 0.07103647132922189},
    wfWin = {0.32419972000798825, 0.14453624806108034, 0.06319992309634712, 0.10273372011295606, 0.042210464486272366, 0.03466735096619133, 0.0, 0.0, 0.06616710536652125, 0.0661018401863502, 0.0464973763993785, 0.10968625131691465},
    wfGro = 0.1937973726840216,
    nrPeople = 0.0,
    ratioConvectiveHeatPeople = 0.5,
    nrPeopleMachines = 0.0,
    ratioConvectiveHeatMachines = 0.75,
    lightingPower = 11.3,
    ratioConvectiveHeatLighting = 0.9,
    useConstantACHrate = false,
    baseACH = 0.2,
    maxUserACH = 1.0,
    maxOverheatingACH = {3.0, 2.0},
    maxSummerACH = {1.0, 283.15, 290.15},
    winterReduction = {0.2, 273.15, 283.15},
    withAHU = false,
    minAHU = 0.0,
    maxAHU = 0.5,
    hHeat = 929.9633516155308,
    lHeat = 0,
    KRHeat = 10000,
    TNHeat = 1,
    HeaterOn = true,
    hCool = 0,
    lCool = 0.0,
    KRCool = 10000,
    TNCool = 1,
    CoolerOn = false);
end Inffeldgasse18_3_Storage;
