 
within Inffeldgasse.Inffeldgasse18_3.Inffeldgasse18_3_DataBase;
record Inffeldgasse18_3_Restroom "Inffeldgasse18_3_Restroom"
  extends AixLib.DataBase.ThermalZones.ZoneBaseRecord(
    T_start = 293.15,
    withAirCap = true,
    VAir = 126.42668451222178,
    AZone = 27.986445703125,
    alphaRad = 4.999999999999999,
    lat = 0.88645272708792,
    nOrientations = 12,
    AWin = {0.922428606425552, 0.4112414713796642, 0.17981945507704045, 0.2923029121504848, 0.12009923985032463, 0.09863721115928616, 0.0, 0.0, 0.18826182451036347, 0.18807612888671574, 0.13229656741673385, 0.31208458768505853},
    ATransparent = {0.922428606425552, 0.4112414713796642, 0.17981945507704045, 0.2923029121504848, 0.12009923985032463, 0.09863721115928616, 0.0, 0.0, 0.18826182451036347, 0.18807612888671574, 0.13229656741673385, 0.31208458768505853},
    alphaWin = 2.7,
    RWin = 0.12589726964122386,
    gWin = 0.67,
    UWin= 1.8936557576825381,
    ratioWinConRad = 0.029999999999999995,
    AExt = {11.542822831757585, 5.14607570942661, 2.250173181099182, 3.6577364412344453, 1.502863460829738, 1.2342980747770134, 9.328815234375, 9.328815234375, 2.355816885089143, 2.353493180393227, 1.6554948841607509, 3.905274705356273},
    alphaExt = 2.3561545729941655,
    nExt = 1,
    RExt = {0.0005541288377148508},
    RExtRem = 0.03277171193532118 ,
    CExt = {19113402.89196068},
    AInt = 428.01249409305444,
    alphaInt = 2.438452067737626,
    nInt = 1,
    RInt = {0.00017255480450591976},
    CInt = {44360385.15927668},
    AFloor = 0.0,
    alphaFloor = 0.0,
    nFloor = 1,
    RFloor = {0.00001},
    RFloorRem =  0.00001,
    CFloor = {0.00001},
    ARoof = 0.0,
    alphaRoof = 0.0,
    nRoof = 1,
    RRoof = {0.00001},
    RRoofRem = 0.00001,
    CRoof = {0.00001},
    nOrientationsRoof = 1,
    tiltRoof = {0.0},
    aziRoof = {0.0},
    wfRoof = {0.0},
    aRoof = 0.0,
    aExt = 0.5,
    TSoil = 286.15,
    alphaWallOut = 20.000000000000004,
    alphaRadWall = 5.0,
    alphaWinOut = 19.999999999999996,
    alphaRoofOut = 0.0,
    alphaRadRoof = 0.0,
    tiltExtWalls = {1.5707963267948966, 1.5707963267948966, 1.5707963267948966, 1.5707963267948966, 1.5707963267948966, 1.5707963267948966, 0.0, 0.0, 1.5707963267948966, 1.5707963267948966, 1.5707963267948966, 1.5707963267948966},
    aziExtWalls = {2.615437812227024, -0.5534493204138662, -2.1092614321571115, -0.5402522643701382, -0.5273909214575033, -0.5380442078164669, 0.0, 0.0, 1.0210429345892802, 1.0490715711169776, 1.0658544669620469, -2.0913510035438607},
    wfWall = {0.20996254169311546, 0.09360649049586874, 0.04093037615143995, 0.0665337804485886, 0.02733690334268751, 0.02245173167468949, 0.1585693052145836, 0.0, 0.04285202226235318, 0.04280975435690145, 0.030113250346528488, 0.0710364713292219},
    wfWin = {0.32419972000798825, 0.14453624806108034, 0.06319992309634713, 0.10273372011295608, 0.04221046448627237, 0.034667350966191335, 0.0, 0.0, 0.06616710536652126, 0.0661018401863502, 0.046497376399378496, 0.10968625131691463},
    wfGro = 0.1937973726840216,
    nrPeople = 0.0,
    ratioConvectiveHeatPeople = 0.5,
    nrPeopleMachines = 0.0,
    ratioConvectiveHeatMachines = 0.75,
    lightingPower = 11.1,
    ratioConvectiveHeatLighting = 0.9,
    useConstantACHrate = false,
    baseACH = 0.2,
    maxUserACH = 1.0,
    maxOverheatingACH = {3.0, 2.0},
    maxSummerACH = {1.0, 283.15, 290.15},
    winterReduction = {0.2, 273.15, 283.15},
    withAHU = false,
    minAHU = 0.0,
    maxAHU = 8.0,
    hHeat = 1199.1632691884474,
    lHeat = 0,
    KRHeat = 10000,
    TNHeat = 1,
    HeaterOn = true,
    hCool = 0,
    lCool = 0.0,
    KRCool = 10000,
    TNCool = 1,
    CoolerOn = false);
end Inffeldgasse18_3_Restroom;
