 
within Inffeldgasse.Inffeldgasse18_3.Inffeldgasse18_3_DataBase;
record Inffeldgasse18_3_Floor "Inffeldgasse18_3_Floor"
  extends AixLib.DataBase.ThermalZones.ZoneBaseRecord(
    T_start = 293.15,
    withAirCap = true,
    VAir = 1158.0512292224942,
    AZone = 256.3520349609375,
    alphaRad = 5.0,
    lat = 0.88645272708792,
    nOrientations = 12,
    AWin = {8.449320534367386, 3.7669159266171284, 1.647121743273707, 2.6774549061947472, 1.1000926969963407, 0.9035034341903321, 0.0, 0.0, 1.7244526986612545, 1.722751752013352, 1.2118185580043002, 2.8586523627070153},
    ATransparent = {8.449320534367386, 3.7669159266171284, 1.647121743273707, 2.6774549061947472, 1.1000926969963407, 0.9035034341903321, 0.0, 0.0, 1.7244526986612545, 1.722751752013352, 1.2118185580043002, 2.8586523627070153},
    alphaWin = 2.7000000000000006,
    RWin = 0.01374444755830665,
    gWin = 0.67,
    UWin= 1.8936557576825386,
    ratioWinConRad = 0.030000000000000002,
    AExt = {105.73068668681351, 47.137353351992715, 20.61128019285747, 33.504368150491025, 13.766024829981239, 11.306002433246588, 85.45067832031249, 85.45067832031249, 21.578962148112456, 21.557677329248165, 15.16410790151327, 35.77178497117158},
    alphaExt = 2.3561545729941655,
    nExt = 1,
    RExt = {6.0495313140796966e-05},
    RExtRem = 0.0035777509502355844 ,
    CExt = {175076170.0273813},
    AInt = 9578.14926963371,
    alphaInt = 2.4858859554225843,
    nInt = 1,
    RInt = {8.321812462955375e-06},
    CInt = {912979836.2476294},
    AFloor = 0.0,
    alphaFloor = 0.0,
    nFloor = 1,
    RFloor = {0.00001},
    RFloorRem =  0.00001,
    CFloor = {0.00001},
    ARoof = 0.0,
    alphaRoof = 0.0,
    nRoof = 1,
    RRoof = {0.00001},
    RRoofRem = 0.00001,
    CRoof = {0.00001},
    nOrientationsRoof = 1,
    tiltRoof = {0.0},
    aziRoof = {0.0},
    wfRoof = {0.0},
    aRoof = 0.0,
    aExt = 0.5,
    TSoil = 286.15,
    alphaWallOut = 20.0,
    alphaRadWall = 5.0,
    alphaWinOut = 19.999999999999996,
    alphaRoofOut = 0.0,
    alphaRadRoof = 0.0,
    tiltExtWalls = {1.5707963267948966, 1.5707963267948966, 1.5707963267948966, 1.5707963267948966, 1.5707963267948966, 1.5707963267948966, 0.0, 0.0, 1.5707963267948966, 1.5707963267948966, 1.5707963267948966, 1.5707963267948966},
    aziExtWalls = {2.615437812227024, -0.5534493204138662, -2.1092614321571115, -0.5402522643701382, -0.5273909214575033, -0.5380442078164669, 0.0, 0.0, 1.0210429345892802, 1.0490715711169776, 1.0658544669620469, -2.0913510035438607},
    wfWall = {0.20996254169311546, 0.09360649049586875, 0.04093037615143995, 0.06653378044858861, 0.027336903342687513, 0.022451731674689487, 0.15856930521458357, 0.0, 0.04285202226235317, 0.04280975435690145, 0.03011325034652848, 0.0710364713292219},
    wfWin = {0.3241997200079882, 0.14453624806108037, 0.06319992309634712, 0.10273372011295609, 0.04221046448627236, 0.03466735096619133, 0.0, 0.0, 0.06616710536652123, 0.06610184018635018, 0.04649737639937849, 0.1096862513169146},
    wfGro = 0.1937973726840216,
    nrPeople = 0.0,
    ratioConvectiveHeatPeople = 0.5,
    nrPeopleMachines = 0.0,
    ratioConvectiveHeatMachines = 0.75,
    lightingPower = 7.0,
    ratioConvectiveHeatLighting = 0.9,
    useConstantACHrate = false,
    baseACH = 0.2,
    maxUserACH = 1.0,
    maxOverheatingACH = {3.0, 2.0},
    maxSummerACH = {1.0, 283.15, 290.15},
    winterReduction = {0.2, 273.15, 283.15},
    withAHU = false,
    minAHU = 0.0,
    maxAHU = 2.0,
    hHeat = 10984.172394300984,
    lHeat = 0,
    KRHeat = 10000,
    TNHeat = 1,
    HeaterOn = true,
    hCool = 0,
    lCool = 0.0,
    KRCool = 10000,
    TNCool = 1,
    CoolerOn = false);
end Inffeldgasse18_3_Floor;
