 
within Inffeldgasse.Inffeldgasse18_3.Inffeldgasse18_3_DataBase;
record Inffeldgasse18_3_Office "Inffeldgasse18_3_Office"
  extends AixLib.DataBase.ThermalZones.ZoneBaseRecord(
    T_start = 293.15,
    withAirCap = true,
    VAir = 1410.4745755105016,
    AZone = 312.229734375,
    alphaRad = 5.0,
    lat = 0.88645272708792,
    nOrientations = 12,
    AWin = {10.291040234951737, 4.588000088861561, 2.006149022628206, 3.2610665029033687, 1.3398826758811728, 1.1004423557906755, 0.0, 0.0, 2.10033600134011, 2.098264295062679, 1.4759617045132214, 3.4817600258741224},
    ATransparent = {10.291040234951737, 4.588000088861561, 2.006149022628206, 3.2610665029033687, 1.3398826758811728, 1.1004423557906755, 0.0, 0.0, 2.10033600134011, 2.098264295062679, 1.4759617045132214, 3.4817600258741224},
    alphaWin = 2.7,
    RWin = 0.011284694291012138,
    gWin = 0.6699999999999999,
    UWin= 1.8936557576825381,
    ratioWinConRad = 0.029999999999999992,
    AExt = {128.77707104817986, 57.41200111197034, 25.10397290477999, 40.80739975254756, 16.766639971161702, 13.770400290029265, 104.076578125, 104.076578125, 26.2825829356884, 26.256658611189746, 18.469466734854635, 43.56905113458699},
    alphaExt = 2.3561545729941655,
    nExt = 1,
    RExt = {4.966886533175798e-05},
    RExtRem = 0.002937464423470862 ,
    CExt = {213237964.2368402},
    AInt = 7850.805201786756,
    alphaInt = 2.3288095153810753,
    nInt = 1,
    RInt = {8.040323644519145e-06},
    CInt = {964732491.7376685},
    AFloor = 0.0,
    alphaFloor = 0.0,
    nFloor = 1,
    RFloor = {0.00001},
    RFloorRem =  0.00001,
    CFloor = {0.00001},
    ARoof = 0.0,
    alphaRoof = 0.0,
    nRoof = 1,
    RRoof = {0.00001},
    RRoofRem = 0.00001,
    CRoof = {0.00001},
    nOrientationsRoof = 1,
    tiltRoof = {0.0},
    aziRoof = {0.0},
    wfRoof = {0.0},
    aRoof = 0.0,
    aExt = 0.5,
    TSoil = 286.15,
    alphaWallOut = 20.0,
    alphaRadWall = 4.999999999999999,
    alphaWinOut = 20.0,
    alphaRoofOut = 0.0,
    alphaRadRoof = 0.0,
    tiltExtWalls = {1.5707963267948966, 1.5707963267948966, 1.5707963267948966, 1.5707963267948966, 1.5707963267948966, 1.5707963267948966, 0.0, 0.0, 1.5707963267948966, 1.5707963267948966, 1.5707963267948966, 1.5707963267948966},
    aziExtWalls = {2.615437812227024, -0.5534493204138662, -2.1092614321571115, -0.5402522643701382, -0.5273909214575033, -0.5380442078164669, 0.0, 0.0, 1.0210429345892802, 1.0490715711169776, 1.0658544669620469, -2.0913510035438607},
    wfWall = {0.20996254169311546, 0.09360649049586875, 0.04093037615143995, 0.06653378044858863, 0.027336903342687506, 0.022451731674689487, 0.15856930521458362, 0.0, 0.042852022262353184, 0.04280975435690146, 0.030113250346528484, 0.07103647132922189},
    wfWin = {0.32419972000798825, 0.14453624806108037, 0.06319992309634712, 0.10273372011295608, 0.04221046448627236, 0.03466735096619133, 0.0, 0.0, 0.06616710536652125, 0.06610184018635017, 0.046497376399378496, 0.1096862513169146},
    wfGro = 0.1937973726840216,
    nrPeople = 15.611486718750001,
    ratioConvectiveHeatPeople = 0.5,
    nrPeopleMachines = 21.856081406250002,
    ratioConvectiveHeatMachines = 0.75,
    lightingPower = 12.5,
    ratioConvectiveHeatLighting = 0.9,
    useConstantACHrate = false,
    baseACH = 0.2,
    maxUserACH = 1.0,
    maxOverheatingACH = {3.0, 2.0},
    maxSummerACH = {1.0, 283.15, 290.15},
    winterReduction = {0.2, 273.15, 283.15},
    withAHU = false,
    minAHU = 0.0,
    maxAHU = 2.6,
    hHeat = 13378.420146047985,
    lHeat = 0,
    KRHeat = 10000,
    TNHeat = 1,
    HeaterOn = true,
    hCool = 0,
    lCool = 0.0,
    KRCool = 10000,
    TNCool = 1,
    CoolerOn = false);
end Inffeldgasse18_3_Office;
