 
within Inffeldgasse.Inffeldgasse18_3.Inffeldgasse18_3_DataBase;
record Inffeldgasse18_3_Storage "Inffeldgasse18_3_Storage"
  extends AixLib.DataBase.ThermalZones.ZoneBaseRecord(
    T_start = 293.15,
    withAirCap = true,
    VAir = 3870.2046279251567,
    AZone = 856.7279296875,
    alphaRad = 4.999999999999999,
    lat = 0.88645272708792,
    nOrientations = 12,
    AWin = {28.237610400782213, 12.589024634071356, 5.504677196235932, 8.948048331137292, 3.676507342356876, 3.0195064640597806, 0.0, 0.0, 5.763117076847863, 5.757432516940279, 4.0498949209204245, 9.553609827093629},
    ATransparent = {28.237610400782213, 12.589024634071356, 5.504677196235932, 8.948048331137292, 3.676507342356876, 3.0195064640597806, 0.0, 0.0, 5.763117076847863, 5.757432516940279, 4.0498949209204245, 9.553609827093629},
    alphaWin = 2.6999999999999997,
    RWin = 0.004112644141613312,
    gWin = 0.6699999999999999,
    UWin= 1.8936557576825381,
    ratioWinConRad = 0.029999999999999995,
    AExt = {353.35171933951796, 157.5329298804064, 68.88285248262804, 111.97152371125856, 46.00602431111443, 37.784634942153474, 285.57597656250005, 285.57597656250005, 72.11684342109623, 72.04570960387431, 50.67841482124748, 119.54922567417162},
    alphaExt = 2.3561545729941646,
    nExt = 1,
    RExt = {1.810154203201847e-05},
    RExtRem = 0.001070542589887159 ,
    CExt = {585104170.1620615},
    AInt = 12309.624880850313,
    alphaInt = 2.3288095153810753,
    nInt = 1,
    RInt = {5.1279397466155435e-06},
    CInt = {1512646764.0486093},
    AFloor = 0.0,
    alphaFloor = 0.0,
    nFloor = 1,
    RFloor = {0.00001},
    RFloorRem =  0.00001,
    CFloor = {0.00001},
    ARoof = 0.0,
    alphaRoof = 0.0,
    nRoof = 1,
    RRoof = {0.00001},
    RRoofRem = 0.00001,
    CRoof = {0.00001},
    nOrientationsRoof = 1,
    tiltRoof = {0.0},
    aziRoof = {0.0},
    wfRoof = {0.0},
    aRoof = 0.0,
    aExt = 0.5,
    TSoil = 286.15,
    alphaWallOut = 20.0,
    alphaRadWall = 4.999999999999999,
    alphaWinOut = 20.0,
    alphaRoofOut = 0.0,
    alphaRadRoof = 0.0,
    tiltExtWalls = {1.5707963267948966, 1.5707963267948966, 1.5707963267948966, 1.5707963267948966, 1.5707963267948966, 1.5707963267948966, 0.0, 0.0, 1.5707963267948966, 1.5707963267948966, 1.5707963267948966, 1.5707963267948966},
    aziExtWalls = {2.615437812227024, -0.5534493204138662, -2.1092614321571115, -0.5402522643701382, -0.5273909214575033, -0.5380442078164669, 0.0, 0.0, 1.0210429345892802, 1.0490715711169776, 1.0658544669620469, -2.0913510035438607},
    wfWall = {0.20996254169311548, 0.09360649049586876, 0.04093037615143996, 0.06653378044858863, 0.027336903342687513, 0.02245173167468949, 0.15856930521458362, 0.0, 0.04285202226235319, 0.04280975435690146, 0.030113250346528488, 0.0710364713292219},
    wfWin = {0.3241997200079882, 0.14453624806108034, 0.06319992309634712, 0.10273372011295606, 0.04221046448627235, 0.03466735096619133, 0.0, 0.0, 0.06616710536652125, 0.0661018401863502, 0.046497376399378496, 0.1096862513169146},
    wfGro = 0.19379737268402164,
    nrPeople = 0.0,
    ratioConvectiveHeatPeople = 0.5,
    nrPeopleMachines = 0.0,
    ratioConvectiveHeatMachines = 0.75,
    lightingPower = 11.3,
    ratioConvectiveHeatLighting = 0.9,
    useConstantACHrate = false,
    baseACH = 0.2,
    maxUserACH = 1.0,
    maxOverheatingACH = {3.0, 2.0},
    maxSummerACH = {1.0, 283.15, 290.15},
    winterReduction = {0.2, 273.15, 283.15},
    withAHU = false,
    minAHU = 0.0,
    maxAHU = 0.5,
    hHeat = 36709.07966903411,
    lHeat = 0,
    KRHeat = 10000,
    TNHeat = 1,
    HeaterOn = true,
    hCool = 0,
    lCool = 0.0,
    KRCool = 10000,
    TNCool = 1,
    CoolerOn = false);
end Inffeldgasse18_3_Storage;
