 
within Inffeldgasse.Inffeldgasse25A_4.Inffeldgasse25A_4_DataBase;
record Inffeldgasse25A_4_Restroom "Inffeldgasse25A_4_Restroom"
  extends AixLib.DataBase.ThermalZones.ZoneBaseRecord(
    T_start = 293.15,
    withAirCap = true,
    VAir = 71.143119140625,
    AZone = 28.45724765625,
    alphaRad = 5.0,
    lat = 0.88645272708792,
    nOrientations = 10,
    AWin = {0.14198037660971938, 0.14599829682215903, 0.34218387380017573, 0.0, 0.0, 0.19788724601192473, 0.06467520731705541, 0.05675201856874099, 0.19464440840774214, 0.06340486922675193},
    ATransparent = {0.14198037660971938, 0.14599829682215903, 0.34218387380017573, 0.0, 0.0, 0.19788724601192473, 0.06467520731705541, 0.05675201856874099, 0.19464440840774214, 0.06340486922675193},
    alphaWin = 2.6999999999999997,
    RWin = 0.13520641874213465,
    gWin = 0.78,
    UWin= 3.001782134105591,
    ratioWinConRad = 0.030000000000000002,
    AExt = {1.7766733613594616, 1.8269516602340445, 4.281922528904903, 9.48574921875, 9.48574921875, 2.476264727122193, 0.8093140807512608, 0.7101671512791103, 2.435685434940125, 0.7934176878915173},
    alphaExt = 2.143355529422746,
    nExt = 1,
    RExt = {0.0008947254890132471},
    RExtRem = 0.022850906788364687 ,
    CExt = {10689548.66966372},
    AInt = 291.68678847656247,
    alphaInt = 2.309756097560976,
    nInt = 1,
    RInt = {0.00022876499642694368},
    CInt = {68794196.55216253},
    AFloor = 0.0,
    alphaFloor = 0.0,
    nFloor = 1,
    RFloor = {0.00001},
    RFloorRem =  0.00001,
    CFloor = {0.00001},
    ARoof = 0.0,
    alphaRoof = 0.0,
    nRoof = 1,
    RRoof = {0.00001},
    RRoofRem = 0.00001,
    CRoof = {0.00001},
    nOrientationsRoof = 1,
    tiltRoof = {0.0},
    aziRoof = {0.0},
    wfRoof = {0.0},
    aRoof = 0.0,
    aExt = 0.5,
    TSoil = 286.15,
    alphaWallOut = 20.0,
    alphaRadWall = 4.999999999999998,
    alphaWinOut = 20.0,
    alphaRoofOut = 0.0,
    alphaRadRoof = 0.0,
    tiltExtWalls = {1.5707963267948966, 1.5707963267948966, 1.5707963267948966, 0.0, 0.0, 1.5707963267948966, 1.5707963267948966, 1.5707963267948966, 1.5707963267948966, 1.5707963267948966},
    aziExtWalls = {2.6129362113306835, 2.6127778017602226, -0.5400427100615794, 0.0, 0.0, 1.0502241319105983, 1.0502241319650525, 2.6248186051029387, -2.0806834463819865, -2.0831369133479685},
    wfWall = {0.0485045813131216, 0.04987721845008053, 0.11689985564979387, 0.22345014781511296, 0.0, 0.06760397629736976, 0.022094911474113958, 0.019388122253810414, 0.06649612967790564, 0.021660927435843264},
    wfWin = {0.11757953179999069, 0.12090692949162375, 0.283375918782973, 0.0, 0.0, 0.1638782083190987, 0.053560081871808024, 0.0469985777707829, 0.16119268700757763, 0.05250806495614537},
    wfGro = 0.36402412963284797,
    nrPeople = 0.0,
    ratioConvectiveHeatPeople = 0.5,
    nrPeopleMachines = 0.0,
    ratioConvectiveHeatMachines = 0.75,
    lightingPower = 11.1,
    ratioConvectiveHeatLighting = 0.9,
    useConstantACHrate = false,
    baseACH = 0.2,
    maxUserACH = 1.0,
    maxOverheatingACH = {3.0, 2.0},
    maxSummerACH = {1.0, 283.15, 290.15},
    winterReduction = {0.2, 273.15, 283.15},
    withAHU = false,
    minAHU = 0.0,
    maxAHU = 8.0,
    hHeat = 1070.8131968056182,
    lHeat = 0,
    KRHeat = 10000,
    TNHeat = 1,
    HeaterOn = true,
    hCool = 0,
    lCool = 0.0,
    KRCool = 10000,
    TNCool = 1,
    CoolerOn = false);
end Inffeldgasse25A_4_Restroom;
