 
within Inffeldgasse.Inffeldgasse25A_4.Inffeldgasse25A_4_DataBase;
record Inffeldgasse25A_4_Floor "Inffeldgasse25A_4_Floor"
  extends AixLib.DataBase.ThermalZones.ZoneBaseRecord(
    T_start = 293.15,
    withAirCap = true,
    VAir = 651.6612919921874,
    AZone = 260.664516796875,
    alphaRad = 5.0,
    lat = 0.88645272708792,
    nOrientations = 10,
    AWin = {1.3005209326869873, 1.3373245351771235, 3.134357728380521, 0.0, 0.0, 1.8126202500343986, 0.5924160996762932, 0.5198407687265969, 1.7829162987824814, 0.5807799756042276},
    ATransparent = {1.3005209326869873, 1.3373245351771235, 3.134357728380521, 0.0, 0.0, 1.8126202500343986, 0.5924160996762932, 0.5198407687265969, 1.7829162987824814, 0.5807799756042276},
    alphaWin = 2.6999999999999997,
    RWin = 0.014760745306419458,
    gWin = 0.7799999999999999,
    UWin= 3.001782134105591,
    ratioWinConRad = 0.029999999999999995,
    AExt = {16.274086265785815, 16.734628642892115, 39.22182779027518, 86.88817226562499, 86.88817226562499, 22.68224799367369, 7.413206868922262, 6.505034484335524, 22.310547198278083, 7.267598073101551},
    alphaExt = 2.143355529422746,
    nExt = 1,
    RExt = {9.767890596728356e-05},
    RExtRem = 0.002494677532780994 ,
    CExt = {97914811.4537565},
    AInt = 6321.114532324218,
    alphaInt = 2.3701030927835056,
    nInt = 1,
    RInt = {1.0707500027119063e-05},
    CInt = {1365320195.4493308},
    AFloor = 0.0,
    alphaFloor = 0.0,
    nFloor = 1,
    RFloor = {0.00001},
    RFloorRem =  0.00001,
    CFloor = {0.00001},
    ARoof = 0.0,
    alphaRoof = 0.0,
    nRoof = 1,
    RRoof = {0.00001},
    RRoofRem = 0.00001,
    CRoof = {0.00001},
    nOrientationsRoof = 1,
    tiltRoof = {0.0},
    aziRoof = {0.0},
    wfRoof = {0.0},
    aRoof = 0.0,
    aExt = 0.5,
    TSoil = 286.15,
    alphaWallOut = 20.0,
    alphaRadWall = 5.0,
    alphaWinOut = 19.999999999999996,
    alphaRoofOut = 0.0,
    alphaRadRoof = 0.0,
    tiltExtWalls = {1.5707963267948966, 1.5707963267948966, 1.5707963267948966, 0.0, 0.0, 1.5707963267948966, 1.5707963267948966, 1.5707963267948966, 1.5707963267948966, 1.5707963267948966},
    aziExtWalls = {2.6129362113306835, 2.6127778017602226, -0.5400427100615794, 0.0, 0.0, 1.0502241319105983, 1.0502241319650525, 2.6248186051029387, -2.0806834463819865, -2.0831369133479685},
    wfWall = {0.048504581313121596, 0.04987721845008052, 0.11689985564979388, 0.22345014781511296, 0.0, 0.06760397629736975, 0.022094911474113958, 0.019388122253810414, 0.06649612967790562, 0.021660927435843264},
    wfWin = {0.11757953179999069, 0.12090692949162375, 0.28337591878297297, 0.0, 0.0, 0.1638782083190987, 0.05356008187180801, 0.04699857777078291, 0.16119268700757758, 0.052508064956145364},
    wfGro = 0.36402412963284797,
    nrPeople = 0.0,
    ratioConvectiveHeatPeople = 0.5,
    nrPeopleMachines = 0.0,
    ratioConvectiveHeatMachines = 0.75,
    lightingPower = 7.0,
    ratioConvectiveHeatLighting = 0.9,
    useConstantACHrate = false,
    baseACH = 0.2,
    maxUserACH = 1.0,
    maxOverheatingACH = {3.0, 2.0},
    maxSummerACH = {1.0, 283.15, 290.15},
    winterReduction = {0.2, 273.15, 283.15},
    withAHU = false,
    minAHU = 0.0,
    maxAHU = 2.0,
    hHeat = 9808.503193869148,
    lHeat = 0,
    KRHeat = 10000,
    TNHeat = 1,
    HeaterOn = true,
    hCool = 0,
    lCool = 0.0,
    KRCool = 10000,
    TNCool = 1,
    CoolerOn = false);
end Inffeldgasse25A_4_Floor;
