 
within Inffeldgasse.Inffeldgasse25A_4.Inffeldgasse25A_4_DataBase;
record Inffeldgasse25A_4_Storage "Inffeldgasse25A_4_Storage"
  extends AixLib.DataBase.ThermalZones.ZoneBaseRecord(
    T_start = 293.15,
    withAirCap = true,
    VAir = 2177.8505859375,
    AZone = 871.140234375,
    alphaRad = 5.000000000000001,
    lat = 0.88645272708792,
    nOrientations = 10,
    AWin = {4.346338059481205, 4.469335617004869, 10.475016544903339, 0.0, 0.0, 6.057772837099736, 1.9798532852159816, 1.7373066908798263, 5.958502298196188, 1.9409653844924057},
    ATransparent = {4.346338059481205, 4.469335617004869, 10.475016544903339, 0.0, 0.0, 6.057772837099736, 1.9798532852159816, 1.7373066908798263, 5.958502298196188, 1.9409653844924057},
    alphaWin = 2.7,
    RWin = 0.0044167430122430676,
    gWin = 0.7800000000000001,
    UWin= 3.001782134105591,
    ratioWinConRad = 0.030000000000000002,
    AExt = {54.38796004161617, 55.92709163981769, 131.0792610889256, 290.38007812499995, 290.38007812499995, 75.80402225884265, 24.77492083932431, 21.739810753442153, 74.56179902877933, 24.288296568107672},
    alphaExt = 2.1433555294227458,
    nExt = 1,
    RExt = {2.9227699307766073e-05},
    RExtRem = 0.0007464629550865798 ,
    CExt = {327231081.7243997},
    AInt = 9001.782421875,
    alphaInt = 2.183870967741936,
    nInt = 1,
    RInt = {7.0392144102821245e-06},
    CInt = {2498646139.4144435},
    AFloor = 0.0,
    alphaFloor = 0.0,
    nFloor = 1,
    RFloor = {0.00001},
    RFloorRem =  0.00001,
    CFloor = {0.00001},
    ARoof = 0.0,
    alphaRoof = 0.0,
    nRoof = 1,
    RRoof = {0.00001},
    RRoofRem = 0.00001,
    CRoof = {0.00001},
    nOrientationsRoof = 1,
    tiltRoof = {0.0},
    aziRoof = {0.0},
    wfRoof = {0.0},
    aRoof = 0.0,
    aExt = 0.5,
    TSoil = 286.15,
    alphaWallOut = 20.0,
    alphaRadWall = 5.0,
    alphaWinOut = 20.0,
    alphaRoofOut = 0.0,
    alphaRadRoof = 0.0,
    tiltExtWalls = {1.5707963267948966, 1.5707963267948966, 1.5707963267948966, 0.0, 0.0, 1.5707963267948966, 1.5707963267948966, 1.5707963267948966, 1.5707963267948966, 1.5707963267948966},
    aziExtWalls = {2.6129362113306835, 2.6127778017602226, -0.5400427100615794, 0.0, 0.0, 1.0502241319105983, 1.0502241319650525, 2.6248186051029387, -2.0806834463819865, -2.0831369133479685},
    wfWall = {0.04850458131312162, 0.049877218450080536, 0.11689985564979391, 0.22345014781511296, 0.0, 0.06760397629736976, 0.022094911474113965, 0.019388122253810425, 0.06649612967790564, 0.02166092743584327},
    wfWin = {0.11757953179999071, 0.12090692949162377, 0.283375918782973, 0.0, 0.0, 0.16387820831909872, 0.05356008187180801, 0.04699857777078291, 0.16119268700757763, 0.05250806495614537},
    wfGro = 0.364024129632848,
    nrPeople = 0.0,
    ratioConvectiveHeatPeople = 0.5,
    nrPeopleMachines = 0.0,
    ratioConvectiveHeatMachines = 0.75,
    lightingPower = 11.3,
    ratioConvectiveHeatLighting = 0.9,
    useConstantACHrate = false,
    baseACH = 0.2,
    maxUserACH = 1.0,
    maxOverheatingACH = {3.0, 2.0},
    maxSummerACH = {1.0, 283.15, 290.15},
    winterReduction = {0.2, 273.15, 283.15},
    withAHU = false,
    minAHU = 0.0,
    maxAHU = 0.5,
    hHeat = 32779.99582058014,
    lHeat = 0,
    KRHeat = 10000,
    TNHeat = 1,
    HeaterOn = true,
    hCool = 0,
    lCool = 0.0,
    KRCool = 10000,
    TNCool = 1,
    CoolerOn = false);
end Inffeldgasse25A_4_Storage;
