 
within Inffeldgasse.Inffeldgasse25A_4.Inffeldgasse25A_4_DataBase;
record Inffeldgasse25A_4_Office "Inffeldgasse25A_4_Office"
  extends AixLib.DataBase.ThermalZones.ZoneBaseRecord(
    T_start = 293.15,
    withAirCap = true,
    VAir = 793.705546875,
    AZone = 317.48221875,
    alphaRad = 4.999999999999999,
    lat = 0.88645272708792,
    nOrientations = 10,
    AWin = {1.5839987594553728, 1.6288245359751077, 3.8175615852536615, 0.0, 0.0, 2.2077216561874593, 0.7215465306120467, 0.6331517717873145, 2.171543059787055, 0.7073740512372323},
    ATransparent = {1.5839987594553728, 1.6288245359751077, 3.8175615852536615, 0.0, 0.0, 2.2077216561874593, 0.7215465306120467, 0.6331517717873145, 2.171543059787055, 0.7073740512372323},
    alphaWin = 2.6999999999999997,
    RWin = 0.01211911192383768,
    gWin = 0.7799999999999999,
    UWin= 3.0017821341055915,
    ratioWinConRad = 0.029999999999999995,
    AExt = {19.82138988183345, 20.382317842066893, 47.77110848574177, 105.82740625, 105.82740625, 27.62635477877821, 9.029082261442637, 7.922953252365585, 27.173633423821805, 8.851734749265908},
    alphaExt = 2.143355529422746,
    nExt = 1,
    RExt = {8.01979554176508e-05},
    RExtRem = 0.0020482215231034198 ,
    CExt = {119257549.78400342},
    AInt = 5741.136789062499,
    alphaInt = 2.183870967741936,
    nInt = 1,
    RInt = {1.1037095765250708e-05},
    CInt = {1593580982.2487676},
    AFloor = 0.0,
    alphaFloor = 0.0,
    nFloor = 1,
    RFloor = {0.00001},
    RFloorRem =  0.00001,
    CFloor = {0.00001},
    ARoof = 0.0,
    alphaRoof = 0.0,
    nRoof = 1,
    RRoof = {0.00001},
    RRoofRem = 0.00001,
    CRoof = {0.00001},
    nOrientationsRoof = 1,
    tiltRoof = {0.0},
    aziRoof = {0.0},
    wfRoof = {0.0},
    aRoof = 0.0,
    aExt = 0.5,
    TSoil = 286.15,
    alphaWallOut = 20.0,
    alphaRadWall = 5.0,
    alphaWinOut = 19.999999999999996,
    alphaRoofOut = 0.0,
    alphaRadRoof = 0.0,
    tiltExtWalls = {1.5707963267948966, 1.5707963267948966, 1.5707963267948966, 0.0, 0.0, 1.5707963267948966, 1.5707963267948966, 1.5707963267948966, 1.5707963267948966, 1.5707963267948966},
    aziExtWalls = {2.6129362113306835, 2.6127778017602226, -0.5400427100615794, 0.0, 0.0, 1.0502241319105983, 1.0502241319650525, 2.6248186051029387, -2.0806834463819865, -2.0831369133479685},
    wfWall = {0.0485045813131216, 0.049877218450080536, 0.1168998556497939, 0.22345014781511294, 0.0, 0.06760397629736976, 0.022094911474113965, 0.01938812225381042, 0.06649612967790564, 0.02166092743584327},
    wfWin = {0.11757953179999067, 0.12090692949162374, 0.28337591878297297, 0.0, 0.0, 0.16387820831909866, 0.053560081871808, 0.0469985777707829, 0.16119268700757758, 0.05250806495614535},
    wfGro = 0.36402412963284797,
    nrPeople = 15.874110937500001,
    ratioConvectiveHeatPeople = 0.5,
    nrPeopleMachines = 22.223755312500003,
    ratioConvectiveHeatMachines = 0.75,
    lightingPower = 12.5,
    ratioConvectiveHeatLighting = 0.9,
    useConstantACHrate = false,
    baseACH = 0.2,
    maxUserACH = 1.0,
    maxOverheatingACH = {3.0, 2.0},
    maxSummerACH = {1.0, 283.15, 290.15},
    winterReduction = {0.2, 273.15, 283.15},
    withAHU = false,
    minAHU = 0.0,
    maxAHU = 2.6,
    hHeat = 11946.487365722542,
    lHeat = 0,
    KRHeat = 10000,
    TNHeat = 1,
    HeaterOn = true,
    hCool = 0,
    lCool = 0.0,
    KRCool = 10000,
    TNCool = 1,
    CoolerOn = false);
end Inffeldgasse25A_4_Office;
