 
within Inffeldgasse.Inffeldgasse25A_4.Inffeldgasse25A_4_DataBase;
record Inffeldgasse25A_4_Meeting "Inffeldgasse25A_4_Meeting"
  extends AixLib.DataBase.ThermalZones.ZoneBaseRecord(
    T_start = 293.15,
    withAirCap = true,
    VAir = 48.3966796875,
    AZone = 19.358671875,
    alphaRad = 4.999999999999998,
    lat = 0.88645272708792,
    nOrientations = 10,
    AWin = {0.09658529021069345, 0.09931856926677485, 0.2327781454422964, 0.0, 0.0, 0.1346171741577719, 0.04399673967146626, 0.03860681535288503, 0.1324111621821375, 0.04313256409983123},
    ATransparent = {0.09658529021069345, 0.09931856926677485, 0.2327781454422964, 0.0, 0.0, 0.1346171741577719, 0.04399673967146626, 0.03860681535288503, 0.1324111621821375, 0.04313256409983123},
    alphaWin = 2.7,
    RWin = 0.19875343555093802,
    gWin = 0.7799999999999999,
    UWin= 3.001782134105591,
    ratioWinConRad = 0.029999999999999992,
    AExt = {1.2086213342581371, 1.2428242586626153, 2.912872468642791, 6.452890624999999, 6.452890624999999, 1.684533827974281, 0.550553796429429, 0.48310690563204783, 1.6569288673062075, 0.539739923735726},
    alphaExt = 2.143355529422746,
    nExt = 1,
    RExt = {0.0013152464688494735},
    RExtRem = 0.03359083297889609 ,
    CExt = {7271801.816097769},
    AInt = 150.02970703124998,
    alphaInt = 2.1838709677419357,
    nInt = 1,
    RInt = {0.00042235286461692723},
    CInt = {41644102.323574066},
    AFloor = 0.0,
    alphaFloor = 0.0,
    nFloor = 1,
    RFloor = {0.00001},
    RFloorRem =  0.00001,
    CFloor = {0.00001},
    ARoof = 0.0,
    alphaRoof = 0.0,
    nRoof = 1,
    RRoof = {0.00001},
    RRoofRem = 0.00001,
    CRoof = {0.00001},
    nOrientationsRoof = 1,
    tiltRoof = {0.0},
    aziRoof = {0.0},
    wfRoof = {0.0},
    aRoof = 0.0,
    aExt = 0.5,
    TSoil = 286.15,
    alphaWallOut = 19.999999999999996,
    alphaRadWall = 4.999999999999999,
    alphaWinOut = 19.999999999999993,
    alphaRoofOut = 0.0,
    alphaRadRoof = 0.0,
    tiltExtWalls = {1.5707963267948966, 1.5707963267948966, 1.5707963267948966, 0.0, 0.0, 1.5707963267948966, 1.5707963267948966, 1.5707963267948966, 1.5707963267948966, 1.5707963267948966},
    aziExtWalls = {2.6129362113306835, 2.6127778017602226, -0.5400427100615794, 0.0, 0.0, 1.0502241319105983, 1.0502241319650525, 2.6248186051029387, -2.0806834463819865, -2.0831369133479685},
    wfWall = {0.048504581313121596, 0.04987721845008052, 0.1168998556497939, 0.2234501478151129, 0.0, 0.06760397629736976, 0.022094911474113958, 0.019388122253810414, 0.06649612967790564, 0.021660927435843257},
    wfWin = {0.11757953179999067, 0.12090692949162372, 0.28337591878297297, 0.0, 0.0, 0.1638782083190987, 0.05356008187180802, 0.0469985777707829, 0.16119268700757763, 0.052508064956145364},
    wfGro = 0.36402412963284797,
    nrPeople = 4.64608125,
    ratioConvectiveHeatPeople = 0.5,
    nrPeopleMachines = 0.3871734375,
    ratioConvectiveHeatMachines = 0.75,
    lightingPower = 15.9,
    ratioConvectiveHeatLighting = 0.9,
    useConstantACHrate = false,
    baseACH = 0.2,
    maxUserACH = 1.0,
    maxOverheatingACH = {3.0, 2.0},
    maxSummerACH = {1.0, 283.15, 290.15},
    winterReduction = {0.2, 273.15, 283.15},
    withAHU = false,
    minAHU = 0.0,
    maxAHU = 12.0,
    hHeat = 728.4443515684477,
    lHeat = 0,
    KRHeat = 10000,
    TNHeat = 1,
    HeaterOn = true,
    hCool = 0,
    lCool = 0.0,
    KRCool = 10000,
    TNCool = 1,
    CoolerOn = false);
end Inffeldgasse25A_4_Meeting;
