 
within Inffeldgasse.Inffeldgasse25A_4.Inffeldgasse25A_4_DataBase;
record Inffeldgasse25A_4_Storage "Inffeldgasse25A_4_Storage"
  extends AixLib.DataBase.ThermalZones.ZoneBaseRecord(
    T_start = 293.15,
    withAirCap = true,
    VAir = 55.17221484375,
    AZone = 22.0688859375,
    alphaRad = 5.0,
    lat = 0.88645272708792,
    nOrientations = 10,
    AWin = {0.11010723084019054, 0.11322316896412334, 0.2653670858042179, 0.0, 0.0, 0.15346357853985998, 0.05015628322547153, 0.04401176950228893, 0.15094872488763675, 0.04917112307380761},
    ATransparent = {0.11010723084019054, 0.11322316896412334, 0.2653670858042179, 0.0, 0.0, 0.15346357853985998, 0.05015628322547153, 0.04401176950228893, 0.15094872488763675, 0.04917112307380761},
    alphaWin = 2.6999999999999997,
    RWin = 0.17434511890433158,
    gWin = 0.78,
    UWin= 3.001782134105591,
    ratioWinConRad = 0.029999999999999995,
    AExt = {1.3778283210542763, 1.4168196548753813, 3.3206746142527814, 7.3562953124999995, 7.3562953124999995, 1.9203685638906804, 0.6276313279295491, 0.5507418724205345, 1.8888989087290766, 0.6153035130587277},
    alphaExt = 2.143355529422746,
    nExt = 1,
    RExt = {0.0011537249726749769},
    RExtRem = 0.029465642963943935 ,
    CExt = {8289854.070351458},
    AInt = 285.056443359375,
    alphaInt = 2.1838709677419357,
    nInt = 1,
    RInt = {0.00022229098137733},
    CInt = {79123794.41479073},
    AFloor = 0.0,
    alphaFloor = 0.0,
    nFloor = 1,
    RFloor = {0.00001},
    RFloorRem =  0.00001,
    CFloor = {0.00001},
    ARoof = 0.0,
    alphaRoof = 0.0,
    nRoof = 1,
    RRoof = {0.00001},
    RRoofRem = 0.00001,
    CRoof = {0.00001},
    nOrientationsRoof = 1,
    tiltRoof = {0.0},
    aziRoof = {0.0},
    wfRoof = {0.0},
    aRoof = 0.0,
    aExt = 0.5,
    TSoil = 286.15,
    alphaWallOut = 20.0,
    alphaRadWall = 5.000000000000001,
    alphaWinOut = 20.0,
    alphaRoofOut = 0.0,
    alphaRadRoof = 0.0,
    tiltExtWalls = {1.5707963267948966, 1.5707963267948966, 1.5707963267948966, 0.0, 0.0, 1.5707963267948966, 1.5707963267948966, 1.5707963267948966, 1.5707963267948966, 1.5707963267948966},
    aziExtWalls = {2.6129362113306835, 2.6127778017602226, -0.5400427100615794, 0.0, 0.0, 1.0502241319105983, 1.0502241319650525, 2.6248186051029387, -2.0806834463819865, -2.0831369133479685},
    wfWall = {0.0485045813131216, 0.049877218450080515, 0.11689985564979387, 0.22345014781511294, 0.0, 0.06760397629736975, 0.022094911474113955, 0.019388122253810418, 0.06649612967790561, 0.021660927435843257},
    wfWin = {0.11757953179999067, 0.12090692949162374, 0.28337591878297297, 0.0, 0.0, 0.16387820831909866, 0.053560081871808, 0.0469985777707829, 0.16119268700757758, 0.052508064956145364},
    wfGro = 0.364024129632848,
    nrPeople = 0.0,
    ratioConvectiveHeatPeople = 0.5,
    nrPeopleMachines = 0.0,
    ratioConvectiveHeatMachines = 0.75,
    lightingPower = 11.3,
    ratioConvectiveHeatLighting = 0.9,
    useConstantACHrate = false,
    baseACH = 0.2,
    maxUserACH = 1.0,
    maxOverheatingACH = {3.0, 2.0},
    maxSummerACH = {1.0, 283.15, 290.15},
    winterReduction = {0.2, 273.15, 283.15},
    withAHU = false,
    minAHU = 0.0,
    maxAHU = 0.5,
    hHeat = 830.4265607880304,
    lHeat = 0,
    KRHeat = 10000,
    TNHeat = 1,
    HeaterOn = true,
    hCool = 0,
    lCool = 0.0,
    KRCool = 10000,
    TNCool = 1,
    CoolerOn = false);
end Inffeldgasse25A_4_Storage;
