 
within Inffeldgasse.Inffeldgasse25A_4.Inffeldgasse25A_4_DataBase;
record Inffeldgasse25A_4_ICT "Inffeldgasse25A_4_ICT"
  extends AixLib.DataBase.ThermalZones.ZoneBaseRecord(
    T_start = 293.15,
    withAirCap = true,
    VAir = 88.8079072265625,
    AZone = 35.523162890625,
    alphaRad = 5.0,
    lat = 0.88645272708792,
    nOrientations = 10,
    AWin = {0.1772340075366225, 0.18224957460453187, 0.427147896886614, 0.0, 0.0, 0.24702251457951147, 0.0807340172971406, 0.07084350617254404, 0.24297448260422233, 0.07914825512319032},
    ATransparent = {0.1772340075366225, 0.18224957460453187, 0.427147896886614, 0.0, 0.0, 0.24702251457951147, 0.0807340172971406, 0.07084350617254404, 0.24297448260422233, 0.07914825512319032},
    alphaWin = 2.6999999999999997,
    RWin = 0.10831249893784087,
    gWin = 0.7799999999999999,
    UWin= 3.001782134105591,
    ratioWinConRad = 0.029999999999999995,
    AExt = {2.217820148363682, 2.280582514645899, 5.345120979959522, 11.841054296875, 11.841054296875, 3.091119574332806, 1.0102662164480025, 0.8865011718348078, 3.040464471506891, 0.9904227600550574},
    alphaExt = 2.1433555294227458,
    nExt = 1,
    RExt = {0.0007167555688552973},
    RExtRem = 0.01830563105116953 ,
    CExt = {13343756.33253943},
    AInt = 183.53634160156253,
    alphaInt = 2.1838709677419357,
    nInt = 1,
    RInt = {0.00034524757325634395},
    CInt = {50944618.50917229},
    AFloor = 0.0,
    alphaFloor = 0.0,
    nFloor = 1,
    RFloor = {0.00001},
    RFloorRem =  0.00001,
    CFloor = {0.00001},
    ARoof = 0.0,
    alphaRoof = 0.0,
    nRoof = 1,
    RRoof = {0.00001},
    RRoofRem = 0.00001,
    CRoof = {0.00001},
    nOrientationsRoof = 1,
    tiltRoof = {0.0},
    aziRoof = {0.0},
    wfRoof = {0.0},
    aRoof = 0.0,
    aExt = 0.5,
    TSoil = 286.15,
    alphaWallOut = 20.0,
    alphaRadWall = 5.0,
    alphaWinOut = 19.999999999999996,
    alphaRoofOut = 0.0,
    alphaRadRoof = 0.0,
    tiltExtWalls = {1.5707963267948966, 1.5707963267948966, 1.5707963267948966, 0.0, 0.0, 1.5707963267948966, 1.5707963267948966, 1.5707963267948966, 1.5707963267948966, 1.5707963267948966},
    aziExtWalls = {2.6129362113306835, 2.6127778017602226, -0.5400427100615794, 0.0, 0.0, 1.0502241319105983, 1.0502241319650525, 2.6248186051029387, -2.0806834463819865, -2.0831369133479685},
    wfWall = {0.04850458131312161, 0.04987721845008052, 0.11689985564979391, 0.22345014781511302, 0.0, 0.06760397629736976, 0.02209491147411397, 0.01938812225381042, 0.06649612967790564, 0.021660927435843268},
    wfWin = {0.11757953179999067, 0.12090692949162374, 0.283375918782973, 0.0, 0.0, 0.1638782083190987, 0.05356008187180802, 0.0469985777707829, 0.16119268700757758, 0.05250806495614535},
    wfGro = 0.364024129632848,
    nrPeople = 1.0656948867187501,
    ratioConvectiveHeatPeople = 0.5,
    nrPeopleMachines = 53.2847443359375,
    ratioConvectiveHeatMachines = 0.75,
    lightingPower = 7.1,
    ratioConvectiveHeatLighting = 0.9,
    useConstantACHrate = false,
    baseACH = 0.2,
    maxUserACH = 1.0,
    maxOverheatingACH = {3.0, 2.0},
    maxSummerACH = {1.0, 283.15, 290.15},
    winterReduction = {0.2, 273.15, 283.15},
    withAHU = false,
    minAHU = 0.0,
    maxAHU = 130.0,
    hHeat = 1336.6953851281014,
    lHeat = 0,
    KRHeat = 10000,
    TNHeat = 1,
    HeaterOn = true,
    hCool = 0,
    lCool = 0.0,
    KRCool = 10000,
    TNCool = 1,
    CoolerOn = false);
end Inffeldgasse25A_4_ICT;
