 
within Inffeldgasse.Inffeldgasse25A_4.Inffeldgasse25A_4_DataBase;
record Inffeldgasse25A_4_Laboratory "Inffeldgasse25A_4_Laboratory"
  extends AixLib.DataBase.ThermalZones.ZoneBaseRecord(
    T_start = 293.15,
    withAirCap = true,
    VAir = 623.5912177734374,
    AZone = 249.43648710937498,
    alphaRad = 5.0,
    lat = 0.88645272708792,
    nOrientations = 10,
    AWin = {1.2445014643647851, 1.279719765002394, 2.999346404023989, 0.0, 0.0, 1.734542289022891, 0.5668979906668427, 0.4974488158219236, 1.7061178247168416, 0.5557630884263255},
    ATransparent = {1.2445014643647851, 1.279719765002394, 2.999346404023989, 0.0, 0.0, 1.734542289022891, 0.5668979906668427, 0.4974488158219236, 1.7061178247168416, 0.5557630884263255},
    alphaWin = 2.7000000000000006,
    RWin = 0.01542517932098859,
    gWin = 0.7800000000000001,
    UWin= 3.001782134105591,
    ratioWinConRad = 0.030000000000000002,
    AExt = {15.573085891916095, 16.013790572867798, 37.53236175846236, 83.145495703125, 83.145495703125, 21.70521837344861, 7.093885666993193, 6.224832479068936, 21.349528455240485, 6.954548917334829},
    alphaExt = 2.143355529422746,
    nExt = 1,
    RExt = {0.00010207578337985824},
    RExtRem = 0.002606971903678393 ,
    CExt = {93697166.40041976},
    AInt = 644.3775916992187,
    alphaInt = 2.1838709677419357,
    nInt = 1,
    RInt = {9.833594053944755e-05},
    CInt = {178861419.47975063},
    AFloor = 0.0,
    alphaFloor = 0.0,
    nFloor = 1,
    RFloor = {0.00001},
    RFloorRem =  0.00001,
    CFloor = {0.00001},
    ARoof = 0.0,
    alphaRoof = 0.0,
    nRoof = 1,
    RRoof = {0.00001},
    RRoofRem = 0.00001,
    CRoof = {0.00001},
    nOrientationsRoof = 1,
    tiltRoof = {0.0},
    aziRoof = {0.0},
    wfRoof = {0.0},
    aRoof = 0.0,
    aExt = 0.5,
    TSoil = 286.15,
    alphaWallOut = 20.000000000000004,
    alphaRadWall = 5.000000000000001,
    alphaWinOut = 20.0,
    alphaRoofOut = 0.0,
    alphaRadRoof = 0.0,
    tiltExtWalls = {1.5707963267948966, 1.5707963267948966, 1.5707963267948966, 0.0, 0.0, 1.5707963267948966, 1.5707963267948966, 1.5707963267948966, 1.5707963267948966, 1.5707963267948966},
    aziExtWalls = {2.6129362113306835, 2.6127778017602226, -0.5400427100615794, 0.0, 0.0, 1.0502241319105983, 1.0502241319650525, 2.6248186051029387, -2.0806834463819865, -2.0831369133479685},
    wfWall = {0.0485045813131216, 0.04987721845008052, 0.11689985564979391, 0.22345014781511296, 0.0, 0.06760397629736976, 0.02209491147411397, 0.01938812225381042, 0.06649612967790564, 0.021660927435843268},
    wfWin = {0.1175795317999907, 0.12090692949162375, 0.283375918782973, 0.0, 0.0, 0.16387820831909872, 0.05356008187180801, 0.046998577770782916, 0.1611926870075776, 0.05250806495614537},
    wfGro = 0.364024129632848,
    nrPeople = 14.9661892265625,
    ratioConvectiveHeatPeople = 0.5,
    nrPeopleMachines = 44.8985676796875,
    ratioConvectiveHeatMachines = 0.75,
    lightingPower = 14.0,
    ratioConvectiveHeatLighting = 0.9,
    useConstantACHrate = false,
    baseACH = 0.2,
    maxUserACH = 1.0,
    maxOverheatingACH = {3.0, 2.0},
    maxSummerACH = {1.0, 283.15, 290.15},
    winterReduction = {0.2, 273.15, 283.15},
    withAHU = false,
    minAHU = 24.0,
    maxAHU = 48.0,
    hHeat = 9386.005469959446,
    lHeat = 0,
    KRHeat = 10000,
    TNHeat = 1,
    HeaterOn = true,
    hCool = 0,
    lCool = 0.0,
    KRCool = 10000,
    TNCool = 1,
    CoolerOn = false);
end Inffeldgasse25A_4_Laboratory;
