 
within Inffeldgasse.Inffeldgasse25A_4.Inffeldgasse25A_4_DataBase;
record Inffeldgasse25A_4_Meeting "Inffeldgasse25A_4_Meeting"
  extends AixLib.DataBase.ThermalZones.ZoneBaseRecord(
    T_start = 293.15,
    withAirCap = true,
    VAir = 135.7526865234375,
    AZone = 54.301074609375,
    alphaRad = 4.999999999999999,
    lat = 0.88645272708792,
    nOrientations = 10,
    AWin = {0.27092173904099515, 0.2785885867933035, 0.6529426979656414, 0.0, 0.0, 0.37760117351255024, 0.12341085477846285, 0.1082921170648425, 0.3714133099208957, 0.12098684230002663},
    ATransparent = {0.27092173904099515, 0.2785885867933035, 0.6529426979656414, 0.0, 0.0, 0.37760117351255024, 0.12341085477846285, 0.1082921170648425, 0.3714133099208957, 0.12098684230002663},
    alphaWin = 2.7000000000000006,
    RWin = 0.07085683976860534,
    gWin = 0.7800000000000001,
    UWin= 3.001782134105592,
    ratioWinConRad = 0.030000000000000006,
    AExt = {3.3901828425940748, 3.486122045548636, 8.170607274543029, 18.100358203124998, 18.100358203124998, 4.725117387467859, 1.5443033989845485, 1.3551148702978941, 4.6476854727939125, 1.5139704860787115},
    alphaExt = 2.143355529422746,
    nExt = 1,
    RExt = {0.0004688935717823432},
    RExtRem = 0.011975341525453152 ,
    CExt = {20397404.094154242},
    AInt = 561.111104296875,
    alphaInt = 2.1838709677419357,
    nInt = 1,
    RInt = {0.0001129285734269859},
    CInt = {155748942.690167},
    AFloor = 0.0,
    alphaFloor = 0.0,
    nFloor = 1,
    RFloor = {0.00001},
    RFloorRem =  0.00001,
    CFloor = {0.00001},
    ARoof = 0.0,
    alphaRoof = 0.0,
    nRoof = 1,
    RRoof = {0.00001},
    RRoofRem = 0.00001,
    CRoof = {0.00001},
    nOrientationsRoof = 1,
    tiltRoof = {0.0},
    aziRoof = {0.0},
    wfRoof = {0.0},
    aRoof = 0.0,
    aExt = 0.5,
    TSoil = 286.15,
    alphaWallOut = 20.0,
    alphaRadWall = 4.999999999999998,
    alphaWinOut = 20.0,
    alphaRoofOut = 0.0,
    alphaRadRoof = 0.0,
    tiltExtWalls = {1.5707963267948966, 1.5707963267948966, 1.5707963267948966, 0.0, 0.0, 1.5707963267948966, 1.5707963267948966, 1.5707963267948966, 1.5707963267948966, 1.5707963267948966},
    aziExtWalls = {2.6129362113306835, 2.6127778017602226, -0.5400427100615794, 0.0, 0.0, 1.0502241319105983, 1.0502241319650525, 2.6248186051029387, -2.0806834463819865, -2.0831369133479685},
    wfWall = {0.04850458131312161, 0.04987721845008053, 0.11689985564979391, 0.22345014781511296, 0.0, 0.06760397629736978, 0.022094911474113958, 0.01938812225381042, 0.06649612967790565, 0.021660927435843268},
    wfWin = {0.11757953179999066, 0.12090692949162377, 0.28337591878297297, 0.0, 0.0, 0.16387820831909866, 0.05356008187180802, 0.0469985777707829, 0.1611926870075776, 0.052508064956145364},
    wfGro = 0.364024129632848,
    nrPeople = 13.032257906249999,
    ratioConvectiveHeatPeople = 0.5,
    nrPeopleMachines = 1.0860214921875,
    ratioConvectiveHeatMachines = 0.75,
    lightingPower = 15.9,
    ratioConvectiveHeatLighting = 0.9,
    useConstantACHrate = false,
    baseACH = 0.2,
    maxUserACH = 1.0,
    maxOverheatingACH = {3.0, 2.0},
    maxSummerACH = {1.0, 283.15, 290.15},
    winterReduction = {0.2, 273.15, 283.15},
    withAHU = false,
    minAHU = 0.0,
    maxAHU = 12.0,
    hHeat = 2043.2864061494954,
    lHeat = 0,
    KRHeat = 10000,
    TNHeat = 1,
    HeaterOn = true,
    hCool = 0,
    lCool = 0.0,
    KRCool = 10000,
    TNCool = 1,
    CoolerOn = false);
end Inffeldgasse25A_4_Meeting;
