 
within Inffeldgasse.Inffeldgasse25C_6.Inffeldgasse25C_6_DataBase;
record Inffeldgasse25C_6_ICT "Inffeldgasse25C_6_ICT"
  extends AixLib.DataBase.ThermalZones.ZoneBaseRecord(
    T_start = 293.15,
    withAirCap = true,
    VAir = 23.473130571857094,
    AZone = 3.392438330078125,
    alphaRad = 4.999999999999999,
    lat = 0.88645272708792,
    nOrientations = 8,
    AWin = {0.04516562988294929, 0.7112164151592235, 0.04022545160303231, 0.0, 0.0, 0.041721898891015866, 0.17448507336227265, 0.5768644926670187},
    ATransparent = {0.04516562988294929, 0.7112164151592235, 0.04022545160303231, 0.0, 0.0, 0.041721898891015866, 0.17448507336227265, 0.5768644926670187},
    alphaWin = 2.7000000000000006,
    RWin = 0.10270331939328538,
    gWin = 0.7799999999999999,
    UWin= 3.0017821341055915,
    ratioWinConRad = 0.029999999999999995,
    AExt = {0.5651807198866358, 8.899816222127582, 0.5033617322217286, 3.392438330078125, 3.392438330078125, 0.5220875455821716, 2.183421323425196, 7.218601624454857},
    alphaExt = 2.4456689768188262,
    nExt = 1,
    RExt = {0.001067774228891864},
    RExtRem = 0.03071546417022427 ,
    CExt = {9891986.103597831},
    AInt = 23.473130571857094,
    alphaInt = 2.7,
    nInt = 1,
    RInt = {0.0008792721316476888},
    CInt = {2613582.8379185456},
    AFloor = 0.0,
    alphaFloor = 0.0,
    nFloor = 1,
    RFloor = {0.00001},
    RFloorRem =  0.00001,
    CFloor = {0.00001},
    ARoof = 0.0,
    alphaRoof = 0.0,
    nRoof = 1,
    RRoof = {0.00001},
    RRoofRem = 0.00001,
    CRoof = {0.00001},
    nOrientationsRoof = 1,
    tiltRoof = {0.0},
    aziRoof = {0.0},
    wfRoof = {0.0},
    aRoof = 0.0,
    aExt = 0.5,
    TSoil = 286.15,
    alphaWallOut = 19.999999999999996,
    alphaRadWall = 4.999999999999999,
    alphaWinOut = 20.0,
    alphaRoofOut = 0.0,
    alphaRadRoof = 0.0,
    tiltExtWalls = {1.5707963267948966, 1.5707963267948966, 1.5707963267948966, 0.0, 0.0, 1.5707963267948966, 1.5707963267948966, 1.5707963267948966},
    aziExtWalls = {2.6167968818073164, -2.104408565157213, -2.104408565223709, 0.0, 0.0, -0.5216663218931032, 1.032599052671089, 1.0325990526649624},
    wfWall = {0.02048626648431223, 0.3225941727532411, 0.018245496035971878, 0.10610144024294038, 0.0, 0.018924255924869855, 0.07914309442153342, 0.26165470851930983},
    wfWin = {0.028411793182738156, 0.4473962556935516, 0.025304135347817884, 0.0, 0.0, 0.026245487233427452, 0.10976120184067867, 0.36288112670178624},
    wfGro = 0.1728505656178211,
    nrPeople = 0.10177314990234375,
    ratioConvectiveHeatPeople = 0.5,
    nrPeopleMachines = 5.088657495117188,
    ratioConvectiveHeatMachines = 0.75,
    lightingPower = 7.1,
    ratioConvectiveHeatLighting = 0.9,
    useConstantACHrate = false,
    baseACH = 0.2,
    maxUserACH = 1.0,
    maxOverheatingACH = {3.0, 2.0},
    maxSummerACH = {1.0, 283.15, 290.15},
    winterReduction = {0.2, 273.15, 283.15},
    withAHU = false,
    minAHU = 0.0,
    maxAHU = 130.0,
    hHeat = 930.0008751139208,
    lHeat = 0,
    KRHeat = 10000,
    TNHeat = 1,
    HeaterOn = true,
    hCool = 0,
    lCool = 0.0,
    KRCool = 10000,
    TNCool = 1,
    CoolerOn = false);
end Inffeldgasse25C_6_ICT;
