 
within Inffeldgasse.Inffeldgasse25C_6.Inffeldgasse25C_6_DataBase;
record Inffeldgasse25C_6_Meeting "Inffeldgasse25C_6_Meeting"
  extends AixLib.DataBase.ThermalZones.ZoneBaseRecord(
    T_start = 293.15,
    withAirCap = true,
    VAir = 35.88127043817937,
    AZone = 5.1857163574218745,
    alphaRad = 5.0,
    lat = 0.88645272708792,
    nOrientations = 8,
    AWin = {0.06904064949409959, 1.0871727763060608, 0.061489041823708776, 0.0, 0.0, 0.06377652664267003, 0.2667196897990053, 0.8818010364746525},
    ATransparent = {0.06904064949409959, 1.0871727763060608, 0.061489041823708776, 0.0, 0.0, 0.06377652664267003, 0.2667196897990053, 0.8818010364746525},
    alphaWin = 2.7000000000000006,
    RWin = 0.0671873765014897,
    gWin = 0.78,
    UWin= 3.0017821341055915,
    ratioWinConRad = 0.03,
    AExt = {0.8639411004261652, 13.604351227829898, 0.7694439557939774, 5.1857163574218745, 5.1857163574218745, 0.7980684279880063, 3.337600442619986, 11.034429186155789},
    alphaExt = 2.4456689768188262,
    nExt = 1,
    RExt = {0.0006985260998276554},
    RExtRem = 0.020093717202267925 ,
    CExt = {15120992.38179395},
    AInt = 71.76254087635874,
    alphaInt = 2.7000000000000006,
    nInt = 1,
    RInt = {0.0002876050555389499},
    CInt = {7990299.575325909},
    AFloor = 0.0,
    alphaFloor = 0.0,
    nFloor = 1,
    RFloor = {0.00001},
    RFloorRem =  0.00001,
    CFloor = {0.00001},
    ARoof = 0.0,
    alphaRoof = 0.0,
    nRoof = 1,
    RRoof = {0.00001},
    RRoofRem = 0.00001,
    CRoof = {0.00001},
    nOrientationsRoof = 1,
    tiltRoof = {0.0},
    aziRoof = {0.0},
    wfRoof = {0.0},
    aRoof = 0.0,
    aExt = 0.5,
    TSoil = 286.15,
    alphaWallOut = 20.0,
    alphaRadWall = 5.0,
    alphaWinOut = 19.999999999999996,
    alphaRoofOut = 0.0,
    alphaRadRoof = 0.0,
    tiltExtWalls = {1.5707963267948966, 1.5707963267948966, 1.5707963267948966, 0.0, 0.0, 1.5707963267948966, 1.5707963267948966, 1.5707963267948966},
    aziExtWalls = {2.6167968818073164, -2.104408565157213, -2.104408565223709, 0.0, 0.0, -0.5216663218931032, 1.032599052671089, 1.0325990526649624},
    wfWall = {0.020486266484312232, 0.3225941727532412, 0.01824549603597188, 0.1061014402429404, 0.0, 0.018924255924869862, 0.07914309442153342, 0.26165470851930983},
    wfWin = {0.028411793182738156, 0.44739625569355157, 0.025304135347817884, 0.0, 0.0, 0.02624548723342746, 0.10976120184067867, 0.3628811267017863},
    wfGro = 0.17285056561782108,
    nrPeople = 1.24457192578125,
    ratioConvectiveHeatPeople = 0.5,
    nrPeopleMachines = 0.1037143271484375,
    ratioConvectiveHeatMachines = 0.75,
    lightingPower = 15.9,
    ratioConvectiveHeatLighting = 0.9,
    useConstantACHrate = false,
    baseACH = 0.2,
    maxUserACH = 1.0,
    maxOverheatingACH = {3.0, 2.0},
    maxSummerACH = {1.0, 283.15, 290.15},
    winterReduction = {0.2, 273.15, 283.15},
    withAHU = false,
    minAHU = 0.0,
    maxAHU = 12.0,
    hHeat = 1421.608967135993,
    lHeat = 0,
    KRHeat = 10000,
    TNHeat = 1,
    HeaterOn = true,
    hCool = 0,
    lCool = 0.0,
    KRCool = 10000,
    TNCool = 1,
    CoolerOn = false);
end Inffeldgasse25C_6_Meeting;
