 
within Inffeldgasse.Inffeldgasse25C_6.Inffeldgasse25C_6_DataBase;
record Inffeldgasse25C_6_Storage "Inffeldgasse25C_6_Storage"
  extends AixLib.DataBase.ThermalZones.ZoneBaseRecord(
    T_start = 293.15,
    withAirCap = true,
    VAir = 14.582762317121029,
    AZone = 2.1075638671875,
    alphaRad = 5.0,
    lat = 0.88645272708792,
    nOrientations = 8,
    AWin = {0.028059301398671493, 0.4418456203169018, 0.024990198816052765, 0.0, 0.0, 0.02591987179060386, 0.10839944612152087, 0.35837903086670364},
    ATransparent = {0.028059301398671493, 0.4418456203169018, 0.024990198816052765, 0.0, 0.0, 0.02591987179060386, 0.10839944612152087, 0.35837903086670364},
    alphaWin = 2.6999999999999997,
    RWin = 0.16531630797077074,
    gWin = 0.7799999999999999,
    UWin= 3.0017821341055906,
    ratioWinConRad = 0.03,
    AExt = {0.35112044723202435, 5.5290411407223115, 0.3127151905900657, 2.1075638671875, 2.1075638671875, 0.32434866592025924, 1.3564579338990317, 4.484580845710374},
    alphaExt = 2.4456689768188262,
    nExt = 1,
    RExt = {0.00171874185089173},
    RExtRem = 0.04944111995821188 ,
    CExt = {6145430.05891091},
    AInt = 36.456905792802566,
    alphaInt = 2.7,
    nInt = 1,
    RInt = {0.0005661278461661436},
    CInt = {4059243.099764498},
    AFloor = 0.0,
    alphaFloor = 0.0,
    nFloor = 1,
    RFloor = {0.00001},
    RFloorRem =  0.00001,
    CFloor = {0.00001},
    ARoof = 0.0,
    alphaRoof = 0.0,
    nRoof = 1,
    RRoof = {0.00001},
    RRoofRem = 0.00001,
    CRoof = {0.00001},
    nOrientationsRoof = 1,
    tiltRoof = {0.0},
    aziRoof = {0.0},
    wfRoof = {0.0},
    aRoof = 0.0,
    aExt = 0.5,
    TSoil = 286.15,
    alphaWallOut = 20.0,
    alphaRadWall = 5.0,
    alphaWinOut = 20.0,
    alphaRoofOut = 0.0,
    alphaRadRoof = 0.0,
    tiltExtWalls = {1.5707963267948966, 1.5707963267948966, 1.5707963267948966, 0.0, 0.0, 1.5707963267948966, 1.5707963267948966, 1.5707963267948966},
    aziExtWalls = {2.6167968818073164, -2.104408565157213, -2.104408565223709, 0.0, 0.0, -0.5216663218931032, 1.032599052671089, 1.0325990526649624},
    wfWall = {0.020486266484312232, 0.3225941727532412, 0.01824549603597188, 0.10610144024294038, 0.0, 0.018924255924869862, 0.07914309442153343, 0.26165470851930983},
    wfWin = {0.028411793182738163, 0.4473962556935516, 0.025304135347817884, 0.0, 0.0, 0.02624548723342746, 0.10976120184067867, 0.36288112670178624},
    wfGro = 0.17285056561782114,
    nrPeople = 0.0,
    ratioConvectiveHeatPeople = 0.5,
    nrPeopleMachines = 0.0,
    ratioConvectiveHeatMachines = 0.75,
    lightingPower = 11.3,
    ratioConvectiveHeatLighting = 0.9,
    useConstantACHrate = false,
    baseACH = 0.2,
    maxUserACH = 1.0,
    maxOverheatingACH = {3.0, 2.0},
    maxSummerACH = {1.0, 283.15, 290.15},
    winterReduction = {0.2, 273.15, 283.15},
    withAHU = false,
    minAHU = 0.0,
    maxAHU = 0.5,
    hHeat = 577.7662112424356,
    lHeat = 0,
    KRHeat = 10000,
    TNHeat = 1,
    HeaterOn = true,
    hCool = 0,
    lCool = 0.0,
    KRCool = 10000,
    TNCool = 1,
    CoolerOn = false);
end Inffeldgasse25C_6_Storage;
