 
within Inffeldgasse.Inffeldgasse25C_6.Inffeldgasse25C_6_DataBase;
record Inffeldgasse25C_6_Laboratory "Inffeldgasse25C_6_Laboratory"
  extends AixLib.DataBase.ThermalZones.ZoneBaseRecord(
    T_start = 293.15,
    withAirCap = true,
    VAir = 164.82358987377583,
    AZone = 23.821017919921875,
    alphaRad = 5.0,
    lat = 0.88645272708792,
    nOrientations = 8,
    AWin = {0.3171439460718265, 4.994018261213403, 0.28245501030249115, 0.0, 0.0, 0.2929627614227463, 1.2251990028735056, 4.050626151506559},
    ATransparent = {0.3171439460718265, 4.994018261213403, 0.28245501030249115, 0.0, 0.0, 0.2929627614227463, 1.2251990028735056, 4.050626151506559},
    alphaWin = 2.7,
    RWin = 0.014626355536412776,
    gWin = 0.78,
    UWin= 3.0017821341055915,
    ratioWinConRad = 0.029999999999999992,
    AExt = {3.968585054898802, 62.49271499842719, 3.534504588379822, 23.821017919921875, 23.821017919921875, 3.665993474019772, 15.3315442792009, 50.68756508506857},
    alphaExt = 2.4456689768188262,
    nExt = 1,
    RExt = {0.0001520656352360551},
    RExtRem = 0.0043743016493877785 ,
    CExt = {69459531.85005893},
    AInt = 82.41179493688792,
    alphaInt = 2.7,
    nInt = 1,
    RInt = {0.0002504407235659308},
    CInt = {12237857.69677369},
    AFloor = 0.0,
    alphaFloor = 0.0,
    nFloor = 1,
    RFloor = {0.00001},
    RFloorRem =  0.00001,
    CFloor = {0.00001},
    ARoof = 0.0,
    alphaRoof = 0.0,
    nRoof = 1,
    RRoof = {0.00001},
    RRoofRem = 0.00001,
    CRoof = {0.00001},
    nOrientationsRoof = 1,
    tiltRoof = {0.0},
    aziRoof = {0.0},
    wfRoof = {0.0},
    aRoof = 0.0,
    aExt = 0.5,
    TSoil = 286.15,
    alphaWallOut = 20.000000000000004,
    alphaRadWall = 5.0,
    alphaWinOut = 19.999999999999996,
    alphaRoofOut = 0.0,
    alphaRadRoof = 0.0,
    tiltExtWalls = {1.5707963267948966, 1.5707963267948966, 1.5707963267948966, 0.0, 0.0, 1.5707963267948966, 1.5707963267948966, 1.5707963267948966},
    aziExtWalls = {2.6167968818073164, -2.104408565157213, -2.104408565223709, 0.0, 0.0, -0.5216663218931032, 1.032599052671089, 1.0325990526649624},
    wfWall = {0.02048626648431223, 0.3225941727532412, 0.01824549603597188, 0.10610144024294038, 0.0, 0.01892425592486986, 0.07914309442153343, 0.26165470851930983},
    wfWin = {0.02841179318273815, 0.4473962556935516, 0.02530413534781788, 0.0, 0.0, 0.026245487233427456, 0.10976120184067863, 0.36288112670178624},
    wfGro = 0.17285056561782108,
    nrPeople = 1.4292610751953125,
    ratioConvectiveHeatPeople = 0.5,
    nrPeopleMachines = 4.287783225585938,
    ratioConvectiveHeatMachines = 0.75,
    lightingPower = 14.0,
    ratioConvectiveHeatLighting = 0.9,
    useConstantACHrate = false,
    baseACH = 0.2,
    maxUserACH = 1.0,
    maxOverheatingACH = {3.0, 2.0},
    maxSummerACH = {1.0, 283.15, 290.15},
    winterReduction = {0.2, 273.15, 283.15},
    withAHU = false,
    minAHU = 24.0,
    maxAHU = 48.0,
    hHeat = 6530.278624437531,
    lHeat = 0,
    KRHeat = 10000,
    TNHeat = 1,
    HeaterOn = true,
    hCool = 0,
    lCool = 0.0,
    KRCool = 10000,
    TNCool = 1,
    CoolerOn = false);
end Inffeldgasse25C_6_Laboratory;
