 
within Inffeldgasse.Inffeldgasse25C_6.Inffeldgasse25C_6_DataBase;
record Inffeldgasse25C_6_Restroom "Inffeldgasse25C_6_Restroom"
  extends AixLib.DataBase.ThermalZones.ZoneBaseRecord(
    T_start = 293.15,
    withAirCap = true,
    VAir = 18.80408825102448,
    AZone = 2.7176481445312497,
    alphaRad = 4.999999999999999,
    lat = 0.88645272708792,
    nOrientations = 8,
    AWin = {0.0361817307509185, 0.5697482998823207, 0.03222420373648909, 0.0, 0.0, 0.033422992572094454, 0.13977823315669796, 0.4621203292754863},
    ATransparent = {0.0361817307509185, 0.5697482998823207, 0.03222420373648909, 0.0, 0.0, 0.033422992572094454, 0.13977823315669796, 0.4621203292754863},
    alphaWin = 2.7000000000000006,
    RWin = 0.12820448373243445,
    gWin = 0.7800000000000001,
    UWin= 3.0017821341055915,
    ratioWinConRad = 0.030000000000000006,
    AExt = {0.4527605766939261, 7.12955304987877, 0.40323800891876893, 2.7176481445312497, 2.7176481445312497, 0.41823906921296583, 1.749116809501383, 5.782748985258113},
    alphaExt = 2.4456689768188253,
    nExt = 1,
    RExt = {0.0013329018435486897},
    RExtRem = 0.03834209302881738 ,
    CExt = {7924370.339121957},
    AInt = 47.0102206275612,
    alphaInt = 2.6999999999999997,
    nInt = 1,
    RInt = {0.00043903792151660107},
    CInt = {5234287.154959485},
    AFloor = 0.0,
    alphaFloor = 0.0,
    nFloor = 1,
    RFloor = {0.00001},
    RFloorRem =  0.00001,
    CFloor = {0.00001},
    ARoof = 0.0,
    alphaRoof = 0.0,
    nRoof = 1,
    RRoof = {0.00001},
    RRoofRem = 0.00001,
    CRoof = {0.00001},
    nOrientationsRoof = 1,
    tiltRoof = {0.0},
    aziRoof = {0.0},
    wfRoof = {0.0},
    aRoof = 0.0,
    aExt = 0.5,
    TSoil = 286.15,
    alphaWallOut = 20.0,
    alphaRadWall = 5.0,
    alphaWinOut = 20.0,
    alphaRoofOut = 0.0,
    alphaRadRoof = 0.0,
    tiltExtWalls = {1.5707963267948966, 1.5707963267948966, 1.5707963267948966, 0.0, 0.0, 1.5707963267948966, 1.5707963267948966, 1.5707963267948966},
    aziExtWalls = {2.6167968818073164, -2.104408565157213, -2.104408565223709, 0.0, 0.0, -0.5216663218931032, 1.032599052671089, 1.0325990526649624},
    wfWall = {0.020486266484312236, 0.32259417275324126, 0.018245496035971892, 0.1061014402429404, 0.0, 0.018924255924869866, 0.07914309442153343, 0.2616547085193099},
    wfWin = {0.028411793182738156, 0.44739625569355157, 0.025304135347817888, 0.0, 0.0, 0.02624548723342746, 0.10976120184067865, 0.3628811267017863},
    wfGro = 0.17285056561782117,
    nrPeople = 0.0,
    ratioConvectiveHeatPeople = 0.5,
    nrPeopleMachines = 0.0,
    ratioConvectiveHeatMachines = 0.75,
    lightingPower = 11.1,
    ratioConvectiveHeatLighting = 0.9,
    useConstantACHrate = false,
    baseACH = 0.2,
    maxUserACH = 1.0,
    maxOverheatingACH = {3.0, 2.0},
    maxSummerACH = {1.0, 283.15, 290.15},
    winterReduction = {0.2, 273.15, 283.15},
    withAHU = false,
    minAHU = 0.0,
    maxAHU = 8.0,
    hHeat = 745.0143250231405,
    lHeat = 0,
    KRHeat = 10000,
    TNHeat = 1,
    HeaterOn = true,
    hCool = 0,
    lCool = 0.0,
    KRCool = 10000,
    TNCool = 1,
    CoolerOn = false);
end Inffeldgasse25C_6_Restroom;
