 
within Inffeldgasse.Inffeldgasse25C_6.Inffeldgasse25C_6_DataBase;
record Inffeldgasse25C_6_Storage "Inffeldgasse25C_6_Storage"
  extends AixLib.DataBase.ThermalZones.ZoneBaseRecord(
    T_start = 293.15,
    withAirCap = true,
    VAir = 575.6353546231985,
    AZone = 83.193310546875,
    alphaRad = 5.000000000000001,
    lat = 0.88645272708792,
    nOrientations = 8,
    AWin = {1.1076040025791378, 17.441274486193493, 0.9864552164231355, 0.0, 0.0, 1.023152833839626, 4.278925504796876, 14.146540692106724},
    ATransparent = {1.1076040025791378, 17.441274486193493, 0.9864552164231355, 0.0, 0.0, 1.023152833839626, 4.278925504796876, 14.146540692106724},
    alphaWin = 2.7000000000000006,
    RWin = 0.004188013135259525,
    gWin = 0.7800000000000001,
    UWin= 3.0017821341055915,
    ratioWinConRad = 0.029999999999999992,
    AExt = {13.8600176538957, 218.25162397588073, 12.344020681186805, 83.193310546875, 83.193310546875, 12.803236812641812, 53.54439212759336, 177.02292812014633},
    alphaExt = 2.4456689768188262,
    nExt = 1,
    RExt = {4.354146022259043e-05},
    RExtRem = 0.0012525083722747007 ,
    CExt = {242582765.48332563},
    AInt = 1151.270709246397,
    alphaInt = 2.7,
    nInt = 1,
    RInt = {1.792738179526121e-05},
    CInt = {128186624.20308945},
    AFloor = 0.0,
    alphaFloor = 0.0,
    nFloor = 1,
    RFloor = {0.00001},
    RFloorRem =  0.00001,
    CFloor = {0.00001},
    ARoof = 0.0,
    alphaRoof = 0.0,
    nRoof = 1,
    RRoof = {0.00001},
    RRoofRem = 0.00001,
    CRoof = {0.00001},
    nOrientationsRoof = 1,
    tiltRoof = {0.0},
    aziRoof = {0.0},
    wfRoof = {0.0},
    aRoof = 0.0,
    aExt = 0.5,
    TSoil = 286.15,
    alphaWallOut = 20.0,
    alphaRadWall = 5.0,
    alphaWinOut = 20.0,
    alphaRoofOut = 0.0,
    alphaRadRoof = 0.0,
    tiltExtWalls = {1.5707963267948966, 1.5707963267948966, 1.5707963267948966, 0.0, 0.0, 1.5707963267948966, 1.5707963267948966, 1.5707963267948966},
    aziExtWalls = {2.6167968818073164, -2.104408565157213, -2.104408565223709, 0.0, 0.0, -0.5216663218931032, 1.032599052671089, 1.0325990526649624},
    wfWall = {0.020486266484312236, 0.32259417275324126, 0.01824549603597189, 0.1061014402429404, 0.0, 0.018924255924869862, 0.07914309442153343, 0.2616547085193099},
    wfWin = {0.028411793182738152, 0.44739625569355157, 0.025304135347817884, 0.0, 0.0, 0.02624548723342745, 0.10976120184067864, 0.36288112670178624},
    wfGro = 0.17285056561782114,
    nrPeople = 0.0,
    ratioConvectiveHeatPeople = 0.5,
    nrPeopleMachines = 0.0,
    ratioConvectiveHeatMachines = 0.75,
    lightingPower = 11.3,
    ratioConvectiveHeatLighting = 0.9,
    useConstantACHrate = false,
    baseACH = 0.2,
    maxUserACH = 1.0,
    maxOverheatingACH = {3.0, 2.0},
    maxSummerACH = {1.0, 283.15, 290.15},
    winterReduction = {0.2, 273.15, 283.15},
    withAHU = false,
    minAHU = 0.0,
    maxAHU = 0.5,
    hHeat = 22806.56097009614,
    lHeat = 0,
    KRHeat = 10000,
    TNHeat = 1,
    HeaterOn = true,
    hCool = 0,
    lCool = 0.0,
    KRCool = 10000,
    TNCool = 1,
    CoolerOn = false);
end Inffeldgasse25C_6_Storage;
