 
within Inffeldgasse.Inffeldgasse25C_6.Inffeldgasse25C_6_DataBase;
record Inffeldgasse25C_6_ICT "Inffeldgasse25C_6_ICT"
  extends AixLib.DataBase.ThermalZones.ZoneBaseRecord(
    T_start = 293.15,
    withAirCap = true,
    VAir = 12.791896769404412,
    AZone = 1.8487402343750001,
    alphaRad = 4.999999999999999,
    lat = 0.88645272708792,
    nOrientations = 8,
    AWin = {0.0246134222795364, 0.3875838774709665, 0.021921227031625235, 0.0, 0.0, 0.022736729640880582, 0.0950872334399306, 0.314367570935705},
    ATransparent = {0.0246134222795364, 0.3875838774709665, 0.021921227031625235, 0.0, 0.0, 0.022736729640880582, 0.0950872334399306, 0.314367570935705},
    alphaWin = 2.6999999999999993,
    RWin = 0.18846059108667862,
    gWin = 0.7799999999999999,
    UWin= 3.001782134105591,
    ratioWinConRad = 0.029999999999999995,
    AExt = {0.30800039230879334, 4.850036088352906, 0.27431157069304013, 1.8487402343750001, 1.8487402343750001, 0.2845163736142625, 1.1898753806131859, 3.9338428471143634},
    alphaExt = 2.445668976818826,
    nExt = 1,
    RExt = {0.0019593657100165727},
    RExtRem = 0.056362876752361527 ,
    CExt = {5390728.121851675},
    AInt = 6.395948384702206,
    alphaInt = 2.7000000000000006,
    nInt = 1,
    RInt = {0.003226928723147018},
    CInt = {949775.5294352884},
    AFloor = 0.0,
    alphaFloor = 0.0,
    nFloor = 1,
    RFloor = {0.00001},
    RFloorRem =  0.00001,
    CFloor = {0.00001},
    ARoof = 0.0,
    alphaRoof = 0.0,
    nRoof = 1,
    RRoof = {0.00001},
    RRoofRem = 0.00001,
    CRoof = {0.00001},
    nOrientationsRoof = 1,
    tiltRoof = {0.0},
    aziRoof = {0.0},
    wfRoof = {0.0},
    aRoof = 0.0,
    aExt = 0.5,
    TSoil = 286.15,
    alphaWallOut = 20.0,
    alphaRadWall = 5.0,
    alphaWinOut = 19.999999999999996,
    alphaRoofOut = 0.0,
    alphaRadRoof = 0.0,
    tiltExtWalls = {1.5707963267948966, 1.5707963267948966, 1.5707963267948966, 0.0, 0.0, 1.5707963267948966, 1.5707963267948966, 1.5707963267948966},
    aziExtWalls = {2.6167968818073164, -2.104408565157213, -2.104408565223709, 0.0, 0.0, -0.5216663218931032, 1.032599052671089, 1.0325990526649624},
    wfWall = {0.020486266484312232, 0.3225941727532412, 0.01824549603597188, 0.1061014402429404, 0.0, 0.018924255924869862, 0.07914309442153344, 0.26165470851930983},
    wfWin = {0.028411793182738156, 0.44739625569355157, 0.025304135347817888, 0.0, 0.0, 0.02624548723342746, 0.10976120184067865, 0.36288112670178624},
    wfGro = 0.1728505656178211,
    nrPeople = 0.05546220703125,
    ratioConvectiveHeatPeople = 0.5,
    nrPeopleMachines = 2.7731103515625,
    ratioConvectiveHeatMachines = 0.75,
    lightingPower = 7.1,
    ratioConvectiveHeatLighting = 0.9,
    useConstantACHrate = false,
    baseACH = 0.2,
    maxUserACH = 1.0,
    maxOverheatingACH = {3.0, 2.0},
    maxSummerACH = {1.0, 283.15, 290.15},
    winterReduction = {0.2, 273.15, 283.15},
    withAHU = false,
    minAHU = 0.0,
    maxAHU = 130.0,
    hHeat = 506.81246600213655,
    lHeat = 0,
    KRHeat = 10000,
    TNHeat = 1,
    HeaterOn = true,
    hCool = 0,
    lCool = 0.0,
    KRCool = 10000,
    TNCool = 1,
    CoolerOn = false);
end Inffeldgasse25C_6_ICT;
