 
within Inffeldgasse.Inffeldgasse25C_6.Inffeldgasse25C_6_DataBase;
record Inffeldgasse25C_6_Office "Inffeldgasse25C_6_Office"
  extends AixLib.DataBase.ThermalZones.ZoneBaseRecord(
    T_start = 293.15,
    withAirCap = true,
    VAir = 209.78710701823235,
    AZone = 30.31933984375,
    alphaRad = 5.0,
    lat = 0.88645272708792,
    nOrientations = 8,
    AWin = {0.40366012538439694, 6.35637559052385, 0.35950812331865384, 0.0, 0.0, 0.37288236611044157, 1.5594306284148618, 5.155628163345562},
    ATransparent = {0.40366012538439694, 6.35637559052385, 0.35950812331865384, 0.0, 0.0, 0.37288236611044157, 1.5594306284148618, 5.155628163345562},
    alphaWin = 2.6999999999999993,
    RWin = 0.011491499456504793,
    gWin = 0.7800000000000001,
    UWin= 3.001782134105591,
    ratioWinConRad = 0.03,
    AExt = {5.051206433864211, 79.54059184898765, 4.498709759365858, 30.31933984375, 30.31933984375, 4.666068527273905, 19.51395624205625, 64.51502269267556},
    alphaExt = 2.445668976818826,
    nExt = 1,
    RExt = {0.00011947351890344961},
    RExtRem = 0.003436760777583021 ,
    CExt = {88407941.19836745},
    AInt = 734.2548745638131,
    alphaInt = 2.7000000000000006,
    nInt = 1,
    RInt = {2.8109135219050676e-05},
    CInt = {81754580.32508151},
    AFloor = 0.0,
    alphaFloor = 0.0,
    nFloor = 1,
    RFloor = {0.00001},
    RFloorRem =  0.00001,
    CFloor = {0.00001},
    ARoof = 0.0,
    alphaRoof = 0.0,
    nRoof = 1,
    RRoof = {0.00001},
    RRoofRem = 0.00001,
    CRoof = {0.00001},
    nOrientationsRoof = 1,
    tiltRoof = {0.0},
    aziRoof = {0.0},
    wfRoof = {0.0},
    aRoof = 0.0,
    aExt = 0.5,
    TSoil = 286.15,
    alphaWallOut = 20.0,
    alphaRadWall = 5.0,
    alphaWinOut = 20.0,
    alphaRoofOut = 0.0,
    alphaRadRoof = 0.0,
    tiltExtWalls = {1.5707963267948966, 1.5707963267948966, 1.5707963267948966, 0.0, 0.0, 1.5707963267948966, 1.5707963267948966, 1.5707963267948966},
    aziExtWalls = {2.6167968818073164, -2.104408565157213, -2.104408565223709, 0.0, 0.0, -0.5216663218931032, 1.032599052671089, 1.0325990526649624},
    wfWall = {0.020486266484312236, 0.32259417275324115, 0.01824549603597188, 0.10610144024294038, 0.0, 0.018924255924869862, 0.07914309442153346, 0.2616547085193099},
    wfWin = {0.028411793182738163, 0.44739625569355157, 0.02530413534781788, 0.0, 0.0, 0.02624548723342746, 0.10976120184067867, 0.3628811267017863},
    wfGro = 0.1728505656178211,
    nrPeople = 1.5159669921875003,
    ratioConvectiveHeatPeople = 0.5,
    nrPeopleMachines = 2.1223537890625,
    ratioConvectiveHeatMachines = 0.75,
    lightingPower = 12.5,
    ratioConvectiveHeatLighting = 0.9,
    useConstantACHrate = false,
    baseACH = 0.2,
    maxUserACH = 1.0,
    maxOverheatingACH = {3.0, 2.0},
    maxSummerACH = {1.0, 283.15, 290.15},
    winterReduction = {0.2, 273.15, 283.15},
    withAHU = false,
    minAHU = 0.0,
    maxAHU = 2.6,
    hHeat = 8311.72444243504,
    lHeat = 0,
    KRHeat = 10000,
    TNHeat = 1,
    HeaterOn = true,
    hCool = 0,
    lCool = 0.0,
    KRCool = 10000,
    TNCool = 1,
    CoolerOn = false);
end Inffeldgasse25C_6_Office;
