 
within Inffeldgasse.Inffeldgasse25D_3.Inffeldgasse25D_3_DataBase;
record Inffeldgasse25D_3_Laboratory "Inffeldgasse25D_3_Laboratory"
  extends AixLib.DataBase.ThermalZones.ZoneBaseRecord(
    T_start = 293.15,
    withAirCap = true,
    VAir = 550.6507944526568,
    AZone = 118.93798725585937,
    alphaRad = 5.0,
    lat = 0.88645272708792,
    nOrientations = 8,
    AWin = {1.1477949679469883, 1.9998094857250044, 2.28278529076013, 0.0, 0.0, 1.1562879714348429, 2.03707677214545, 2.2563303801739547},
    ATransparent = {1.1477949679469883, 1.9998094857250044, 2.28278529076013, 0.0, 0.0, 1.1562879714348429, 2.03707677214545, 2.2563303801739547},
    alphaWin = 2.7,
    RWin = 0.015005885349280748,
    gWin = 0.7799999999999999,
    UWin= 3.001782134105591,
    ratioWinConRad = 0.03,
    AExt = {14.36294784214745, 25.024643024072354, 28.56566458437676, 59.4689936279297, 59.4689936279297, 14.469225156063038, 25.49098771630658, 28.234620703257868},
    alphaExt = 2.2337339105709035,
    nExt = 1,
    RExt = {0.00011732752148385493},
    RExtRem = 0.003099082611147058 ,
    CExt = {84360928.465349},
    AInt = 394.2633844821878,
    alphaInt = 2.3983285997707635,
    nInt = 1,
    RInt = {0.00017209987205995194},
    CInt = {81513538.99429797},
    AFloor = 0.0,
    alphaFloor = 0.0,
    nFloor = 1,
    RFloor = {0.00001},
    RFloorRem =  0.00001,
    CFloor = {0.00001},
    ARoof = 0.0,
    alphaRoof = 0.0,
    nRoof = 1,
    RRoof = {0.00001},
    RRoofRem = 0.00001,
    CRoof = {0.00001},
    nOrientationsRoof = 1,
    tiltRoof = {0.0},
    aziRoof = {0.0},
    wfRoof = {0.0},
    aRoof = 0.0,
    aExt = 0.5,
    TSoil = 286.15,
    alphaWallOut = 20.0,
    alphaRadWall = 5.0,
    alphaWinOut = 20.0,
    alphaRoofOut = 0.0,
    alphaRadRoof = 0.0,
    tiltExtWalls = {1.5707963267948966, 1.5707963267948966, 1.5707963267948966, 0.0, 0.0, 1.5707963267948966, 1.5707963267948966, 1.5707963267948966},
    aziExtWalls = {-2.101083543508564, -2.101083543547506, -0.5336045217383829, 0.0, 0.0, 1.0488902218697966, 1.0488902218581577, 2.628181183964924},
    wfWall = {0.0529891481132982, 0.09232328420728464, 0.1053871564703826, 0.18930748314442916, 0.0, 0.05338123644990213, 0.0940437672334874, 0.10416583801671986},
    wfWin = {0.10549503812264999, 0.18380458516206025, 0.2098131878947975, 0.0, 0.0, 0.10627563897188493, 0.18722986050429732, 0.20738168934431006},
    wfGro = 0.30840208636449606,
    nrPeople = 7.136279235351562,
    ratioConvectiveHeatPeople = 0.5,
    nrPeopleMachines = 21.408837706054687,
    ratioConvectiveHeatMachines = 0.75,
    lightingPower = 14.0,
    ratioConvectiveHeatLighting = 0.9,
    useConstantACHrate = false,
    baseACH = 0.2,
    maxUserACH = 1.0,
    maxOverheatingACH = {3.0, 2.0},
    maxSummerACH = {1.0, 283.15, 290.15},
    winterReduction = {0.2, 273.15, 283.15},
    withAHU = false,
    minAHU = 24.0,
    maxAHU = 48.0,
    hHeat = 8522.533145005189,
    lHeat = 0,
    KRHeat = 10000,
    TNHeat = 1,
    HeaterOn = true,
    hCool = 0,
    lCool = 0.0,
    KRCool = 10000,
    TNCool = 1,
    CoolerOn = false);
end Inffeldgasse25D_3_Laboratory;
