 
within Inffeldgasse.Inffeldgasse25D_3.Inffeldgasse25D_3_DataBase;
record Inffeldgasse25D_3_ICT "Inffeldgasse25D_3_ICT"
  extends AixLib.DataBase.ThermalZones.ZoneBaseRecord(
    T_start = 293.15,
    withAirCap = true,
    VAir = 78.42019463101477,
    AZone = 16.938393994140625,
    alphaRad = 4.999999999999999,
    lat = 0.88645272708792,
    nOrientations = 8,
    AWin = {0.1634616815042859, 0.28480018675245505, 0.3250998066391027, 0.0, 0.0, 0.16467120120938586, 0.2901075573835391, 0.32133226601623655},
    ATransparent = {0.1634616815042859, 0.28480018675245505, 0.3250998066391027, 0.0, 0.0, 0.16467120120938586, 0.2901075573835391, 0.32133226601623655},
    alphaWin = 2.7000000000000006,
    RWin = 0.10536830121279694,
    gWin = 0.7799999999999999,
    UWin= 3.001782134105591,
    ratioWinConRad = 0.03,
    AExt = {2.045479960445524, 3.5638509855780187, 4.068140823619042, 8.469196997070314, 8.469196997070314, 2.0606153016201536, 3.6302648396913137, 4.020995653122095},
    alphaExt = 2.233733910570903,
    nExt = 1,
    RExt = {0.0008238501985392202},
    RExtRem = 0.021761133212332334 ,
    CExt = {12014148.52416885},
    AInt = 112.29698261929602,
    alphaInt = 2.3983285997707635,
    nInt = 1,
    RInt = {0.0006042253001341912},
    CInt = {23217282.74032391},
    AFloor = 0.0,
    alphaFloor = 0.0,
    nFloor = 1,
    RFloor = {0.00001},
    RFloorRem =  0.00001,
    CFloor = {0.00001},
    ARoof = 0.0,
    alphaRoof = 0.0,
    nRoof = 1,
    RRoof = {0.00001},
    RRoofRem = 0.00001,
    CRoof = {0.00001},
    nOrientationsRoof = 1,
    tiltRoof = {0.0},
    aziRoof = {0.0},
    wfRoof = {0.0},
    aRoof = 0.0,
    aExt = 0.5,
    TSoil = 286.15,
    alphaWallOut = 19.999999999999996,
    alphaRadWall = 4.999999999999999,
    alphaWinOut = 20.0,
    alphaRoofOut = 0.0,
    alphaRadRoof = 0.0,
    tiltExtWalls = {1.5707963267948966, 1.5707963267948966, 1.5707963267948966, 0.0, 0.0, 1.5707963267948966, 1.5707963267948966, 1.5707963267948966},
    aziExtWalls = {-2.101083543508564, -2.101083543547506, -0.5336045217383829, 0.0, 0.0, 1.0488902218697966, 1.0488902218581577, 2.628181183964924},
    wfWall = {0.05298914811329821, 0.09232328420728463, 0.10538715647038256, 0.1893074831444292, 0.0, 0.05338123644990215, 0.09404376723348737, 0.10416583801671986},
    wfWin = {0.10549503812264999, 0.1838045851620602, 0.20981318789479744, 0.0, 0.0, 0.10627563897188493, 0.18722986050429732, 0.20738168934431006},
    wfGro = 0.3084020863644961,
    nrPeople = 0.5081518198242188,
    ratioConvectiveHeatPeople = 0.5,
    nrPeopleMachines = 25.40759099121094,
    ratioConvectiveHeatMachines = 0.75,
    lightingPower = 7.1,
    ratioConvectiveHeatLighting = 0.9,
    useConstantACHrate = false,
    baseACH = 0.2,
    maxUserACH = 1.0,
    maxOverheatingACH = {3.0, 2.0},
    maxSummerACH = {1.0, 283.15, 290.15},
    winterReduction = {0.2, 273.15, 283.15},
    withAHU = false,
    minAHU = 0.0,
    maxAHU = 130.0,
    hHeat = 1213.7251316324816,
    lHeat = 0,
    KRHeat = 10000,
    TNHeat = 1,
    HeaterOn = true,
    hCool = 0,
    lCool = 0.0,
    KRCool = 10000,
    TNCool = 1,
    CoolerOn = false);
end Inffeldgasse25D_3_ICT;
