 
within Inffeldgasse.Inffeldgasse25D_3.Inffeldgasse25D_3_DataBase;
record Inffeldgasse25D_3_Office "Inffeldgasse25D_3_Office"
  extends AixLib.DataBase.ThermalZones.ZoneBaseRecord(
    T_start = 293.15,
    withAirCap = true,
    VAir = 700.8671345769167,
    AZone = 151.38401171875,
    alphaRad = 5.0,
    lat = 0.88645272708792,
    nOrientations = 8,
    AWin = {1.460910940964735, 2.545353167705865, 2.905524157428493, 0.0, 0.0, 1.4717208173481897, 2.592786888877407, 2.871852404722768},
    ATransparent = {1.460910940964735, 2.545353167705865, 2.905524157428493, 0.0, 0.0, 1.4717208173481897, 2.592786888877407, 2.871852404722768},
    alphaWin = 2.7,
    RWin = 0.01178968492228551,
    gWin = 0.78,
    UWin= 3.001782134105592,
    ratioWinConRad = 0.03,
    AExt = {18.281128801801955, 31.851311260751775, 36.35831580782141, 75.69200585937502, 75.69200585937502, 18.41639833600573, 32.44487377162809, 35.93696387531464},
    alphaExt = 2.233733910570903,
    nExt = 1,
    RExt = {9.218079965362602e-05},
    RExtRem = 0.0024348585027213314 ,
    CExt = {107374406.42853913},
    AInt = 3512.7230530504585,
    alphaInt = 2.3983285997707635,
    nInt = 1,
    RInt = {1.9316261772582587e-05},
    CInt = {726251787.0815217},
    AFloor = 0.0,
    alphaFloor = 0.0,
    nFloor = 1,
    RFloor = {0.00001},
    RFloorRem =  0.00001,
    CFloor = {0.00001},
    ARoof = 0.0,
    alphaRoof = 0.0,
    nRoof = 1,
    RRoof = {0.00001},
    RRoofRem = 0.00001,
    CRoof = {0.00001},
    nOrientationsRoof = 1,
    tiltRoof = {0.0},
    aziRoof = {0.0},
    wfRoof = {0.0},
    aRoof = 0.0,
    aExt = 0.5,
    TSoil = 286.15,
    alphaWallOut = 20.0,
    alphaRadWall = 5.0,
    alphaWinOut = 19.999999999999996,
    alphaRoofOut = 0.0,
    alphaRadRoof = 0.0,
    tiltExtWalls = {1.5707963267948966, 1.5707963267948966, 1.5707963267948966, 0.0, 0.0, 1.5707963267948966, 1.5707963267948966, 1.5707963267948966},
    aziExtWalls = {-2.101083543508564, -2.101083543547506, -0.5336045217383829, 0.0, 0.0, 1.0488902218697966, 1.0488902218581577, 2.628181183964924},
    wfWall = {0.052989148113298204, 0.09232328420728465, 0.1053871564703826, 0.18930748314442922, 0.0, 0.053381236449902135, 0.09404376723348737, 0.10416583801671986},
    wfWin = {0.10549503812264996, 0.18380458516206014, 0.20981318789479747, 0.0, 0.0, 0.10627563897188491, 0.18722986050429727, 0.20738168934431006},
    wfGro = 0.30840208636449606,
    nrPeople = 7.5692005859375,
    ratioConvectiveHeatPeople = 0.5,
    nrPeopleMachines = 10.5968808203125,
    ratioConvectiveHeatMachines = 0.75,
    lightingPower = 12.5,
    ratioConvectiveHeatLighting = 0.9,
    useConstantACHrate = false,
    baseACH = 0.2,
    maxUserACH = 1.0,
    maxOverheatingACH = {3.0, 2.0},
    maxSummerACH = {1.0, 283.15, 290.15},
    winterReduction = {0.2, 273.15, 283.15},
    withAHU = false,
    minAHU = 0.0,
    maxAHU = 2.6,
    hHeat = 10847.461666906102,
    lHeat = 0,
    KRHeat = 10000,
    TNHeat = 1,
    HeaterOn = true,
    hCool = 0,
    lCool = 0.0,
    KRCool = 10000,
    TNCool = 1,
    CoolerOn = false);
end Inffeldgasse25D_3_Office;
