 
within Inffeldgasse.Inffeldgasse25D_3.Inffeldgasse25D_3_DataBase;
record Inffeldgasse25D_3_Restroom "Inffeldgasse25D_3_Restroom"
  extends AixLib.DataBase.ThermalZones.ZoneBaseRecord(
    T_start = 293.15,
    withAirCap = true,
    VAir = 62.821627306589484,
    AZone = 13.56917666015625,
    alphaRad = 5.0,
    lat = 0.88645272708792,
    nOrientations = 8,
    AWin = {0.13094750507427808, 0.22815055832485498, 0.2604341775256027, 0.0, 0.0, 0.1319164391159658, 0.23240223942986513, 0.2574160387160042},
    ATransparent = {0.13094750507427808, 0.22815055832485498, 0.2604341775256027, 0.0, 0.0, 0.1319164391159658, 0.23240223942986513, 0.2574160387160042},
    alphaWin = 2.6999999999999997,
    RWin = 0.13153117872481795,
    gWin = 0.78,
    UWin= 3.001782134105591,
    ratioWinConRad = 0.029999999999999995,
    AExt = {1.6386133743078581, 2.854965094713726, 3.2589465998474068, 6.784588330078127, 6.784588330078127, 1.650738143532221, 2.9081685636764205, 3.221179079067836},
    alphaExt = 2.2337339105709026,
    nExt = 1,
    RExt = {0.0010284116423941963},
    RExtRem = 0.027164407785462467 ,
    CExt = {9624413.259143438},
    AInt = 197.76159824694247,
    alphaInt = 2.4941585710202556,
    nInt = 1,
    RInt = {0.0003340275234154071},
    CInt = {34732180.86795508},
    AFloor = 0.0,
    alphaFloor = 0.0,
    nFloor = 1,
    RFloor = {0.00001},
    RFloorRem =  0.00001,
    CFloor = {0.00001},
    ARoof = 0.0,
    alphaRoof = 0.0,
    nRoof = 1,
    RRoof = {0.00001},
    RRoofRem = 0.00001,
    CRoof = {0.00001},
    nOrientationsRoof = 1,
    tiltRoof = {0.0},
    aziRoof = {0.0},
    wfRoof = {0.0},
    aRoof = 0.0,
    aExt = 0.5,
    TSoil = 286.15,
    alphaWallOut = 20.0,
    alphaRadWall = 4.999999999999998,
    alphaWinOut = 20.0,
    alphaRoofOut = 0.0,
    alphaRadRoof = 0.0,
    tiltExtWalls = {1.5707963267948966, 1.5707963267948966, 1.5707963267948966, 0.0, 0.0, 1.5707963267948966, 1.5707963267948966, 1.5707963267948966},
    aziExtWalls = {-2.101083543508564, -2.101083543547506, -0.5336045217383829, 0.0, 0.0, 1.0488902218697966, 1.0488902218581577, 2.628181183964924},
    wfWall = {0.0529891481132982, 0.09232328420728464, 0.10538715647038258, 0.18930748314442922, 0.0, 0.053381236449902135, 0.09404376723348737, 0.10416583801671983},
    wfWin = {0.10549503812264999, 0.18380458516206016, 0.2098131878947975, 0.0, 0.0, 0.10627563897188494, 0.18722986050429732, 0.20738168934431012},
    wfGro = 0.308402086364496,
    nrPeople = 0.0,
    ratioConvectiveHeatPeople = 0.5,
    nrPeopleMachines = 0.0,
    ratioConvectiveHeatMachines = 0.75,
    lightingPower = 11.1,
    ratioConvectiveHeatLighting = 0.9,
    useConstantACHrate = false,
    baseACH = 0.2,
    maxUserACH = 1.0,
    maxOverheatingACH = {3.0, 2.0},
    maxSummerACH = {1.0, 283.15, 290.15},
    winterReduction = {0.2, 273.15, 283.15},
    withAHU = false,
    minAHU = 0.0,
    maxAHU = 8.0,
    hHeat = 972.3029664848764,
    lHeat = 0,
    KRHeat = 10000,
    TNHeat = 1,
    HeaterOn = true,
    hCool = 0,
    lCool = 0.0,
    KRCool = 10000,
    TNCool = 1,
    CoolerOn = false);
end Inffeldgasse25D_3_Restroom;
