 
within Inffeldgasse.Inffeldgasse25D_3.Inffeldgasse25D_3_DataBase;
record Inffeldgasse25D_3_Storage "Inffeldgasse25D_3_Storage"
  extends AixLib.DataBase.ThermalZones.ZoneBaseRecord(
    T_start = 293.15,
    withAirCap = true,
    VAir = 48.71881301327348,
    AZone = 10.523034960937501,
    alphaRad = 5.0,
    lat = 0.88645272708792,
    nOrientations = 8,
    AWin = {0.10155112638413402, 0.17693308604784674, 0.20196936216271233, 0.0, 0.0, 0.10230254462054492, 0.18023030812928317, 0.19962876471853389},
    ATransparent = {0.10155112638413402, 0.17693308604784674, 0.20196936216271233, 0.0, 0.0, 0.10230254462054492, 0.18023030812928317, 0.19962876471853389},
    alphaWin = 2.7000000000000006,
    RWin = 0.16960599361884418,
    gWin = 0.7800000000000001,
    UWin= 3.0017821341055915,
    ratioWinConRad = 0.030000000000000002,
    AExt = {1.27076139232038, 2.21405456324738, 2.5273463427388054, 5.2615174804687515, 5.2615174804687515, 1.2801642745760082, 2.2553143963204896, 2.4980572449913834},
    alphaExt = 2.2337339105709035,
    nExt = 1,
    RExt = {0.0013261097494030429},
    RExtRem = 0.03502778898651739 ,
    CExt = {7463830.6907643},
    AInt = 174.41220733787122,
    alphaInt = 2.3983285997707635,
    nInt = 1,
    RInt = {0.00038903628973552333},
    CInt = {36059539.95091178},
    AFloor = 0.0,
    alphaFloor = 0.0,
    nFloor = 1,
    RFloor = {0.00001},
    RFloorRem =  0.00001,
    CFloor = {0.00001},
    ARoof = 0.0,
    alphaRoof = 0.0,
    nRoof = 1,
    RRoof = {0.00001},
    RRoofRem = 0.00001,
    CRoof = {0.00001},
    nOrientationsRoof = 1,
    tiltRoof = {0.0},
    aziRoof = {0.0},
    wfRoof = {0.0},
    aRoof = 0.0,
    aExt = 0.5,
    TSoil = 286.15,
    alphaWallOut = 20.000000000000004,
    alphaRadWall = 5.0,
    alphaWinOut = 20.0,
    alphaRoofOut = 0.0,
    alphaRadRoof = 0.0,
    tiltExtWalls = {1.5707963267948966, 1.5707963267948966, 1.5707963267948966, 0.0, 0.0, 1.5707963267948966, 1.5707963267948966, 1.5707963267948966},
    aziExtWalls = {-2.101083543508564, -2.101083543547506, -0.5336045217383829, 0.0, 0.0, 1.0488902218697966, 1.0488902218581577, 2.628181183964924},
    wfWall = {0.05298914811329821, 0.09232328420728465, 0.10538715647038258, 0.18930748314442922, 0.0, 0.05338123644990214, 0.09404376723348738, 0.10416583801671986},
    wfWin = {0.10549503812264997, 0.1838045851620602, 0.2098131878947975, 0.0, 0.0, 0.10627563897188493, 0.18722986050429732, 0.20738168934431012},
    wfGro = 0.30840208636449606,
    nrPeople = 0.0,
    ratioConvectiveHeatPeople = 0.5,
    nrPeopleMachines = 0.0,
    ratioConvectiveHeatMachines = 0.75,
    lightingPower = 11.3,
    ratioConvectiveHeatLighting = 0.9,
    useConstantACHrate = false,
    baseACH = 0.2,
    maxUserACH = 1.0,
    maxOverheatingACH = {3.0, 2.0},
    maxSummerACH = {1.0, 283.15, 290.15},
    winterReduction = {0.2, 273.15, 283.15},
    withAHU = false,
    minAHU = 0.0,
    maxAHU = 0.5,
    hHeat = 754.0308719678632,
    lHeat = 0,
    KRHeat = 10000,
    TNHeat = 1,
    HeaterOn = true,
    hCool = 0,
    lCool = 0.0,
    KRCool = 10000,
    TNCool = 1,
    CoolerOn = false);
end Inffeldgasse25D_3_Storage;
