 
within Inffeldgasse.Inffeldgasse25D_3.Inffeldgasse25D_3_DataBase;
record Inffeldgasse25D_3_Meeting "Inffeldgasse25D_3_Meeting"
  extends AixLib.DataBase.ThermalZones.ZoneBaseRecord(
    T_start = 293.15,
    withAirCap = true,
    VAir = 119.87392149318606,
    AZone = 25.892204443359375,
    alphaRad = 4.999999999999999,
    lat = 0.88645272708792,
    nOrientations = 8,
    AWin = {0.24986921886622449, 0.4353485143545702, 0.49695093058456846, 0.0, 0.0, 0.25171810321107757, 0.4434614160549467, 0.4911918289784978},
    ATransparent = {0.24986921886622449, 0.4353485143545702, 0.49695093058456846, 0.0, 0.0, 0.25171810321107757, 0.4434614160549467, 0.4911918289784978},
    alphaWin = 2.7000000000000006,
    RWin = 0.06893077815525218,
    gWin = 0.7800000000000001,
    UWin= 3.0017821341055915,
    ratioWinConRad = 0.030000000000000002,
    AExt = {3.126741846893566, 5.447739517463947, 6.218602185423113, 12.946102221679691, 12.946102221679691, 3.1498778861278094, 5.549260422525414, 6.146535589649851},
    alphaExt = 2.233733910570903,
    nExt = 1,
    RExt = {0.000538953694944553},
    RExtRem = 0.014235892850135413 ,
    CExt = {18364951.831222665},
    AInt = 343.3166607598097,
    alphaInt = 2.3983285997707635,
    nInt = 1,
    RInt = {0.00019763875681751177},
    CInt = {70980357.58758423},
    AFloor = 0.0,
    alphaFloor = 0.0,
    nFloor = 1,
    RFloor = {0.00001},
    RFloorRem =  0.00001,
    CFloor = {0.00001},
    ARoof = 0.0,
    alphaRoof = 0.0,
    nRoof = 1,
    RRoof = {0.00001},
    RRoofRem = 0.00001,
    CRoof = {0.00001},
    nOrientationsRoof = 1,
    tiltRoof = {0.0},
    aziRoof = {0.0},
    wfRoof = {0.0},
    aRoof = 0.0,
    aExt = 0.5,
    TSoil = 286.15,
    alphaWallOut = 20.0,
    alphaRadWall = 5.0,
    alphaWinOut = 20.0,
    alphaRoofOut = 0.0,
    alphaRadRoof = 0.0,
    tiltExtWalls = {1.5707963267948966, 1.5707963267948966, 1.5707963267948966, 0.0, 0.0, 1.5707963267948966, 1.5707963267948966, 1.5707963267948966},
    aziExtWalls = {-2.101083543508564, -2.101083543547506, -0.5336045217383829, 0.0, 0.0, 1.0488902218697966, 1.0488902218581577, 2.628181183964924},
    wfWall = {0.052989148113298204, 0.09232328420728464, 0.10538715647038259, 0.1893074831444292, 0.0, 0.053381236449902135, 0.09404376723348738, 0.10416583801671986},
    wfWin = {0.10549503812264997, 0.18380458516206022, 0.2098131878947975, 0.0, 0.0, 0.10627563897188493, 0.18722986050429735, 0.20738168934431012},
    wfGro = 0.30840208636449606,
    nrPeople = 6.214129066406249,
    ratioConvectiveHeatPeople = 0.5,
    nrPeopleMachines = 0.5178440888671875,
    ratioConvectiveHeatMachines = 0.75,
    lightingPower = 15.9,
    ratioConvectiveHeatLighting = 0.9,
    useConstantACHrate = false,
    baseACH = 0.2,
    maxUserACH = 1.0,
    maxOverheatingACH = {3.0, 2.0},
    maxSummerACH = {1.0, 283.15, 290.15},
    winterReduction = {0.2, 273.15, 283.15},
    withAHU = false,
    minAHU = 0.0,
    maxAHU = 12.0,
    hHeat = 1855.3128033946107,
    lHeat = 0,
    KRHeat = 10000,
    TNHeat = 1,
    HeaterOn = true,
    hCool = 0,
    lCool = 0.0,
    KRCool = 10000,
    TNCool = 1,
    CoolerOn = false);
end Inffeldgasse25D_3_Meeting;
