 
within Inffeldgasse.Inffeldgasse25D_3.Inffeldgasse25D_3_DataBase;
record Inffeldgasse25D_3_Floor "Inffeldgasse25D_3_Floor"
  extends AixLib.DataBase.ThermalZones.ZoneBaseRecord(
    T_start = 293.15,
    withAirCap = true,
    VAir = 575.4375589681819,
    AZone = 124.29181206054687,
    alphaRad = 5.0,
    lat = 0.88645272708792,
    nOrientations = 8,
    AWin = {1.1994613304933022, 2.0898280733633827, 2.385541632913089, 0.0, 0.0, 1.208336634487401, 2.128772893825261, 2.3578958920482966},
    ATransparent = {1.1994613304933022, 2.0898280733633827, 2.385541632913089, 0.0, 0.0, 1.208336634487401, 2.128772893825261, 2.3578958920482966},
    alphaWin = 2.6999999999999993,
    RWin = 0.014359512270737645,
    gWin = 0.7799999999999998,
    UWin= 3.001782134105591,
    ratioWinConRad = 0.029999999999999995,
    AExt = {15.009475568064836, 26.1510918369526, 29.85150746050703, 62.14590603027345, 62.14590603027345, 15.120536804531534, 26.638428374083674, 29.505562108604362},
    alphaExt = 2.233733910570903,
    nExt = 1,
    RExt = {0.00011227368097433844},
    RExtRem = 0.0029655907496940093 ,
    CExt = {88158316.00977314},
    AInt = 4486.095005656464,
    alphaInt = 2.5337639146244175,
    nInt = 1,
    RInt = {1.4163671882591479e-05},
    CInt = {730869423.2015388},
    AFloor = 0.0,
    alphaFloor = 0.0,
    nFloor = 1,
    RFloor = {0.00001},
    RFloorRem =  0.00001,
    CFloor = {0.00001},
    ARoof = 0.0,
    alphaRoof = 0.0,
    nRoof = 1,
    RRoof = {0.00001},
    RRoofRem = 0.00001,
    CRoof = {0.00001},
    nOrientationsRoof = 1,
    tiltRoof = {0.0},
    aziRoof = {0.0},
    wfRoof = {0.0},
    aRoof = 0.0,
    aExt = 0.5,
    TSoil = 286.15,
    alphaWallOut = 20.0,
    alphaRadWall = 4.999999999999999,
    alphaWinOut = 19.999999999999993,
    alphaRoofOut = 0.0,
    alphaRadRoof = 0.0,
    tiltExtWalls = {1.5707963267948966, 1.5707963267948966, 1.5707963267948966, 0.0, 0.0, 1.5707963267948966, 1.5707963267948966, 1.5707963267948966},
    aziExtWalls = {-2.101083543508564, -2.101083543547506, -0.5336045217383829, 0.0, 0.0, 1.0488902218697966, 1.0488902218581577, 2.628181183964924},
    wfWall = {0.0529891481132982, 0.09232328420728463, 0.10538715647038256, 0.18930748314442916, 0.0, 0.05338123644990212, 0.09404376723348735, 0.10416583801671986},
    wfWin = {0.10549503812264996, 0.1838045851620602, 0.20981318789479747, 0.0, 0.0, 0.10627563897188491, 0.18722986050429732, 0.20738168934431012},
    wfGro = 0.30840208636449606,
    nrPeople = 0.0,
    ratioConvectiveHeatPeople = 0.5,
    nrPeopleMachines = 0.0,
    ratioConvectiveHeatMachines = 0.75,
    lightingPower = 7.0,
    ratioConvectiveHeatLighting = 0.9,
    useConstantACHrate = false,
    baseACH = 0.2,
    maxUserACH = 1.0,
    maxOverheatingACH = {3.0, 2.0},
    maxSummerACH = {1.0, 283.15, 290.15},
    winterReduction = {0.2, 273.15, 283.15},
    withAHU = false,
    minAHU = 0.0,
    maxAHU = 2.0,
    hHeat = 8906.162886883578,
    lHeat = 0,
    KRHeat = 10000,
    TNHeat = 1,
    HeaterOn = true,
    hCool = 0,
    lCool = 0.0,
    KRCool = 10000,
    TNCool = 1,
    CoolerOn = false);
end Inffeldgasse25D_3_Floor;
