 
within Inffeldgasse.Inffeldgasse25D_3.Inffeldgasse25D_3_DataBase;
record Inffeldgasse25D_3_Floor "Inffeldgasse25D_3_Floor"
  extends AixLib.DataBase.ThermalZones.ZoneBaseRecord(
    T_start = 293.15,
    withAirCap = true,
    VAir = 42.73580088883639,
    AZone = 9.230732421875,
    alphaRad = 5.0,
    lat = 0.88645272708792,
    nOrientations = 8,
    AWin = {0.08907993542467896, 0.15520446144547956, 0.1771661071602739, 0.0, 0.0, 0.08973907422854814, 0.15809676151691499, 0.1751129515074858},
    ATransparent = {0.08907993542467896, 0.15520446144547956, 0.1771661071602739, 0.0, 0.0, 0.08973907422854814, 0.15809676151691499, 0.1751129515074858},
    alphaWin = 2.6999999999999997,
    RWin = 0.19335083272548245,
    gWin = 0.7800000000000001,
    UWin= 3.0017821341055915,
    ratioWinConRad = 0.03,
    AExt = {1.1147029757196312, 1.9421531256555955, 2.216970476086671, 4.615366210937499, 4.615366210937499, 1.1229511180491298, 1.9783459616846393, 2.1912782850801604},
    alphaExt = 2.2337339105709035,
    nExt = 1,
    RExt = {0.0015117651143194697},
    RExtRem = 0.039931679444629845 ,
    CExt = {6547219.904179207},
    AInt = 277.6392502572387,
    alphaInt = 2.533763914624418,
    nInt = 1,
    RInt = {0.00022885661027891342},
    CInt = {45232666.36969539},
    AFloor = 0.0,
    alphaFloor = 0.0,
    nFloor = 1,
    RFloor = {0.00001},
    RFloorRem =  0.00001,
    CFloor = {0.00001},
    ARoof = 0.0,
    alphaRoof = 0.0,
    nRoof = 1,
    RRoof = {0.00001},
    RRoofRem = 0.00001,
    CRoof = {0.00001},
    nOrientationsRoof = 1,
    tiltRoof = {0.0},
    aziRoof = {0.0},
    wfRoof = {0.0},
    aRoof = 0.0,
    aExt = 0.5,
    TSoil = 286.15,
    alphaWallOut = 20.0,
    alphaRadWall = 4.999999999999999,
    alphaWinOut = 20.0,
    alphaRoofOut = 0.0,
    alphaRadRoof = 0.0,
    tiltExtWalls = {1.5707963267948966, 1.5707963267948966, 1.5707963267948966, 0.0, 0.0, 1.5707963267948966, 1.5707963267948966, 1.5707963267948966},
    aziExtWalls = {-2.101083543508564, -2.101083543547506, -0.5336045217383829, 0.0, 0.0, 1.0488902218697966, 1.0488902218581577, 2.628181183964924},
    wfWall = {0.05298914811329819, 0.0923232842072846, 0.10538715647038258, 0.18930748314442913, 0.0, 0.053381236449902135, 0.09404376723348735, 0.10416583801671986},
    wfWin = {0.10549503812265003, 0.18380458516206025, 0.20981318789479744, 0.0, 0.0, 0.10627563897188494, 0.1872298605042973, 0.2073816893443101},
    wfGro = 0.308402086364496,
    nrPeople = 0.0,
    ratioConvectiveHeatPeople = 0.5,
    nrPeopleMachines = 0.0,
    ratioConvectiveHeatMachines = 0.75,
    lightingPower = 7.0,
    ratioConvectiveHeatLighting = 0.9,
    useConstantACHrate = false,
    baseACH = 0.2,
    maxUserACH = 1.0,
    maxOverheatingACH = {3.0, 2.0},
    maxSummerACH = {1.0, 283.15, 290.15},
    winterReduction = {0.2, 273.15, 283.15},
    withAHU = false,
    minAHU = 0.0,
    maxAHU = 2.0,
    hHeat = 661.430589445494,
    lHeat = 0,
    KRHeat = 10000,
    TNHeat = 1,
    HeaterOn = true,
    hCool = 0,
    lCool = 0.0,
    KRCool = 10000,
    TNCool = 1,
    CoolerOn = false);
end Inffeldgasse25D_3_Floor;
