 
within Inffeldgasse.Inffeldgasse19_1.Inffeldgasse19_1_DataBase;
record Inffeldgasse19_1_Storage "Inffeldgasse19_1_Storage"
  extends AixLib.DataBase.ThermalZones.ZoneBaseRecord(
    T_start = 293.15,
    withAirCap = true,
    VAir = 6621.08461689949,
    AZone = 1560.65625,
    alphaRad = 5.0,
    lat = 0.88645272708792,
    nOrientations = 10,
    AWin = {0.0, 0.0, 14.918587252393491, 14.901504127872256, 20.618044940349076, 4.895735562317019, 8.652907182717714, 5.014268646781907, 10.252604024547376, 39.88479462732},
    ATransparent = {0.0, 0.0, 14.918587252393491, 14.901504127872256, 20.618044940349076, 4.895735562317019, 8.652907182717714, 5.014268646781907, 10.252604024547376, 39.88479462732},
    alphaWin = 2.7000000000000006,
    RWin = 0.003006661293270162,
    gWin = 0.6700000000000002,
    UWin= 1.8936557576825386,
    ratioWinConRad = 0.03,
    AExt = {390.16406249999994, 390.16406249999994, 186.68394318535638, 186.4701732758069, 258.00418398328713, 61.2628531176427, 108.27827096211628, 62.746118471892515, 128.29609900987663, 499.09891655268},
    alphaExt = 2.356420004974128,
    nExt = 1,
    RExt = {1.323802282165974e-05},
    RExtRem = 0.0007829754701285857 ,
    CExt = {800127027.9663928},
    AInt = 22606.10673379898,
    alphaInt = 2.2857784088933935,
    nInt = 1,
    RInt = {2.641451485651342e-06},
    CInt = {2948619480.6271553},
    AFloor = 0.0,
    alphaFloor = 0.0,
    nFloor = 1,
    RFloor = {0.00001},
    RFloorRem =  0.00001,
    CFloor = {0.00001},
    ARoof = 0.0,
    alphaRoof = 0.0,
    nRoof = 1,
    RRoof = {0.00001},
    RRoofRem = 0.00001,
    CRoof = {0.00001},
    nOrientationsRoof = 1,
    tiltRoof = {0.0},
    aziRoof = {0.0},
    wfRoof = {0.0},
    aRoof = 0.0,
    aExt = 0.5,
    TSoil = 286.15,
    alphaWallOut = 20.0,
    alphaRadWall = 5.0,
    alphaWinOut = 20.0,
    alphaRoofOut = 0.0,
    alphaRadRoof = 0.0,
    tiltExtWalls = {0.0, 0.0, 1.5707963267948966, 1.5707963267948966, 1.5707963267948966, 1.5707963267948966, 1.5707963267948966, 1.5707963267948966, 1.5707963267948966, 1.5707963267948966},
    aziExtWalls = {0.0, 0.0, -2.1285705597882605, 0.9907186294101068, -0.5645693937272233, 0.9937581960550274, -0.5880026035306984, -2.141669984849604, -0.5838141462641264, 2.563549343895883},
    wfWall = {0.1584484858639791, 0.0, 0.08113064978651492, 0.08103774789377241, 0.11212558904126231, 0.02662411665622053, 0.047056465226870674, 0.027268726363637252, 0.055755978260067174, 0.21690252903786297},
    wfWin = {0.0, 0.0, 0.12522059593404278, 0.1250772070865082, 0.1730595418149376, 0.04109282697330927, 0.07262900807233166, 0.042087745810024994, 0.086056217261699, 0.33477685704714644},
    wfGro = 0.1936497118698126,
    nrPeople = 0.0,
    ratioConvectiveHeatPeople = 0.5,
    nrPeopleMachines = 0.0,
    ratioConvectiveHeatMachines = 0.75,
    lightingPower = 11.3,
    ratioConvectiveHeatLighting = 0.9,
    useConstantACHrate = false,
    baseACH = 0.2,
    maxUserACH = 1.0,
    maxOverheatingACH = {3.0, 2.0},
    maxSummerACH = {1.0, 283.15, 290.15},
    winterReduction = {0.2, 273.15, 283.15},
    withAHU = false,
    minAHU = 0.0,
    maxAHU = 0.5,
    hHeat = 53158.94858555644,
    lHeat = 0,
    KRHeat = 10000,
    TNHeat = 1,
    HeaterOn = true,
    hCool = 0,
    lCool = 0.0,
    KRCool = 10000,
    TNCool = 1,
    CoolerOn = false);
end Inffeldgasse19_1_Storage;
