 
within Inffeldgasse.Inffeldgasse19_1.Inffeldgasse19_1_DataBase;
record Inffeldgasse19_1_Restroom "Inffeldgasse19_1_Restroom"
  extends AixLib.DataBase.ThermalZones.ZoneBaseRecord(
    T_start = 293.15,
    withAirCap = true,
    VAir = 216.28876415205002,
    AZone = 50.9814375,
    alphaRad = 5.0,
    lat = 0.88645272708792,
    nOrientations = 10,
    AWin = {0.0, 0.0, 0.4873405169115207, 0.4867824681771604, 0.6735228013847366, 0.15992736170235597, 0.28266163463544536, 0.1637994424615423, 0.3349183981352143, 1.30290329115912},
    ATransparent = {0.0, 0.0, 0.4873405169115207, 0.4867824681771604, 0.6735228013847366, 0.15992736170235597, 0.28266163463544536, 0.1637994424615423, 0.3349183981352143, 1.30290329115912},
    alphaWin = 2.7000000000000006,
    RWin = 0.09204065183480085,
    gWin = 0.67,
    UWin= 1.8936557576825381,
    ratioWinConRad = 0.03,
    AExt = {12.745359375, 12.745359375, 6.098342144054976, 6.0913589936763595, 8.42813667678738, 2.0012532018429954, 3.537090184762465, 2.0497065367484892, 4.191005900989304, 16.303897940720883},
    alphaExt = 2.356420004974128,
    nExt = 1,
    RExt = {0.0004052455965814206},
    RExtRem = 0.023968636840670986 ,
    CExt = {26137482.913568832},
    AInt = 770.138379130125,
    alphaInt = 2.4021100688305825,
    nInt = 1,
    RInt = {9.078658023114543e-05},
    CInt = {84730716.67636016},
    AFloor = 0.0,
    alphaFloor = 0.0,
    nFloor = 1,
    RFloor = {0.00001},
    RFloorRem =  0.00001,
    CFloor = {0.00001},
    ARoof = 0.0,
    alphaRoof = 0.0,
    nRoof = 1,
    RRoof = {0.00001},
    RRoofRem = 0.00001,
    CRoof = {0.00001},
    nOrientationsRoof = 1,
    tiltRoof = {0.0},
    aziRoof = {0.0},
    wfRoof = {0.0},
    aRoof = 0.0,
    aExt = 0.5,
    TSoil = 286.15,
    alphaWallOut = 19.999999999999996,
    alphaRadWall = 4.999999999999999,
    alphaWinOut = 20.0,
    alphaRoofOut = 0.0,
    alphaRadRoof = 0.0,
    tiltExtWalls = {0.0, 0.0, 1.5707963267948966, 1.5707963267948966, 1.5707963267948966, 1.5707963267948966, 1.5707963267948966, 1.5707963267948966, 1.5707963267948966, 1.5707963267948966},
    aziExtWalls = {0.0, 0.0, -2.1285705597882605, 0.9907186294101068, -0.5645693937272233, 0.9937581960550274, -0.5880026035306984, -2.141669984849604, -0.5838141462641264, 2.563549343895883},
    wfWall = {0.1584484858639791, 0.0, 0.08113064978651492, 0.08103774789377241, 0.1121255890412623, 0.02662411665622054, 0.047056465226870674, 0.027268726363637256, 0.05575597826006718, 0.216902529037863},
    wfWin = {0.0, 0.0, 0.12522059593404278, 0.12507720708650824, 0.1730595418149376, 0.041092826973309265, 0.07262900807233168, 0.042087745810025, 0.08605621726169903, 0.3347768570471465},
    wfGro = 0.19364971186981264,
    nrPeople = 0.0,
    ratioConvectiveHeatPeople = 0.5,
    nrPeopleMachines = 0.0,
    ratioConvectiveHeatMachines = 0.75,
    lightingPower = 11.1,
    ratioConvectiveHeatLighting = 0.9,
    useConstantACHrate = false,
    baseACH = 0.2,
    maxUserACH = 1.0,
    maxOverheatingACH = {3.0, 2.0},
    maxSummerACH = {1.0, 283.15, 290.15},
    winterReduction = {0.2, 273.15, 283.15},
    withAHU = false,
    minAHU = 0.0,
    maxAHU = 8.0,
    hHeat = 1736.5256537948433,
    lHeat = 0,
    KRHeat = 10000,
    TNHeat = 1,
    HeaterOn = true,
    hCool = 0,
    lCool = 0.0,
    KRCool = 10000,
    TNCool = 1,
    CoolerOn = false);
end Inffeldgasse19_1_Restroom;
