 
within Inffeldgasse.Inffeldgasse19_1.Inffeldgasse19_1_DataBase;
record Inffeldgasse19_1_Meeting "Inffeldgasse19_1_Meeting"
  extends AixLib.DataBase.ThermalZones.ZoneBaseRecord(
    T_start = 293.15,
    withAirCap = true,
    VAir = 412.7142744534016,
    AZone = 97.28090625,
    alphaRad = 5.0,
    lat = 0.88645272708792,
    nOrientations = 10,
    AWin = {0.0, 0.0, 0.929925272065861, 0.9288604239707041, 1.285191467948426, 0.3051675167177609, 0.5393645477227376, 0.31255607898273885, 0.6390789841967864, 2.48615219843628},
    ATransparent = {0.0, 0.0, 0.929925272065861, 0.9288604239707041, 1.285191467948426, 0.3051675167177609, 0.5393645477227376, 0.31255607898273885, 0.6390789841967864, 2.48615219843628},
    alphaWin = 2.7,
    RWin = 0.04823520791342505,
    gWin = 0.67,
    UWin= 1.8936557576825384,
    ratioWinConRad = 0.029999999999999992,
    AExt = {24.3202265625, 24.3202265625, 11.636632458553883, 11.623307467525299, 16.082260801624898, 3.8187178443330625, 6.749345556638581, 3.9111747180813006, 7.997123504948978, 31.110499131783726},
    alphaExt = 2.356420004974128,
    nExt = 1,
    RExt = {0.00021237469767368565},
    RExtRem = 0.012561103798854311 ,
    CExt = {49874584.743238494},
    AInt = 1409.1139864068032,
    alphaInt = 2.2857784088933926,
    nInt = 1,
    RInt = {4.237622704253489e-05},
    CInt = {183797280.95909277},
    AFloor = 0.0,
    alphaFloor = 0.0,
    nFloor = 1,
    RFloor = {0.00001},
    RFloorRem =  0.00001,
    CFloor = {0.00001},
    ARoof = 0.0,
    alphaRoof = 0.0,
    nRoof = 1,
    RRoof = {0.00001},
    RRoofRem = 0.00001,
    CRoof = {0.00001},
    nOrientationsRoof = 1,
    tiltRoof = {0.0},
    aziRoof = {0.0},
    wfRoof = {0.0},
    aRoof = 0.0,
    aExt = 0.5,
    TSoil = 286.15,
    alphaWallOut = 20.0,
    alphaRadWall = 5.0,
    alphaWinOut = 19.999999999999996,
    alphaRoofOut = 0.0,
    alphaRadRoof = 0.0,
    tiltExtWalls = {0.0, 0.0, 1.5707963267948966, 1.5707963267948966, 1.5707963267948966, 1.5707963267948966, 1.5707963267948966, 1.5707963267948966, 1.5707963267948966, 1.5707963267948966},
    aziExtWalls = {0.0, 0.0, -2.1285705597882605, 0.9907186294101068, -0.5645693937272233, 0.9937581960550274, -0.5880026035306984, -2.141669984849604, -0.5838141462641264, 2.563549343895883},
    wfWall = {0.1584484858639791, 0.0, 0.08113064978651494, 0.08103774789377242, 0.11212558904126231, 0.02662411665622053, 0.04705646522687068, 0.027268726363637252, 0.05575597826006717, 0.21690252903786297},
    wfWin = {0.0, 0.0, 0.12522059593404275, 0.12507720708650824, 0.1730595418149376, 0.04109282697330927, 0.07262900807233166, 0.042087745810025, 0.08605621726169901, 0.33477685704714644},
    wfGro = 0.19364971186981264,
    nrPeople = 23.3474175,
    ratioConvectiveHeatPeople = 0.5,
    nrPeopleMachines = 1.945618125,
    ratioConvectiveHeatMachines = 0.75,
    lightingPower = 15.9,
    ratioConvectiveHeatLighting = 0.9,
    useConstantACHrate = false,
    baseACH = 0.2,
    maxUserACH = 1.0,
    maxOverheatingACH = {3.0, 2.0},
    maxSummerACH = {1.0, 283.15, 290.15},
    winterReduction = {0.2, 273.15, 283.15},
    withAHU = false,
    minAHU = 0.0,
    maxAHU = 12.0,
    hHeat = 3313.574461833018,
    lHeat = 0,
    KRHeat = 10000,
    TNHeat = 1,
    HeaterOn = true,
    hCool = 0,
    lCool = 0.0,
    KRCool = 10000,
    TNCool = 1,
    CoolerOn = false);
end Inffeldgasse19_1_Meeting;
