 
within Inffeldgasse.Inffeldgasse19_1.Inffeldgasse19_1_DataBase;
record Inffeldgasse19_1_ICT "Inffeldgasse19_1_ICT"
  extends AixLib.DataBase.ThermalZones.ZoneBaseRecord(
    T_start = 293.15,
    withAirCap = true,
    VAir = 269.99311715579034,
    AZone = 63.640093750000005,
    alphaRad = 5.0,
    lat = 0.88645272708792,
    nOrientations = 10,
    AWin = {0.0, 0.0, 0.6083468357364902, 0.6076502238810132, 0.8407580547897904, 0.19963721681892738, 0.3528463262286002, 0.2044707325965511, 0.41807840855654305, 1.6264132920251602},
    ATransparent = {0.0, 0.0, 0.6083468357364902, 0.6076502238810132, 0.8407580547897904, 0.19963721681892738, 0.3528463262286002, 0.2044707325965511, 0.41807840855654305, 1.6264132920251602},
    alphaWin = 2.700000000000001,
    RWin = 0.0737328382545816,
    gWin = 0.6700000000000002,
    UWin= 1.8936557576825386,
    ratioWinConRad = 0.03,
    AExt = {15.910023437500001, 15.910023437500001, 7.612556349891756, 7.603839288024572, 10.520837280207376, 2.4981630104638755, 4.415347271455186, 2.558647275464951, 5.2316298151805265, 20.352144708314846},
    alphaExt = 2.356420004974128,
    nExt = 1,
    RExt = {0.0003246381618390671},
    RExtRem = 0.019201033327404003 ,
    CExt = {32627402.14040735},
    AInt = 460.91339840579036,
    alphaInt = 2.2857784088933935,
    nInt = 1,
    RInt = {0.00012955347886028378},
    CInt = {60119074.96612035},
    AFloor = 0.0,
    alphaFloor = 0.0,
    nFloor = 1,
    RFloor = {0.00001},
    RFloorRem =  0.00001,
    CFloor = {0.00001},
    ARoof = 0.0,
    alphaRoof = 0.0,
    nRoof = 1,
    RRoof = {0.00001},
    RRoofRem = 0.00001,
    CRoof = {0.00001},
    nOrientationsRoof = 1,
    tiltRoof = {0.0},
    aziRoof = {0.0},
    wfRoof = {0.0},
    aRoof = 0.0,
    aExt = 0.5,
    TSoil = 286.15,
    alphaWallOut = 19.999999999999993,
    alphaRadWall = 4.999999999999999,
    alphaWinOut = 20.000000000000004,
    alphaRoofOut = 0.0,
    alphaRadRoof = 0.0,
    tiltExtWalls = {0.0, 0.0, 1.5707963267948966, 1.5707963267948966, 1.5707963267948966, 1.5707963267948966, 1.5707963267948966, 1.5707963267948966, 1.5707963267948966, 1.5707963267948966},
    aziExtWalls = {0.0, 0.0, -2.1285705597882605, 0.9907186294101068, -0.5645693937272233, 0.9937581960550274, -0.5880026035306984, -2.141669984849604, -0.5838141462641264, 2.563549343895883},
    wfWall = {0.15844848586397914, 0.0, 0.08113064978651495, 0.08103774789377245, 0.1121255890412623, 0.02662411665622054, 0.04705646522687068, 0.027268726363637256, 0.05575597826006718, 0.216902529037863},
    wfWin = {0.0, 0.0, 0.12522059593404275, 0.12507720708650819, 0.17305954181493766, 0.04109282697330927, 0.07262900807233168, 0.042087745810024994, 0.086056217261699, 0.33477685704714644},
    wfGro = 0.1936497118698127,
    nrPeople = 1.9092028125000002,
    ratioConvectiveHeatPeople = 0.5,
    nrPeopleMachines = 95.46014062500001,
    ratioConvectiveHeatMachines = 0.75,
    lightingPower = 7.1,
    ratioConvectiveHeatLighting = 0.9,
    useConstantACHrate = false,
    baseACH = 0.2,
    maxUserACH = 1.0,
    maxOverheatingACH = {3.0, 2.0},
    maxSummerACH = {1.0, 283.15, 290.15},
    winterReduction = {0.2, 273.15, 283.15},
    withAHU = false,
    minAHU = 0.0,
    maxAHU = 130.0,
    hHeat = 2167.703792322134,
    lHeat = 0,
    KRHeat = 10000,
    TNHeat = 1,
    HeaterOn = true,
    hCool = 0,
    lCool = 0.0,
    KRCool = 10000,
    TNCool = 1,
    CoolerOn = false);
end Inffeldgasse19_1_ICT;
