 
within Inffeldgasse.Inffeldgasse19_1.Inffeldgasse19_1_DataBase;
record Inffeldgasse19_1_Floor "Inffeldgasse19_1_Floor"
  extends AixLib.DataBase.ThermalZones.ZoneBaseRecord(
    T_start = 293.15,
    withAirCap = true,
    VAir = 1981.1756525900362,
    AZone = 466.98303124999995,
    alphaRad = 4.999999999999999,
    lat = 0.88645272708792,
    nOrientations = 10,
    AWin = {0.0, 0.0, 4.463972830077297, 4.458861179595554, 6.169377224928896, 1.4649128743688593, 2.5891421158954224, 1.5003806073092971, 3.0678069597895647, 11.934416881263639},
    ATransparent = {0.0, 0.0, 4.463972830077297, 4.458861179595554, 6.169377224928896, 1.4649128743688593, 2.5891421158954224, 1.5003806073092971, 3.0678069597895647, 11.934416881263639},
    alphaWin = 2.6999999999999997,
    RWin = 0.010048255343271984,
    gWin = 0.67,
    UWin= 1.8936557576825386,
    ratioWinConRad = 0.03,
    AExt = {116.74575781249999, 116.74575781249999, 55.85998433312942, 55.79601962574978, 77.20058527411024, 18.331207049534644, 32.39926485566434, 18.775033004978507, 38.38904384817753, 149.34148691959638},
    alphaExt = 2.356420004974129,
    nExt = 1,
    RExt = {4.424144277569167e-05},
    RExtRem = 0.0026167022767015487 ,
    CExt = {239415787.3681661},
    AInt = 17080.489023085232,
    alphaInt = 2.4539387030681836,
    nInt = 1,
    RInt = {4.430218763098222e-06},
    CInt = {1723850420.1549037},
    AFloor = 0.0,
    alphaFloor = 0.0,
    nFloor = 1,
    RFloor = {0.00001},
    RFloorRem =  0.00001,
    CFloor = {0.00001},
    ARoof = 0.0,
    alphaRoof = 0.0,
    nRoof = 1,
    RRoof = {0.00001},
    RRoofRem = 0.00001,
    CRoof = {0.00001},
    nOrientationsRoof = 1,
    tiltRoof = {0.0},
    aziRoof = {0.0},
    wfRoof = {0.0},
    aRoof = 0.0,
    aExt = 0.5,
    TSoil = 286.15,
    alphaWallOut = 20.0,
    alphaRadWall = 5.0,
    alphaWinOut = 19.999999999999996,
    alphaRoofOut = 0.0,
    alphaRadRoof = 0.0,
    tiltExtWalls = {0.0, 0.0, 1.5707963267948966, 1.5707963267948966, 1.5707963267948966, 1.5707963267948966, 1.5707963267948966, 1.5707963267948966, 1.5707963267948966, 1.5707963267948966},
    aziExtWalls = {0.0, 0.0, -2.1285705597882605, 0.9907186294101068, -0.5645693937272233, 0.9937581960550274, -0.5880026035306984, -2.141669984849604, -0.5838141462641264, 2.563549343895883},
    wfWall = {0.15844848586397914, 0.0, 0.08113064978651492, 0.08103774789377242, 0.11212558904126231, 0.026624116656220536, 0.04705646522687067, 0.027268726363637256, 0.055755978260067174, 0.216902529037863},
    wfWin = {0.0, 0.0, 0.12522059593404275, 0.12507720708650816, 0.1730595418149376, 0.04109282697330928, 0.07262900807233166, 0.042087745810024994, 0.08605621726169901, 0.33477685704714644},
    wfGro = 0.19364971186981267,
    nrPeople = 0.0,
    ratioConvectiveHeatPeople = 0.5,
    nrPeopleMachines = 0.0,
    ratioConvectiveHeatMachines = 0.75,
    lightingPower = 7.0,
    ratioConvectiveHeatLighting = 0.9,
    useConstantACHrate = false,
    baseACH = 0.2,
    maxUserACH = 1.0,
    maxOverheatingACH = {3.0, 2.0},
    maxSummerACH = {1.0, 283.15, 290.15},
    winterReduction = {0.2, 273.15, 283.15},
    withAHU = false,
    minAHU = 0.0,
    maxAHU = 2.0,
    hHeat = 15906.338726767051,
    lHeat = 0,
    KRHeat = 10000,
    TNHeat = 1,
    HeaterOn = true,
    hCool = 0,
    lCool = 0.0,
    KRCool = 10000,
    TNCool = 1,
    CoolerOn = false);
end Inffeldgasse19_1_Floor;
