 
within Inffeldgasse.Inffeldgasse21B_1.Inffeldgasse21B_1_DataBase;
record Inffeldgasse21B_1_Meeting "Inffeldgasse21B_1_Meeting"
  extends AixLib.DataBase.ThermalZones.ZoneBaseRecord(
    T_start = 293.15,
    withAirCap = true,
    VAir = 177.50193417705597,
    AZone = 41.502758789062504,
    alphaRad = 4.999999999999999,
    lat = 0.88645272708792,
    nOrientations = 10,
    AWin = {0.0, 0.0, 0.157555158344761, 0.3041495873507106, 0.051141215666452966, 0.15788155877935273, 0.8190371556688352, 0.3044435665900358, 0.05209360068173142, 0.8203873744461857},
    ATransparent = {0.0, 0.0, 0.157555158344761, 0.3041495873507106, 0.051141215666452966, 0.15788155877935273, 0.8190371556688352, 0.3044435665900358, 0.05209360068173142, 0.8203873744461857},
    alphaWin = 2.699999999999999,
    RWin = 0.13432722226099097,
    gWin = 0.6699999999999998,
    UWin= 1.8936557576825381,
    ratioWinConRad = 0.029999999999999995,
    AExt = {13.834252929687501, 0.451533203125, 1.9715686030709283, 3.805979971442677, 0.6399562933396682, 1.9756530193200088, 10.249032515531642, 3.809658684626664, 0.6518739760984229, 10.265928496448215},
    alphaExt = 2.400227574764178,
    nExt = 1,
    RExt = {0.0005605803981040894},
    RExtRem = 0.038560938148407733 ,
    CExt = {19118829.536298},
    AInt = 432.263936421834,
    alphaInt = 2.315949837197974,
    nInt = 1,
    RInt = {0.00014357900385182016},
    CInt = {54093488.1954065},
    AFloor = 0.0,
    alphaFloor = 0.0,
    nFloor = 1,
    RFloor = {0.00001},
    RFloorRem =  0.00001,
    CFloor = {0.00001},
    ARoof = 0.0,
    alphaRoof = 0.0,
    nRoof = 1,
    RRoof = {0.00001},
    RRoofRem = 0.00001,
    CRoof = {0.00001},
    nOrientationsRoof = 1,
    tiltRoof = {0.0},
    aziRoof = {0.0},
    wfRoof = {0.0},
    aRoof = 0.0,
    aExt = 0.5,
    TSoil = 286.15,
    alphaWallOut = 20.0,
    alphaRadWall = 4.999999999999998,
    alphaWinOut = 20.0,
    alphaRoofOut = 0.0,
    alphaRadRoof = 0.0,
    tiltExtWalls = {0.0, 0.0, 1.5707963267948966, 1.5707963267948966, 1.5707963267948966, 1.5707963267948966, 1.5707963267948966, 1.5707963267948966, 1.5707963267948966, 1.5707963267948966},
    aziExtWalls = {0.0, 0.0, -0.5725465564657753, 0.997917125294039, 0.9960204647627956, 2.563015649196566, -0.5784224539566717, -2.1392458670029204, -2.1393208744862027, 2.562824616019017},
    wfWall = {0.27615475368753206, 0.0, 0.042115878616507445, 0.08130185794421055, 0.013670496440338105, 0.04220312832148734, 0.2189358304288435, 0.08138044117873783, 0.013925077325667664, 0.2192967557754334},
    wfWin = {0.0, 0.0, 0.05908268474224736, 0.11405513074097454, 0.019177793696507014, 0.0592050838701421, 0.3071363360549588, 0.11416537202345801, 0.01953493505704444, 0.3076426638146676},
    wfGro = 0.011015780281241987,
    nrPeople = 9.960662109375,
    ratioConvectiveHeatPeople = 0.5,
    nrPeopleMachines = 0.8300551757812501,
    ratioConvectiveHeatMachines = 0.75,
    lightingPower = 15.9,
    ratioConvectiveHeatLighting = 0.9,
    useConstantACHrate = false,
    baseACH = 0.2,
    maxUserACH = 1.0,
    maxOverheatingACH = {3.0, 2.0},
    maxSummerACH = {1.0, 283.15, 290.15},
    winterReduction = {0.2, 273.15, 283.15},
    withAHU = false,
    minAHU = 0.0,
    maxAHU = 12.0,
    hHeat = 1298.2046995524488,
    lHeat = 0,
    KRHeat = 10000,
    TNHeat = 1,
    HeaterOn = true,
    hCool = 0,
    lCool = 0.0,
    KRCool = 10000,
    TNCool = 1,
    CoolerOn = false);
end Inffeldgasse21B_1_Meeting;
