 
within Inffeldgasse.Inffeldgasse21B_1.Inffeldgasse21B_1_DataBase;
record Inffeldgasse21B_1_Restroom "Inffeldgasse21B_1_Restroom"
  extends AixLib.DataBase.ThermalZones.ZoneBaseRecord(
    T_start = 293.15,
    withAirCap = true,
    VAir = 260.92784324027224,
    AZone = 61.00905541992187,
    alphaRad = 5.0,
    lat = 0.88645272708792,
    nOrientations = 10,
    AWin = {0.0, 0.0, 0.23160608276679864, 0.44709989340554457, 0.07517758702968584, 0.2320858914056485, 1.2039846188331875, 0.44753204288735254, 0.07657759300214517, 1.205969440435893},
    ATransparent = {0.0, 0.0, 0.23160608276679864, 0.44709989340554457, 0.07517758702968584, 0.2320858914056485, 1.2039846188331875, 0.44753204288735254, 0.07657759300214517, 1.205969440435893},
    alphaWin = 2.7,
    RWin = 0.0913790627625789,
    gWin = 0.6700000000000003,
    UWin= 1.8936557576825386,
    ratioWinConRad = 0.030000000000000002,
    AExt = {20.33635180664062, 0.6637538085937499, 2.8982058465142644, 5.594790558020734, 0.9407357512093121, 2.9042099384004123, 15.06607779783151, 5.600198266401195, 0.9582547448646815, 15.090914889778873},
    alphaExt = 2.4002275747641786,
    nExt = 1,
    RExt = {0.00038134720959461866},
    RExtRem = 0.026231930713202543 ,
    CExt = {28104679.418358047},
    AInt = 896.3558297803681,
    alphaInt = 2.4277462659672966,
    nInt = 1,
    RInt = {8.105125534939852e-05},
    CInt = {94584729.72622463},
    AFloor = 0.0,
    alphaFloor = 0.0,
    nFloor = 1,
    RFloor = {0.00001},
    RFloorRem =  0.00001,
    CFloor = {0.00001},
    ARoof = 0.0,
    alphaRoof = 0.0,
    nRoof = 1,
    RRoof = {0.00001},
    RRoofRem = 0.00001,
    CRoof = {0.00001},
    nOrientationsRoof = 1,
    tiltRoof = {0.0},
    aziRoof = {0.0},
    wfRoof = {0.0},
    aRoof = 0.0,
    aExt = 0.5,
    TSoil = 286.15,
    alphaWallOut = 20.000000000000004,
    alphaRadWall = 5.000000000000001,
    alphaWinOut = 20.00000000000001,
    alphaRoofOut = 0.0,
    alphaRadRoof = 0.0,
    tiltExtWalls = {0.0, 0.0, 1.5707963267948966, 1.5707963267948966, 1.5707963267948966, 1.5707963267948966, 1.5707963267948966, 1.5707963267948966, 1.5707963267948966, 1.5707963267948966},
    aziExtWalls = {0.0, 0.0, -0.5725465564657753, 0.997917125294039, 0.9960204647627956, 2.563015649196566, -0.5784224539566717, -2.1392458670029204, -2.1393208744862027, 2.562824616019017},
    wfWall = {0.276154753687532, 0.0, 0.04211587861650745, 0.08130185794421055, 0.013670496440338104, 0.04220312832148734, 0.21893583042884346, 0.08138044117873784, 0.013925077325667666, 0.21929675577543342},
    wfWin = {0.0, 0.0, 0.05908268474224737, 0.11405513074097455, 0.019177793696507017, 0.05920508387014212, 0.3071363360549589, 0.11416537202345804, 0.019534935057044442, 0.30764266381466765},
    wfGro = 0.011015780281241987,
    nrPeople = 0.0,
    ratioConvectiveHeatPeople = 0.5,
    nrPeopleMachines = 0.0,
    ratioConvectiveHeatMachines = 0.75,
    lightingPower = 11.1,
    ratioConvectiveHeatLighting = 0.9,
    useConstantACHrate = false,
    baseACH = 0.2,
    maxUserACH = 1.0,
    maxOverheatingACH = {3.0, 2.0},
    maxSummerACH = {1.0, 283.15, 290.15},
    winterReduction = {0.2, 273.15, 283.15},
    withAHU = false,
    minAHU = 0.0,
    maxAHU = 8.0,
    hHeat = 1908.3609083420995,
    lHeat = 0,
    KRHeat = 10000,
    TNHeat = 1,
    HeaterOn = true,
    hCool = 0,
    lCool = 0.0,
    KRCool = 10000,
    TNCool = 1,
    CoolerOn = false);
end Inffeldgasse21B_1_Restroom;
