 
within Inffeldgasse.Inffeldgasse21B_1.Inffeldgasse21B_1_DataBase;
record Inffeldgasse21B_1_ICT "Inffeldgasse21B_1_ICT"
  extends AixLib.DataBase.ThermalZones.ZoneBaseRecord(
    T_start = 293.15,
    withAirCap = true,
    VAir = 325.7160492148977,
    AZone = 76.1575623779297,
    alphaRad = 5.0,
    lat = 0.88645272708792,
    nOrientations = 10,
    AWin = {0.0, 0.0, 0.28911371556263643, 0.558114492788554, 0.09384413074794119, 0.2897126603601123, 1.5029331806523125, 0.5586539446927157, 0.09559175725097716, 1.5054108321087507},
    ATransparent = {0.0, 0.0, 0.28911371556263643, 0.558114492788554, 0.09384413074794119, 0.2897126603601123, 1.5029331806523125, 0.5586539446927157, 0.09559175725097716, 1.5054108321087507},
    alphaWin = 2.7,
    RWin = 0.0732028459187962,
    gWin = 0.67,
    UWin= 1.8936557576825386,
    ratioWinConRad = 0.03,
    AExt = {25.385854125976564, 0.828563427734375, 3.6178283866351535, 6.983973247597312, 1.1743197982782911, 3.625323290452216, 18.80697466600056, 6.990723686289928, 1.196188746140606, 18.837978790982472},
    alphaExt = 2.4002275747641786,
    nExt = 1,
    RExt = {0.0003054934049613567},
    RExtRem = 0.021014135230739913 ,
    CExt = {35083052.19910682},
    AInt = 528.8028822227102,
    alphaInt = 2.315949837197974,
    nInt = 1,
    RInt = {0.0001173670331213789},
    CInt = {66174367.22571396},
    AFloor = 0.0,
    alphaFloor = 0.0,
    nFloor = 1,
    RFloor = {0.00001},
    RFloorRem =  0.00001,
    CFloor = {0.00001},
    ARoof = 0.0,
    alphaRoof = 0.0,
    nRoof = 1,
    RRoof = {0.00001},
    RRoofRem = 0.00001,
    CRoof = {0.00001},
    nOrientationsRoof = 1,
    tiltRoof = {0.0},
    aziRoof = {0.0},
    wfRoof = {0.0},
    aRoof = 0.0,
    aExt = 0.5,
    TSoil = 286.15,
    alphaWallOut = 20.0,
    alphaRadWall = 4.999999999999999,
    alphaWinOut = 20.0,
    alphaRoofOut = 0.0,
    alphaRadRoof = 0.0,
    tiltExtWalls = {0.0, 0.0, 1.5707963267948966, 1.5707963267948966, 1.5707963267948966, 1.5707963267948966, 1.5707963267948966, 1.5707963267948966, 1.5707963267948966, 1.5707963267948966},
    aziExtWalls = {0.0, 0.0, -0.5725465564657753, 0.997917125294039, 0.9960204647627956, 2.563015649196566, -0.5784224539566717, -2.1392458670029204, -2.1393208744862027, 2.562824616019017},
    wfWall = {0.2761547536875321, 0.0, 0.04211587861650744, 0.08130185794421058, 0.01367049644033811, 0.04220312832148734, 0.2189358304288435, 0.08138044117873786, 0.013925077325667667, 0.21929675577543342},
    wfWin = {0.0, 0.0, 0.05908268474224737, 0.11405513074097452, 0.01917779369650702, 0.05920508387014211, 0.30713633605495877, 0.11416537202345801, 0.019534935057044445, 0.3076426638146676},
    wfGro = 0.011015780281241987,
    nrPeople = 2.2847268713378908,
    ratioConvectiveHeatPeople = 0.5,
    nrPeopleMachines = 114.23634356689455,
    ratioConvectiveHeatMachines = 0.75,
    lightingPower = 7.1,
    ratioConvectiveHeatLighting = 0.9,
    useConstantACHrate = false,
    baseACH = 0.2,
    maxUserACH = 1.0,
    maxOverheatingACH = {3.0, 2.0},
    maxSummerACH = {1.0, 283.15, 290.15},
    winterReduction = {0.2, 273.15, 283.15},
    withAHU = false,
    minAHU = 0.0,
    maxAHU = 130.0,
    hHeat = 2382.2056236787435,
    lHeat = 0,
    KRHeat = 10000,
    TNHeat = 1,
    HeaterOn = true,
    hCool = 0,
    lCool = 0.0,
    KRCool = 10000,
    TNCool = 1,
    CoolerOn = false);
end Inffeldgasse21B_1_ICT;
