 
within Inffeldgasse.Inffeldgasse21B_1.Inffeldgasse21B_1_DataBase;
record Inffeldgasse21B_1_Office "Inffeldgasse21B_1_Office"
  extends AixLib.DataBase.ThermalZones.ZoneBaseRecord(
    T_start = 293.15,
    withAirCap = true,
    VAir = 2911.0317205037177,
    AZone = 680.645244140625,
    alphaRad = 5.0,
    lat = 0.88645272708792,
    nOrientations = 10,
    AWin = {0.0, 0.0, 2.58390459685408, 4.988053232551653, 0.8387159369298285, 2.5892575639813846, 13.432209352968895, 4.992874492076586, 0.8543350511803951, 13.454352940917444},
    ATransparent = {0.0, 0.0, 2.58390459685408, 4.988053232551653, 0.8387159369298285, 2.5892575639813846, 13.432209352968895, 4.992874492076586, 0.8543350511803951, 13.454352940917444},
    alphaWin = 2.7000000000000006,
    RWin = 0.00819068428420677,
    gWin = 0.67,
    UWin= 1.8936557576825384,
    ratioWinConRad = 0.029999999999999992,
    AExt = {226.88174804687497, 7.4051445312499995, 32.333725090363224, 62.4180715316599, 10.495283210770557, 32.40070951684814, 168.0841332547189, 62.478402427877285, 10.690733208014134, 168.3612273417507},
    alphaExt = 2.4002275747641777,
    nExt = 1,
    RExt = {3.418173159171276e-05},
    RExtRem = 0.002351276716366325 ,
    CExt = {313548804.39528716},
    AInt = 16541.29996707551,
    alphaInt = 2.3159498371979743,
    nInt = 1,
    RInt = {3.7520645605876353e-06},
    CInt = {2069977481.6108887},
    AFloor = 0.0,
    alphaFloor = 0.0,
    nFloor = 1,
    RFloor = {0.00001},
    RFloorRem =  0.00001,
    CFloor = {0.00001},
    ARoof = 0.0,
    alphaRoof = 0.0,
    nRoof = 1,
    RRoof = {0.00001},
    RRoofRem = 0.00001,
    CRoof = {0.00001},
    nOrientationsRoof = 1,
    tiltRoof = {0.0},
    aziRoof = {0.0},
    wfRoof = {0.0},
    aRoof = 0.0,
    aExt = 0.5,
    TSoil = 286.15,
    alphaWallOut = 20.0,
    alphaRadWall = 5.0,
    alphaWinOut = 20.0,
    alphaRoofOut = 0.0,
    alphaRadRoof = 0.0,
    tiltExtWalls = {0.0, 0.0, 1.5707963267948966, 1.5707963267948966, 1.5707963267948966, 1.5707963267948966, 1.5707963267948966, 1.5707963267948966, 1.5707963267948966, 1.5707963267948966},
    aziExtWalls = {0.0, 0.0, -0.5725465564657753, 0.997917125294039, 0.9960204647627956, 2.563015649196566, -0.5784224539566717, -2.1392458670029204, -2.1393208744862027, 2.562824616019017},
    wfWall = {0.27615475368753206, 0.0, 0.04211587861650745, 0.08130185794421059, 0.013670496440338107, 0.04220312832148735, 0.2189358304288435, 0.08138044117873783, 0.013925077325667664, 0.21929675577543348},
    wfWin = {0.0, 0.0, 0.05908268474224736, 0.11405513074097452, 0.019177793696507017, 0.059205083870142096, 0.3071363360549589, 0.11416537202345804, 0.019534935057044442, 0.3076426638146676},
    wfGro = 0.01101578028124199,
    nrPeople = 34.03226220703125,
    ratioConvectiveHeatPeople = 0.5,
    nrPeopleMachines = 47.64516708984375,
    ratioConvectiveHeatMachines = 0.75,
    lightingPower = 12.5,
    ratioConvectiveHeatLighting = 0.9,
    useConstantACHrate = false,
    baseACH = 0.2,
    maxUserACH = 1.0,
    maxOverheatingACH = {3.0, 2.0},
    maxSummerACH = {1.0, 283.15, 290.15},
    winterReduction = {0.2, 273.15, 283.15},
    withAHU = false,
    minAHU = 0.0,
    maxAHU = 2.6,
    hHeat = 21290.557072660155,
    lHeat = 0,
    KRHeat = 10000,
    TNHeat = 1,
    HeaterOn = true,
    hCool = 0,
    lCool = 0.0,
    KRCool = 10000,
    TNCool = 1,
    CoolerOn = false);
end Inffeldgasse21B_1_Office;
