 
within Inffeldgasse.Inffeldgasse21B_1.Inffeldgasse21B_1_DataBase;
record Inffeldgasse21B_1_Storage "Inffeldgasse21B_1_Storage"
  extends AixLib.DataBase.ThermalZones.ZoneBaseRecord(
    T_start = 293.15,
    withAirCap = true,
    VAir = 202.35220496184377,
    AZone = 47.31314501953125,
    alphaRad = 5.0,
    lat = 0.88645272708792,
    nOrientations = 10,
    AWin = {0.0, 0.0, 0.1796128805130275, 0.34673052957981004, 0.05830098585975637, 0.1799849770084621, 0.9337023574624719, 0.3470656659126407, 0.05938670477717381, 0.9352416068686517},
    ATransparent = {0.0, 0.0, 0.1796128805130275, 0.34673052957981004, 0.05830098585975637, 0.1799849770084621, 0.9337023574624719, 0.3470656659126407, 0.05938670477717381, 0.9352416068686517},
    alphaWin = 2.7,
    RWin = 0.11783089672016756,
    gWin = 0.67,
    UWin= 1.8936557576825381,
    ratioWinConRad = 0.03,
    AExt = {15.771048339843748, 0.5147478515624999, 2.247588207500858, 4.338817167444652, 0.7295501744072217, 2.25224444202481, 11.68389706770607, 4.343010900474396, 0.743136332752202, 11.703158485950963},
    alphaExt = 2.4002275747641777,
    nExt = 1,
    RExt = {0.0004917371913193764},
    RExtRem = 0.03382538434070855 ,
    CExt = {21795465.671379723},
    AInt = 821.3014792014844,
    alphaInt = 2.315949837197974,
    nInt = 1,
    RInt = {7.556789676411594e-05},
    CInt = {102777627.5712723},
    AFloor = 0.0,
    alphaFloor = 0.0,
    nFloor = 1,
    RFloor = {0.00001},
    RFloorRem =  0.00001,
    CFloor = {0.00001},
    ARoof = 0.0,
    alphaRoof = 0.0,
    nRoof = 1,
    RRoof = {0.00001},
    RRoofRem = 0.00001,
    CRoof = {0.00001},
    nOrientationsRoof = 1,
    tiltRoof = {0.0},
    aziRoof = {0.0},
    wfRoof = {0.0},
    aRoof = 0.0,
    aExt = 0.5,
    TSoil = 286.15,
    alphaWallOut = 19.999999999999996,
    alphaRadWall = 5.0,
    alphaWinOut = 20.0,
    alphaRoofOut = 0.0,
    alphaRadRoof = 0.0,
    tiltExtWalls = {0.0, 0.0, 1.5707963267948966, 1.5707963267948966, 1.5707963267948966, 1.5707963267948966, 1.5707963267948966, 1.5707963267948966, 1.5707963267948966, 1.5707963267948966},
    aziExtWalls = {0.0, 0.0, -0.5725465564657753, 0.997917125294039, 0.9960204647627956, 2.563015649196566, -0.5784224539566717, -2.1392458670029204, -2.1393208744862027, 2.562824616019017},
    wfWall = {0.27615475368753206, 0.0, 0.04211587861650745, 0.08130185794421058, 0.013670496440338109, 0.04220312832148734, 0.2189358304288435, 0.08138044117873783, 0.013925077325667664, 0.21929675577543345},
    wfWin = {0.0, 0.0, 0.059082684742247364, 0.11405513074097456, 0.019177793696507017, 0.05920508387014211, 0.3071363360549589, 0.11416537202345803, 0.019534935057044445, 0.3076426638146676},
    wfGro = 0.011015780281241989,
    nrPeople = 0.0,
    ratioConvectiveHeatPeople = 0.5,
    nrPeopleMachines = 0.0,
    ratioConvectiveHeatMachines = 0.75,
    lightingPower = 11.3,
    ratioConvectiveHeatLighting = 0.9,
    useConstantACHrate = false,
    baseACH = 0.2,
    maxUserACH = 1.0,
    maxOverheatingACH = {3.0, 2.0},
    maxSummerACH = {1.0, 283.15, 290.15},
    winterReduction = {0.2, 273.15, 283.15},
    withAHU = false,
    minAHU = 0.0,
    maxAHU = 0.5,
    hHeat = 1479.9533574897914,
    lHeat = 0,
    KRHeat = 10000,
    TNHeat = 1,
    HeaterOn = true,
    hCool = 0,
    lCool = 0.0,
    KRCool = 10000,
    TNCool = 1,
    CoolerOn = false);
end Inffeldgasse21B_1_Storage;
