 
within Inffeldgasse.Inffeldgasse21B_1.Inffeldgasse21B_1_DataBase;
record Inffeldgasse21B_1_Storage "Inffeldgasse21B_1_Storage"
  extends AixLib.DataBase.ThermalZones.ZoneBaseRecord(
    T_start = 293.15,
    withAirCap = true,
    VAir = 7987.587037967518,
    AZone = 1867.6241455078125,
    alphaRad = 4.999999999999999,
    lat = 0.88645272708792,
    nOrientations = 10,
    AWin = {0.0, 0.0, 7.089982125514244, 13.686731430781977, 2.3013547049903833, 7.104670145070872, 36.85667200509758, 13.699960496551608, 2.3442120306779137, 36.91743185007835},
    ATransparent = {0.0, 0.0, 7.089982125514244, 13.686731430781977, 2.3013547049903833, 7.104670145070872, 36.85667200509758, 13.699960496551608, 2.3442120306779137, 36.91743185007835},
    alphaWin = 2.7000000000000006,
    RWin = 0.0029850493835775773,
    gWin = 0.67,
    UWin= 1.8936557576825381,
    ratioWinConRad = 0.029999999999999995,
    AExt = {622.5413818359375, 20.318994140624998, 88.72058713819177, 171.26909871492046, 28.798033200285065, 88.90438586940039, 461.2064631989238, 171.43464080819987, 29.334328924429027, 461.96678234016963},
    alphaExt = 2.4002275747641786,
    nExt = 1,
    RExt = {1.2457342180090872e-05},
    RExtRem = 0.0008569097366312832 ,
    CExt = {860347329.1334099},
    AInt = 25935.836185310036,
    alphaInt = 2.315949837197974,
    nInt = 1,
    RInt = {2.3929833975303375e-06},
    CInt = {3245609291.7243905},
    AFloor = 0.0,
    alphaFloor = 0.0,
    nFloor = 1,
    RFloor = {0.00001},
    RFloorRem =  0.00001,
    CFloor = {0.00001},
    ARoof = 0.0,
    alphaRoof = 0.0,
    nRoof = 1,
    RRoof = {0.00001},
    RRoofRem = 0.00001,
    CRoof = {0.00001},
    nOrientationsRoof = 1,
    tiltRoof = {0.0},
    aziRoof = {0.0},
    wfRoof = {0.0},
    aRoof = 0.0,
    aExt = 0.5,
    TSoil = 286.15,
    alphaWallOut = 20.0,
    alphaRadWall = 5.0,
    alphaWinOut = 19.999999999999996,
    alphaRoofOut = 0.0,
    alphaRadRoof = 0.0,
    tiltExtWalls = {0.0, 0.0, 1.5707963267948966, 1.5707963267948966, 1.5707963267948966, 1.5707963267948966, 1.5707963267948966, 1.5707963267948966, 1.5707963267948966, 1.5707963267948966},
    aziExtWalls = {0.0, 0.0, -0.5725465564657753, 0.997917125294039, 0.9960204647627956, 2.563015649196566, -0.5784224539566717, -2.1392458670029204, -2.1393208744862027, 2.562824616019017},
    wfWall = {0.2761547536875321, 0.0, 0.04211587861650745, 0.08130185794421056, 0.01367049644033811, 0.04220312832148735, 0.2189358304288435, 0.08138044117873786, 0.013925077325667667, 0.2192967557754335},
    wfWin = {0.0, 0.0, 0.05908268474224738, 0.11405513074097454, 0.01917779369650702, 0.05920508387014212, 0.3071363360549589, 0.11416537202345803, 0.019534935057044442, 0.30764266381466765},
    wfGro = 0.011015780281241989,
    nrPeople = 0.0,
    ratioConvectiveHeatPeople = 0.5,
    nrPeopleMachines = 0.0,
    ratioConvectiveHeatMachines = 0.75,
    lightingPower = 11.3,
    ratioConvectiveHeatLighting = 0.9,
    useConstantACHrate = false,
    baseACH = 0.2,
    maxUserACH = 1.0,
    maxOverheatingACH = {3.0, 2.0},
    maxSummerACH = {1.0, 283.15, 290.15},
    winterReduction = {0.2, 273.15, 283.15},
    withAHU = false,
    minAHU = 0.0,
    maxAHU = 0.5,
    hHeat = 58419.21147986019,
    lHeat = 0,
    KRHeat = 10000,
    TNHeat = 1,
    HeaterOn = true,
    hCool = 0,
    lCool = 0.0,
    KRCool = 10000,
    TNCool = 1,
    CoolerOn = false);
end Inffeldgasse21B_1_Storage;
