 
within Inffeldgasse.Inffeldgasse21B_1.Inffeldgasse21B_1_DataBase;
record Inffeldgasse21B_1_Meeting "Inffeldgasse21B_1_Meeting"
  extends AixLib.DataBase.ThermalZones.ZoneBaseRecord(
    T_start = 293.15,
    withAirCap = true,
    VAir = 497.8929253666419,
    AZone = 116.4152384033203,
    alphaRad = 5.0,
    lat = 0.88645272708792,
    nOrientations = 10,
    AWin = {0.0, 0.0, 0.4419422191570545, 0.8531395925187432, 0.14345110994440055, 0.44285777237608437, 2.2973992216510823, 0.8539642042850502, 0.1461225499122566, 2.3011865853215507},
    ATransparent = {0.0, 0.0, 0.4419422191570545, 0.8531395925187432, 0.14345110994440055, 0.44285777237608437, 2.2973992216510823, 0.8539642042850502, 0.1461225499122566, 2.3011865853215507},
    alphaWin = 2.7000000000000006,
    RWin = 0.047888492784667024,
    gWin = 0.67,
    UWin= 1.8936557576825384,
    ratioWinConRad = 0.030000000000000002,
    AExt = {38.80507946777343, 1.2665506347656248, 5.5302499316139535, 10.675773819896706, 1.795077402817769, 5.541706719192623, 28.748536206066248, 10.686092610377791, 1.8285065029560759, 28.795929432537235},
    alphaExt = 2.400227574764178,
    nExt = 1,
    RExt = {0.00019985040930627082},
    RExtRem = 0.013747215026170318 ,
    CExt = {53628316.84931586},
    AInt = 1616.6671222176587,
    alphaInt = 2.3159498371979743,
    nInt = 1,
    RInt = {3.83901079817701e-05},
    CInt = {202309645.85082024},
    AFloor = 0.0,
    alphaFloor = 0.0,
    nFloor = 1,
    RFloor = {0.00001},
    RFloorRem =  0.00001,
    CFloor = {0.00001},
    ARoof = 0.0,
    alphaRoof = 0.0,
    nRoof = 1,
    RRoof = {0.00001},
    RRoofRem = 0.00001,
    CRoof = {0.00001},
    nOrientationsRoof = 1,
    tiltRoof = {0.0},
    aziRoof = {0.0},
    wfRoof = {0.0},
    aRoof = 0.0,
    aExt = 0.5,
    TSoil = 286.15,
    alphaWallOut = 20.0,
    alphaRadWall = 5.0,
    alphaWinOut = 20.0,
    alphaRoofOut = 0.0,
    alphaRadRoof = 0.0,
    tiltExtWalls = {0.0, 0.0, 1.5707963267948966, 1.5707963267948966, 1.5707963267948966, 1.5707963267948966, 1.5707963267948966, 1.5707963267948966, 1.5707963267948966, 1.5707963267948966},
    aziExtWalls = {0.0, 0.0, -0.5725465564657753, 0.997917125294039, 0.9960204647627956, 2.563015649196566, -0.5784224539566717, -2.1392458670029204, -2.1393208744862027, 2.562824616019017},
    wfWall = {0.2761547536875321, 0.0, 0.04211587861650746, 0.08130185794421058, 0.013670496440338112, 0.04220312832148735, 0.21893583042884354, 0.08138044117873788, 0.013925077325667673, 0.2192967557754335},
    wfWin = {0.0, 0.0, 0.05908268474224736, 0.11405513074097456, 0.01917779369650702, 0.0592050838701421, 0.3071363360549589, 0.11416537202345804, 0.019534935057044442, 0.3076426638146677},
    wfGro = 0.011015780281241993,
    nrPeople = 27.939657216796874,
    ratioConvectiveHeatPeople = 0.5,
    nrPeopleMachines = 2.328304768066406,
    ratioConvectiveHeatMachines = 0.75,
    lightingPower = 15.9,
    ratioConvectiveHeatLighting = 0.9,
    useConstantACHrate = false,
    baseACH = 0.2,
    maxUserACH = 1.0,
    maxOverheatingACH = {3.0, 2.0},
    maxSummerACH = {1.0, 283.15, 290.15},
    winterReduction = {0.2, 273.15, 283.15},
    withAHU = false,
    minAHU = 0.0,
    maxAHU = 12.0,
    hHeat = 3641.4641822446174,
    lHeat = 0,
    KRHeat = 10000,
    TNHeat = 1,
    HeaterOn = true,
    hCool = 0,
    lCool = 0.0,
    KRCool = 10000,
    TNCool = 1,
    CoolerOn = false);
end Inffeldgasse21B_1_Meeting;
