 
within Inffeldgasse.Inffeldgasse21B_1.Inffeldgasse21B_1_DataBase;
record Inffeldgasse21B_1_Floor "Inffeldgasse21B_1_Floor"
  extends AixLib.DataBase.ThermalZones.ZoneBaseRecord(
    T_start = 293.15,
    withAirCap = true,
    VAir = 2390.0635436940584,
    AZone = 558.8346470947265,
    alphaRad = 5.0,
    lat = 0.88645272708792,
    nOrientations = 10,
    AWin = {0.0, 0.0, 2.1214802071122065, 4.095374193677317, 0.688616468948789, 2.125875188963984, 11.028335301080864, 4.0993326241348305, 0.7014403331795134, 11.046515996917888},
    ATransparent = {0.0, 0.0, 2.1214802071122065, 4.095374193677317, 0.688616468948789, 2.125875188963984, 11.028335301080864, 4.0993326241348305, 0.7014403331795134, 11.046515996917888},
    alphaWin = 2.6999999999999997,
    RWin = 0.009976028389230673,
    gWin = 0.6699999999999999,
    UWin= 1.8936557576825377,
    ratioWinConRad = 0.03,
    AExt = {186.27821569824215, 6.079894580078124, 26.547171240350046, 51.24752031547563, 8.617011489818632, 26.60216790514391, 138.00322282163353, 51.297054188498024, 8.777483088165262, 138.2307272046752},
    alphaExt = 2.400227574764178,
    nExt = 1,
    RExt = {4.1632409810923813e-05},
    RExtRem = 0.0028637904306281275 ,
    CExt = {257435039.7062525},
    AInt = 20006.09021076919,
    alphaInt = 2.476534188856588,
    nInt = 1,
    RInt = {3.922919596581774e-06},
    CInt = {1939791767.783411},
    AFloor = 0.0,
    alphaFloor = 0.0,
    nFloor = 1,
    RFloor = {0.00001},
    RFloorRem =  0.00001,
    CFloor = {0.00001},
    ARoof = 0.0,
    alphaRoof = 0.0,
    nRoof = 1,
    RRoof = {0.00001},
    RRoofRem = 0.00001,
    CRoof = {0.00001},
    nOrientationsRoof = 1,
    tiltRoof = {0.0},
    aziRoof = {0.0},
    wfRoof = {0.0},
    aRoof = 0.0,
    aExt = 0.5,
    TSoil = 286.15,
    alphaWallOut = 20.0,
    alphaRadWall = 4.999999999999999,
    alphaWinOut = 19.999999999999996,
    alphaRoofOut = 0.0,
    alphaRadRoof = 0.0,
    tiltExtWalls = {0.0, 0.0, 1.5707963267948966, 1.5707963267948966, 1.5707963267948966, 1.5707963267948966, 1.5707963267948966, 1.5707963267948966, 1.5707963267948966, 1.5707963267948966},
    aziExtWalls = {0.0, 0.0, -0.5725465564657753, 0.997917125294039, 0.9960204647627956, 2.563015649196566, -0.5784224539566717, -2.1392458670029204, -2.1393208744862027, 2.562824616019017},
    wfWall = {0.27615475368753206, 0.0, 0.04211587861650746, 0.08130185794421056, 0.01367049644033811, 0.04220312832148734, 0.2189358304288435, 0.08138044117873783, 0.013925077325667666, 0.21929675577543345},
    wfWin = {0.0, 0.0, 0.059082684742247385, 0.11405513074097458, 0.01917779369650702, 0.05920508387014211, 0.30713633605495894, 0.11416537202345804, 0.019534935057044445, 0.3076426638146677},
    wfGro = 0.011015780281241989,
    nrPeople = 0.0,
    ratioConvectiveHeatPeople = 0.5,
    nrPeopleMachines = 0.0,
    ratioConvectiveHeatMachines = 0.75,
    lightingPower = 7.0,
    ratioConvectiveHeatLighting = 0.9,
    useConstantACHrate = false,
    baseACH = 0.2,
    maxUserACH = 1.0,
    maxOverheatingACH = {3.0, 2.0},
    maxSummerACH = {1.0, 283.15, 290.15},
    winterReduction = {0.2, 273.15, 283.15},
    withAHU = false,
    minAHU = 0.0,
    maxAHU = 2.0,
    hHeat = 17480.32627947372,
    lHeat = 0,
    KRHeat = 10000,
    TNHeat = 1,
    HeaterOn = true,
    hCool = 0,
    lCool = 0.0,
    KRCool = 10000,
    TNCool = 1,
    CoolerOn = false);
end Inffeldgasse21B_1_Floor;
