 
within Inffeldgasse.Inffeldgasse21B_1.Inffeldgasse21B_1_DataBase;
record Inffeldgasse21B_1_Laboratory "Inffeldgasse21B_1_Laboratory"
  extends AixLib.DataBase.ThermalZones.ZoneBaseRecord(
    T_start = 293.15,
    withAirCap = true,
    VAir = 2287.112421871366,
    AZone = 534.7630469970703,
    alphaRad = 5.000000000000001,
    lat = 0.88645272708792,
    nOrientations = 10,
    AWin = {0.0, 0.0, 2.030098215272245, 3.918967433013906, 0.6589545638622464, 2.0343038848719597, 10.553293750792939, 3.9227553555126105, 0.6712260447841093, 10.570691319739103},
    ATransparent = {0.0, 0.0, 2.030098215272245, 3.918967433013906, 0.6589545638622464, 2.0343038848719597, 10.553293750792939, 3.9227553555126105, 0.6712260447841093, 10.570691319739103},
    alphaWin = 2.7000000000000006,
    RWin = 0.010425085158012498,
    gWin = 0.6699999999999999,
    UWin= 1.8936557576825384,
    ratioWinConRad = 0.03,
    AExt = {178.25434899902342, 5.818005322265625, 25.40366145056891, 49.04005193203889, 8.245836839681624, 25.45628915393831, 132.05878396262517, 49.08745215141456, 8.399396182028179, 132.27648867673523},
    alphaExt = 2.400227574764179,
    nExt = 1,
    RExt = {4.350643369065498e-05},
    RExtRem = 0.0029926998951034334 ,
    CExt = {246346118.57519966},
    AInt = 1856.5736069317768,
    alphaInt = 2.315949837197974,
    nInt = 1,
    RInt = {3.342933733453322e-05},
    CInt = {232331531.79927093},
    AFloor = 0.0,
    alphaFloor = 0.0,
    nFloor = 1,
    RFloor = {0.00001},
    RFloorRem =  0.00001,
    CFloor = {0.00001},
    ARoof = 0.0,
    alphaRoof = 0.0,
    nRoof = 1,
    RRoof = {0.00001},
    RRoofRem = 0.00001,
    CRoof = {0.00001},
    nOrientationsRoof = 1,
    tiltRoof = {0.0},
    aziRoof = {0.0},
    wfRoof = {0.0},
    aRoof = 0.0,
    aExt = 0.5,
    TSoil = 286.15,
    alphaWallOut = 20.000000000000004,
    alphaRadWall = 5.0,
    alphaWinOut = 19.999999999999996,
    alphaRoofOut = 0.0,
    alphaRadRoof = 0.0,
    tiltExtWalls = {0.0, 0.0, 1.5707963267948966, 1.5707963267948966, 1.5707963267948966, 1.5707963267948966, 1.5707963267948966, 1.5707963267948966, 1.5707963267948966, 1.5707963267948966},
    aziExtWalls = {0.0, 0.0, -0.5725465564657753, 0.997917125294039, 0.9960204647627956, 2.563015649196566, -0.5784224539566717, -2.1392458670029204, -2.1393208744862027, 2.562824616019017},
    wfWall = {0.27615475368753206, 0.0, 0.04211587861650746, 0.08130185794421055, 0.013670496440338107, 0.04220312832148734, 0.21893583042884343, 0.08138044117873784, 0.013925077325667664, 0.2192967557754334},
    wfWin = {0.0, 0.0, 0.05908268474224735, 0.11405513074097456, 0.019177793696507017, 0.05920508387014209, 0.3071363360549589, 0.11416537202345801, 0.019534935057044442, 0.30764266381466765},
    wfGro = 0.011015780281241989,
    nrPeople = 32.08578281982422,
    ratioConvectiveHeatPeople = 0.5,
    nrPeopleMachines = 96.25734845947265,
    ratioConvectiveHeatMachines = 0.75,
    lightingPower = 14.0,
    ratioConvectiveHeatLighting = 0.9,
    useConstantACHrate = false,
    baseACH = 0.2,
    maxUserACH = 1.0,
    maxOverheatingACH = {3.0, 2.0},
    maxSummerACH = {1.0, 283.15, 290.15},
    winterReduction = {0.2, 273.15, 283.15},
    withAHU = false,
    minAHU = 24.0,
    maxAHU = 48.0,
    hHeat = 16727.367553733304,
    lHeat = 0,
    KRHeat = 10000,
    TNHeat = 1,
    HeaterOn = true,
    hCool = 0,
    lCool = 0.0,
    KRCool = 10000,
    TNCool = 1,
    CoolerOn = false);
end Inffeldgasse21B_1_Laboratory;
