 
within Inffeldgasse.Inffeldgasse25E_6.Inffeldgasse25E_6_DataBase;
record Inffeldgasse25E_6_ICT "Inffeldgasse25E_6_ICT"
  extends AixLib.DataBase.ThermalZones.ZoneBaseRecord(
    T_start = 293.15,
    withAirCap = true,
    VAir = 7.429977086010578,
    AZone = 1.6157676757812502,
    alphaRad = 5.0,
    lat = 0.88645272708792,
    nOrientations = 9,
    AWin = {0.17348969483112608, 0.04778002509134842, 0.008799285383686368, 0.11060484058214858, 0.031362536835990384, 0.0, 0.0, 0.04102842732632951, 0.015294951471934687},
    ATransparent = {0.17348969483112608, 0.04778002509134842, 0.008799285383686368, 0.11060484058214858, 0.031362536835990384, 0.0, 0.0, 0.04102842732632951, 0.015294951471934687},
    alphaWin = 2.7,
    RWin = 0.3811406224107931,
    gWin = 0.78,
    UWin= 3.0017821341055915,
    ratioWinConRad = 0.03,
    AExt = {2.170965640724632, 0.5978959896566033, 0.11010997655802132, 1.384055167284724, 0.3924555285152311, 1.6157676757812502, 1.6157676757812502, 0.5134097797862315, 0.19139358193258812},
    alphaExt = 2.3238823707410923,
    nExt = 1,
    RExt = {0.003413389592841703},
    RExtRem = 0.09341236068075738 ,
    CExt = {2987877.592537924},
    AInt = 7.429977086010579,
    alphaInt = 2.7,
    nInt = 1,
    RInt = {0.00277783757815642},
    CInt = {827280.3893234151},
    AFloor = 0.0,
    alphaFloor = 0.0,
    nFloor = 1,
    RFloor = {0.00001},
    RFloorRem =  0.00001,
    CFloor = {0.00001},
    ARoof = 0.0,
    alphaRoof = 0.0,
    nRoof = 1,
    RRoof = {0.00001},
    RRoofRem = 0.00001,
    CRoof = {0.00001},
    nOrientationsRoof = 1,
    tiltRoof = {0.0},
    aziRoof = {0.0},
    wfRoof = {0.0},
    aRoof = 0.0,
    aExt = 0.5,
    TSoil = 286.15,
    alphaWallOut = 20.000000000000004,
    alphaRadWall = 5.0,
    alphaWinOut = 19.999999999999996,
    alphaRoofOut = 0.0,
    alphaRadRoof = 0.0,
    tiltExtWalls = {1.5707963267948966, 1.5707963267948966, 1.5707963267948966, 1.5707963267948966, 1.5707963267948966, 0.0, 0.0, 1.5707963267948966, 1.5707963267948966},
    aziExtWalls = {2.6127470282317216, -0.5377050053476697, -2.0235747981446024, -0.5381104009095241, -2.1182498083467545, 0.0, 0.0, 1.048256008961759, -0.49279022056663657},
    wfWall = {0.24053202806640842, 0.06624385585249185, 0.012199629268662825, 0.15334632206876717, 0.04348209037897725, 0.15446593472971898, 0.0, 0.0568832105145114, 0.021205442203946434},
    wfWin = {0.40500931790248795, 0.11154181457548407, 0.020541811285939054, 0.2582054864094008, 0.07321541296156117, 0.0, 0.0, 0.09578030200712098, 0.03570585485800589},
    wfGro = 0.2516414869165158,
    nrPeople = 0.04847303027343751,
    ratioConvectiveHeatPeople = 0.5,
    nrPeopleMachines = 2.4236515136718753,
    ratioConvectiveHeatMachines = 0.75,
    lightingPower = 7.1,
    ratioConvectiveHeatLighting = 0.9,
    useConstantACHrate = false,
    baseACH = 0.2,
    maxUserACH = 1.0,
    maxOverheatingACH = {3.0, 2.0},
    maxSummerACH = {1.0, 283.15, 290.15},
    winterReduction = {0.2, 273.15, 283.15},
    withAHU = false,
    minAHU = 0.0,
    maxAHU = 130.0,
    hHeat = 278.01023222647126,
    lHeat = 0,
    KRHeat = 10000,
    TNHeat = 1,
    HeaterOn = true,
    hCool = 0,
    lCool = 0.0,
    KRCool = 10000,
    TNCool = 1,
    CoolerOn = false);
end Inffeldgasse25E_6_ICT;
