 
within Inffeldgasse.Inffeldgasse25E_6.Inffeldgasse25E_6_DataBase;
record Inffeldgasse25E_6_Storage "Inffeldgasse25E_6_Storage"
  extends AixLib.DataBase.ThermalZones.ZoneBaseRecord(
    T_start = 293.15,
    withAirCap = true,
    VAir = 4.615898571145535,
    AZone = 1.003801171875,
    alphaRad = 5.0,
    lat = 0.88645272708792,
    nOrientations = 9,
    AWin = {0.1077810638187922, 0.029683503326505278, 0.005466586014933219, 0.06871363393114406, 0.019484082829988574, 0.0, 0.0, 0.02548905021908209, 0.009502040696460785},
    ATransparent = {0.1077810638187922, 0.029683503326505278, 0.005466586014933219, 0.06871363393114406, 0.019484082829988574, 0.0, 0.0, 0.02548905021908209, 0.009502040696460785},
    alphaWin = 2.7000000000000006,
    RWin = 0.6135026685296541,
    gWin = 0.78,
    UWin= 3.0017821341055915,
    ratioWinConRad = 0.03,
    AExt = {1.3487197985973187, 0.3714449200046472, 0.06840619797065084, 0.8598489867599919, 0.24381433379147865, 1.003801171875, 1.003801171875, 0.31895757436310834, 0.11890391466111738},
    alphaExt = 2.323882370741093,
    nExt = 1,
    RExt = {0.005494359563916252},
    RExtRem = 0.15036112442911387 ,
    CExt = {1856229.1310589826},
    AInt = 11.53974642786384,
    alphaInt = 2.7,
    nInt = 1,
    RInt = {0.0017885375283919404},
    CInt = {1284876.898949173},
    AFloor = 0.0,
    alphaFloor = 0.0,
    nFloor = 1,
    RFloor = {0.00001},
    RFloorRem =  0.00001,
    CFloor = {0.00001},
    ARoof = 0.0,
    alphaRoof = 0.0,
    nRoof = 1,
    RRoof = {0.00001},
    RRoofRem = 0.00001,
    CRoof = {0.00001},
    nOrientationsRoof = 1,
    tiltRoof = {0.0},
    aziRoof = {0.0},
    wfRoof = {0.0},
    aRoof = 0.0,
    aExt = 0.5,
    TSoil = 286.15,
    alphaWallOut = 20.000000000000004,
    alphaRadWall = 5.0,
    alphaWinOut = 20.0,
    alphaRoofOut = 0.0,
    alphaRadRoof = 0.0,
    tiltExtWalls = {1.5707963267948966, 1.5707963267948966, 1.5707963267948966, 1.5707963267948966, 1.5707963267948966, 0.0, 0.0, 1.5707963267948966, 1.5707963267948966},
    aziExtWalls = {2.6127470282317216, -0.5377050053476697, -2.0235747981446024, -0.5381104009095241, -2.1182498083467545, 0.0, 0.0, 1.048256008961759, -0.49279022056663657},
    wfWall = {0.2405320280664084, 0.06624385585249183, 0.012199629268662821, 0.1533463220687671, 0.04348209037897725, 0.15446593472971895, 0.0, 0.0568832105145114, 0.02120544220394643},
    wfWin = {0.40500931790248795, 0.11154181457548408, 0.020541811285939054, 0.25820548640940083, 0.07321541296156119, 0.0, 0.0, 0.095780302007121, 0.03570585485800589},
    wfGro = 0.2516414869165157,
    nrPeople = 0.0,
    ratioConvectiveHeatPeople = 0.5,
    nrPeopleMachines = 0.0,
    ratioConvectiveHeatMachines = 0.75,
    lightingPower = 11.3,
    ratioConvectiveHeatLighting = 0.9,
    useConstantACHrate = false,
    baseACH = 0.2,
    maxUserACH = 1.0,
    maxOverheatingACH = {3.0, 2.0},
    maxSummerACH = {1.0, 283.15, 290.15},
    winterReduction = {0.2, 273.15, 283.15},
    withAHU = false,
    minAHU = 0.0,
    maxAHU = 0.5,
    hHeat = 172.7148036720312,
    lHeat = 0,
    KRHeat = 10000,
    TNHeat = 1,
    HeaterOn = true,
    hCool = 0,
    lCool = 0.0,
    KRCool = 10000,
    TNCool = 1,
    CoolerOn = false);
end Inffeldgasse25E_6_Storage;
