 
within Inffeldgasse.Inffeldgasse25E_6.Inffeldgasse25E_6_DataBase;
record Inffeldgasse25E_6_Office "Inffeldgasse25E_6_Office"
  extends AixLib.DataBase.ThermalZones.ZoneBaseRecord(
    T_start = 293.15,
    withAirCap = true,
    VAir = 66.4041548831463,
    AZone = 14.4406484375,
    alphaRad = 5.000000000000001,
    lat = 0.88645272708792,
    nOrientations = 9,
    AWin = {1.5505346023054318, 0.42702583732867244, 0.07864211460079369, 0.9885119267287392, 0.2802973319401865, 0.0, 0.0, 0.3666845820990757, 0.13669602405434814},
    ATransparent = {1.5505346023054318, 0.42702583732867244, 0.07864211460079369, 0.9885119267287392, 0.2802973319401865, 0.0, 0.0, 0.3666845820990757, 0.13669602405434814},
    alphaWin = 2.7000000000000006,
    RWin = 0.04264591720267107,
    gWin = 0.7799999999999999,
    UWin= 3.001782134105591,
    ratioWinConRad = 0.029999999999999995,
    AExt = {19.402635699119323, 5.3435935860317665, 0.9840891637883104, 12.369757353389359, 3.5075044510353073, 14.4406484375, 14.4406484375, 4.588512473293839, 1.7105475442476539},
    alphaExt = 2.323882370741093,
    nExt = 1,
    RExt = {0.0003819249940771052},
    RExtRem = 0.01045193182007255 ,
    CExt = {26703647.148567826},
    AInt = 232.41454209101207,
    alphaInt = 2.7000000000000006,
    nInt = 1,
    RInt = {8.880369261179491e-05},
    CInt = {25877871.578835987},
    AFloor = 0.0,
    alphaFloor = 0.0,
    nFloor = 1,
    RFloor = {0.00001},
    RFloorRem =  0.00001,
    CFloor = {0.00001},
    ARoof = 0.0,
    alphaRoof = 0.0,
    nRoof = 1,
    RRoof = {0.00001},
    RRoofRem = 0.00001,
    CRoof = {0.00001},
    nOrientationsRoof = 1,
    tiltRoof = {0.0},
    aziRoof = {0.0},
    wfRoof = {0.0},
    aRoof = 0.0,
    aExt = 0.5,
    TSoil = 286.15,
    alphaWallOut = 20.0,
    alphaRadWall = 5.0,
    alphaWinOut = 20.0,
    alphaRoofOut = 0.0,
    alphaRadRoof = 0.0,
    tiltExtWalls = {1.5707963267948966, 1.5707963267948966, 1.5707963267948966, 1.5707963267948966, 1.5707963267948966, 0.0, 0.0, 1.5707963267948966, 1.5707963267948966},
    aziExtWalls = {2.6127470282317216, -0.5377050053476697, -2.0235747981446024, -0.5381104009095241, -2.1182498083467545, 0.0, 0.0, 1.048256008961759, -0.49279022056663657},
    wfWall = {0.2405320280664084, 0.06624385585249185, 0.012199629268662823, 0.15334632206876717, 0.04348209037897726, 0.154465934729719, 0.0, 0.05688321051451142, 0.02120544220394644},
    wfWin = {0.40500931790248806, 0.11154181457548408, 0.020541811285939054, 0.25820548640940083, 0.07321541296156117, 0.0, 0.0, 0.095780302007121, 0.03570585485800589},
    wfGro = 0.2516414869165157,
    nrPeople = 0.722032421875,
    ratioConvectiveHeatPeople = 0.5,
    nrPeopleMachines = 1.0108453906250001,
    ratioConvectiveHeatMachines = 0.75,
    lightingPower = 12.5,
    ratioConvectiveHeatLighting = 0.9,
    useConstantACHrate = false,
    baseACH = 0.2,
    maxUserACH = 1.0,
    maxOverheatingACH = {3.0, 2.0},
    maxSummerACH = {1.0, 283.15, 290.15},
    winterReduction = {0.2, 273.15, 283.15},
    withAHU = false,
    minAHU = 0.0,
    maxAHU = 2.6,
    hHeat = 2484.6691054572907,
    lHeat = 0,
    KRHeat = 10000,
    TNHeat = 1,
    HeaterOn = true,
    hCool = 0,
    lCool = 0.0,
    KRCool = 10000,
    TNCool = 1,
    CoolerOn = false);
end Inffeldgasse25E_6_Office;
