 
within Inffeldgasse.Inffeldgasse25E_6.Inffeldgasse25E_6_DataBase;
record Inffeldgasse25E_6_Restroom "Inffeldgasse25E_6_Restroom"
  extends AixLib.DataBase.ThermalZones.ZoneBaseRecord(
    T_start = 293.15,
    withAirCap = true,
    VAir = 5.952079736477137,
    AZone = 1.2943751953125,
    alphaRad = 5.000000000000001,
    lat = 0.88645272708792,
    nOrientations = 9,
    AWin = {0.13898084545054784, 0.038276096394704175, 0.007049018808729678, 0.08860442270068578, 0.025124212070248425, 0.0, 0.0, 0.032867459493026906, 0.012252631424383643},
    ATransparent = {0.13898084545054784, 0.038276096394704175, 0.007049018808729678, 0.08860442270068578, 0.025124212070248425, 0.0, 0.0, 0.032867459493026906, 0.012252631424383643},
    alphaWin = 2.7000000000000006,
    RWin = 0.4757775796760583,
    gWin = 0.7799999999999998,
    UWin= 3.0017821341055906,
    ratioWinConRad = 0.03,
    AExt = {1.7391386876649637, 0.47896844947967665, 0.08820799212004976, 1.108752640822095, 0.314392167257433, 1.2943751953125, 1.2943751953125, 0.4112873985208503, 0.15332346890512505},
    alphaExt = 2.323882370741093,
    nExt = 1,
    RExt = {0.0042609319067105625},
    RExtRem = 0.11660658629196587 ,
    CExt = {2393558.616365531},
    AInt = 14.880199341192842,
    alphaInt = 2.7000000000000006,
    nInt = 1,
    RInt = {0.0013870291036508931},
    CInt = {1656814.9486449861},
    AFloor = 0.0,
    alphaFloor = 0.0,
    nFloor = 1,
    RFloor = {0.00001},
    RFloorRem =  0.00001,
    CFloor = {0.00001},
    ARoof = 0.0,
    alphaRoof = 0.0,
    nRoof = 1,
    RRoof = {0.00001},
    RRoofRem = 0.00001,
    CRoof = {0.00001},
    nOrientationsRoof = 1,
    tiltRoof = {0.0},
    aziRoof = {0.0},
    wfRoof = {0.0},
    aRoof = 0.0,
    aExt = 0.5,
    TSoil = 286.15,
    alphaWallOut = 20.0,
    alphaRadWall = 5.0,
    alphaWinOut = 19.999999999999996,
    alphaRoofOut = 0.0,
    alphaRadRoof = 0.0,
    tiltExtWalls = {1.5707963267948966, 1.5707963267948966, 1.5707963267948966, 1.5707963267948966, 1.5707963267948966, 0.0, 0.0, 1.5707963267948966, 1.5707963267948966},
    aziExtWalls = {2.6127470282317216, -0.5377050053476697, -2.0235747981446024, -0.5381104009095241, -2.1182498083467545, 0.0, 0.0, 1.048256008961759, -0.49279022056663657},
    wfWall = {0.24053202806640836, 0.06624385585249183, 0.01219962926866282, 0.15334632206876717, 0.04348209037897726, 0.154465934729719, 0.0, 0.05688321051451142, 0.02120544220394643},
    wfWin = {0.40500931790248795, 0.1115418145754841, 0.02054181128593906, 0.2582054864094009, 0.07321541296156117, 0.0, 0.0, 0.095780302007121, 0.0357058548580059},
    wfGro = 0.2516414869165158,
    nrPeople = 0.0,
    ratioConvectiveHeatPeople = 0.5,
    nrPeopleMachines = 0.0,
    ratioConvectiveHeatMachines = 0.75,
    lightingPower = 11.1,
    ratioConvectiveHeatLighting = 0.9,
    useConstantACHrate = false,
    baseACH = 0.2,
    maxUserACH = 1.0,
    maxOverheatingACH = {3.0, 2.0},
    maxSummerACH = {1.0, 283.15, 290.15},
    winterReduction = {0.2, 273.15, 283.15},
    withAHU = false,
    minAHU = 0.0,
    maxAHU = 8.0,
    hHeat = 222.7111942086718,
    lHeat = 0,
    KRHeat = 10000,
    TNHeat = 1,
    HeaterOn = true,
    hCool = 0,
    lCool = 0.0,
    KRCool = 10000,
    TNCool = 1,
    CoolerOn = false);
end Inffeldgasse25E_6_Restroom;
