 
within Inffeldgasse.Inffeldgasse25E_6.Inffeldgasse25E_6_DataBase;
record Inffeldgasse25E_6_Floor "Inffeldgasse25E_6_Floor"
  extends AixLib.DataBase.ThermalZones.ZoneBaseRecord(
    T_start = 293.15,
    withAirCap = true,
    VAir = 54.520240579363715,
    AZone = 11.85630068359375,
    alphaRad = 4.999999999999998,
    lat = 0.88645272708792,
    nOrientations = 9,
    AWin = {1.2730456353684536, 0.3506038353433277, 0.06456805323778579, 0.811604456914785, 0.23013436430332995, 0.0, 0.0, 0.30106145719293015, 0.11223243682267058},
    ATransparent = {1.2730456353684536, 0.3506038353433277, 0.06456805323778579, 0.811604456914785, 0.23013436430332995, 0.0, 0.0, 0.30106145719293015, 0.11223243682267058},
    alphaWin = 2.7000000000000006,
    RWin = 0.051941555300691104,
    gWin = 0.7800000000000001,
    UWin= 3.0017821341055915,
    ratioWinConRad = 0.03,
    AExt = {15.93027376150254, 4.3872858314583985, 0.8079732067322926, 10.156023339230957, 2.8797894776335613, 11.85630068359375, 11.85630068359375, 3.767336612981802, 1.40442211483504},
    alphaExt = 2.3238823707410927,
    nExt = 1,
    RExt = {0.0004651741480033068},
    RExtRem = 0.012730165751889332 ,
    CExt = {21924671.27167474},
    AInt = 354.38156376586414,
    alphaInt = 2.6999999999999993,
    nInt = 1,
    RInt = {5.824024629000579e-05},
    CInt = {39458118.73272948},
    AFloor = 0.0,
    alphaFloor = 0.0,
    nFloor = 1,
    RFloor = {0.00001},
    RFloorRem =  0.00001,
    CFloor = {0.00001},
    ARoof = 0.0,
    alphaRoof = 0.0,
    nRoof = 1,
    RRoof = {0.00001},
    RRoofRem = 0.00001,
    CRoof = {0.00001},
    nOrientationsRoof = 1,
    tiltRoof = {0.0},
    aziRoof = {0.0},
    wfRoof = {0.0},
    aRoof = 0.0,
    aExt = 0.5,
    TSoil = 286.15,
    alphaWallOut = 20.0,
    alphaRadWall = 4.999999999999999,
    alphaWinOut = 20.0,
    alphaRoofOut = 0.0,
    alphaRadRoof = 0.0,
    tiltExtWalls = {1.5707963267948966, 1.5707963267948966, 1.5707963267948966, 1.5707963267948966, 1.5707963267948966, 0.0, 0.0, 1.5707963267948966, 1.5707963267948966},
    aziExtWalls = {2.6127470282317216, -0.5377050053476697, -2.0235747981446024, -0.5381104009095241, -2.1182498083467545, 0.0, 0.0, 1.048256008961759, -0.49279022056663657},
    wfWall = {0.24053202806640833, 0.06624385585249183, 0.012199629268662818, 0.15334632206876714, 0.043482090378977246, 0.15446593472971898, 0.0, 0.05688321051451141, 0.02120544220394643},
    wfWin = {0.405009317902488, 0.11154181457548408, 0.02054181128593905, 0.2582054864094009, 0.07321541296156116, 0.0, 0.0, 0.095780302007121, 0.035705854858005884},
    wfGro = 0.2516414869165158,
    nrPeople = 0.0,
    ratioConvectiveHeatPeople = 0.5,
    nrPeopleMachines = 0.0,
    ratioConvectiveHeatMachines = 0.75,
    lightingPower = 7.0,
    ratioConvectiveHeatLighting = 0.9,
    useConstantACHrate = false,
    baseACH = 0.2,
    maxUserACH = 1.0,
    maxOverheatingACH = {3.0, 2.0},
    maxSummerACH = {1.0, 283.15, 290.15},
    winterReduction = {0.2, 273.15, 283.15},
    withAHU = false,
    minAHU = 0.0,
    maxAHU = 2.0,
    hHeat = 2040.0042381086844,
    lHeat = 0,
    KRHeat = 10000,
    TNHeat = 1,
    HeaterOn = true,
    hCool = 0,
    lCool = 0.0,
    KRCool = 10000,
    TNCool = 1,
    CoolerOn = false);
end Inffeldgasse25E_6_Floor;
