 
within Inffeldgasse.Inffeldgasse25E_6.Inffeldgasse25E_6_DataBase;
record Inffeldgasse25E_6_Storage "Inffeldgasse25E_6_Storage"
  extends AixLib.DataBase.ThermalZones.ZoneBaseRecord(
    T_start = 293.15,
    withAirCap = true,
    VAir = 182.20652254521852,
    AZone = 39.623730468750004,
    alphaRad = 4.999999999999999,
    lat = 0.88645272708792,
    nOrientations = 9,
    AWin = {4.2545156770575865, 1.1717172365725765, 0.21578629006315336, 2.712380286755686, 0.7691085327627067, 0.0, 0.0, 1.0061467191742928, 0.3750805538076625},
    ATransparent = {4.2545156770575865, 1.1717172365725765, 0.21578629006315336, 2.712380286755686, 0.7691085327627067, 0.0, 0.0, 1.0061467191742928, 0.3750805538076625},
    alphaWin = 2.6999999999999997,
    RWin = 0.015542067602751241,
    gWin = 0.78,
    UWin= 3.0017821341055906,
    ratioWinConRad = 0.029999999999999995,
    AExt = {53.238939418315205, 14.66229947386765, 2.700244656736217, 33.94140737210494, 9.624250018084682, 39.62373046874999, 39.62373046874999, 12.590430566964802, 4.693575578728317},
    alphaExt = 2.3238823707410923,
    nExt = 1,
    RExt = {0.00013919044228587855},
    RExtRem = 0.0038091484855375525 ,
    CExt = {73272202.54180185},
    AInt = 364.4130450904371,
    alphaInt = 2.7,
    nInt = 1,
    RInt = {5.663702173241146e-05},
    CInt = {40575059.96681601},
    AFloor = 0.0,
    alphaFloor = 0.0,
    nFloor = 1,
    RFloor = {0.00001},
    RFloorRem =  0.00001,
    CFloor = {0.00001},
    ARoof = 0.0,
    alphaRoof = 0.0,
    nRoof = 1,
    RRoof = {0.00001},
    RRoofRem = 0.00001,
    CRoof = {0.00001},
    nOrientationsRoof = 1,
    tiltRoof = {0.0},
    aziRoof = {0.0},
    wfRoof = {0.0},
    aRoof = 0.0,
    aExt = 0.5,
    TSoil = 286.15,
    alphaWallOut = 20.0,
    alphaRadWall = 4.999999999999999,
    alphaWinOut = 19.999999999999996,
    alphaRoofOut = 0.0,
    alphaRadRoof = 0.0,
    tiltExtWalls = {1.5707963267948966, 1.5707963267948966, 1.5707963267948966, 1.5707963267948966, 1.5707963267948966, 0.0, 0.0, 1.5707963267948966, 1.5707963267948966},
    aziExtWalls = {2.6127470282317216, -0.5377050053476697, -2.0235747981446024, -0.5381104009095241, -2.1182498083467545, 0.0, 0.0, 1.048256008961759, -0.49279022056663657},
    wfWall = {0.24053202806640836, 0.06624385585249183, 0.012199629268662825, 0.1533463220687671, 0.04348209037897724, 0.15446593472971895, 0.0, 0.05688321051451141, 0.02120544220394643},
    wfWin = {0.405009317902488, 0.1115418145754841, 0.020541811285939054, 0.25820548640940083, 0.07321541296156117, 0.0, 0.0, 0.095780302007121, 0.03570585485800589},
    wfGro = 0.2516414869165157,
    nrPeople = 0.0,
    ratioConvectiveHeatPeople = 0.5,
    nrPeopleMachines = 0.0,
    ratioConvectiveHeatMachines = 0.75,
    lightingPower = 11.3,
    ratioConvectiveHeatLighting = 0.9,
    useConstantACHrate = false,
    baseACH = 0.2,
    maxUserACH = 1.0,
    maxOverheatingACH = {3.0, 2.0},
    maxSummerACH = {1.0, 283.15, 290.15},
    winterReduction = {0.2, 273.15, 283.15},
    withAHU = false,
    minAHU = 0.0,
    maxAHU = 0.5,
    hHeat = 6817.689618632809,
    lHeat = 0,
    KRHeat = 10000,
    TNHeat = 1,
    HeaterOn = true,
    hCool = 0,
    lCool = 0.0,
    KRCool = 10000,
    TNCool = 1,
    CoolerOn = false);
end Inffeldgasse25E_6_Storage;
