 
within Inffeldgasse.Inffeldgasse25E_6.Inffeldgasse25E_6_DataBase;
record Inffeldgasse25E_6_Meeting "Inffeldgasse25E_6_Meeting"
  extends AixLib.DataBase.ThermalZones.ZoneBaseRecord(
    T_start = 293.15,
    withAirCap = true,
    VAir = 11.35753990531862,
    AZone = 2.4698791992187497,
    alphaRad = 4.999999999999999,
    lat = 0.88645272708792,
    nOrientations = 9,
    AWin = {0.2651981438699229, 0.07303704107969061, 0.013450678747269894, 0.16907170454110446, 0.047941098542208724, 0.0, 0.0, 0.06271647882853093, 0.023380021187344297},
    ATransparent = {0.2651981438699229, 0.07303704107969061, 0.013450678747269894, 0.16907170454110446, 0.047941098542208724, 0.0, 0.0, 0.06271647882853093, 0.023380021187344297},
    alphaWin = 2.7,
    RWin = 0.24933798293183804,
    gWin = 0.78,
    UWin= 3.0017821341055906,
    ratioWinConRad = 0.029999999999999995,
    AExt = {3.3185605570749814, 0.9139500005377502, 0.16831525026989086, 2.1156810595278746, 0.5999115844606119, 2.4698791992187497, 2.4698791992187497, 0.784803505340806, 0.2925662110740651},
    alphaExt = 2.323882370741093,
    nExt = 1,
    RExt = {0.002233001747901792},
    RExtRem = 0.06110933399258106 ,
    CExt = {4567300.625105653},
    AInt = 22.715079810637242,
    alphaInt = 2.7,
    nInt = 1,
    RInt = {0.000908615321910344},
    CInt = {2529178.7379315314},
    AFloor = 0.0,
    alphaFloor = 0.0,
    nFloor = 1,
    RFloor = {0.00001},
    RFloorRem =  0.00001,
    CFloor = {0.00001},
    ARoof = 0.0,
    alphaRoof = 0.0,
    nRoof = 1,
    RRoof = {0.00001},
    RRoofRem = 0.00001,
    CRoof = {0.00001},
    nOrientationsRoof = 1,
    tiltRoof = {0.0},
    aziRoof = {0.0},
    wfRoof = {0.0},
    aRoof = 0.0,
    aExt = 0.5,
    TSoil = 286.15,
    alphaWallOut = 20.0,
    alphaRadWall = 5.0,
    alphaWinOut = 19.999999999999996,
    alphaRoofOut = 0.0,
    alphaRadRoof = 0.0,
    tiltExtWalls = {1.5707963267948966, 1.5707963267948966, 1.5707963267948966, 1.5707963267948966, 1.5707963267948966, 0.0, 0.0, 1.5707963267948966, 1.5707963267948966},
    aziExtWalls = {2.6127470282317216, -0.5377050053476697, -2.0235747981446024, -0.5381104009095241, -2.1182498083467545, 0.0, 0.0, 1.048256008961759, -0.49279022056663657},
    wfWall = {0.24053202806640833, 0.06624385585249185, 0.012199629268662821, 0.15334632206876717, 0.043482090378977246, 0.15446593472971898, 0.0, 0.05688321051451141, 0.021205442203946427},
    wfWin = {0.40500931790248806, 0.1115418145754841, 0.02054181128593906, 0.25820548640940083, 0.07321541296156119, 0.0, 0.0, 0.09578030200712101, 0.0357058548580059},
    wfGro = 0.2516414869165157,
    nrPeople = 0.5927710078124999,
    ratioConvectiveHeatPeople = 0.5,
    nrPeopleMachines = 0.04939758398437499,
    ratioConvectiveHeatMachines = 0.75,
    lightingPower = 15.9,
    ratioConvectiveHeatLighting = 0.9,
    useConstantACHrate = false,
    baseACH = 0.2,
    maxUserACH = 1.0,
    maxOverheatingACH = {3.0, 2.0},
    maxSummerACH = {1.0, 283.15, 290.15},
    winterReduction = {0.2, 273.15, 283.15},
    withAHU = false,
    minAHU = 0.0,
    maxAHU = 12.0,
    hHeat = 424.9693195614451,
    lHeat = 0,
    KRHeat = 10000,
    TNHeat = 1,
    HeaterOn = true,
    hCool = 0,
    lCool = 0.0,
    KRCool = 10000,
    TNCool = 1,
    CoolerOn = false);
end Inffeldgasse25E_6_Meeting;
