 
within Inffeldgasse.Inffeldgasse25E_6.Inffeldgasse25E_6_DataBase;
record Inffeldgasse25E_6_Laboratory "Inffeldgasse25E_6_Laboratory"
  extends AixLib.DataBase.ThermalZones.ZoneBaseRecord(
    T_start = 293.15,
    withAirCap = true,
    VAir = 52.17180095544756,
    AZone = 11.345594824218749,
    alphaRad = 4.999999999999999,
    lat = 0.88645272708792,
    nOrientations = 9,
    AWin = {1.2182096555308224, 0.3355017020719478, 0.06178680772141625, 0.7766448887743782, 0.22022140988105504, 0.0, 0.0, 0.28809334392357255, 0.1073980652402607},
    ATransparent = {1.2182096555308224, 0.3355017020719478, 0.06178680772141625, 0.7766448887743782, 0.22022140988105504, 0.0, 0.0, 0.28809334392357255, 0.1073980652402607},
    alphaWin = 2.7000000000000006,
    RWin = 0.05427963074301945,
    gWin = 0.78,
    UWin= 3.0017821341055915,
    ratioWinConRad = 0.030000000000000002,
    AExt = {15.244082986777588, 4.1983050826841035, 0.7731700533788034, 9.718556310879382, 2.7557435885115806, 11.345594824218749, 11.345594824218749, 3.605059952340922, 1.3439271407092084},
    alphaExt = 2.3238823707410927,
    nExt = 1,
    RExt = {0.00048611330251179923},
    RExtRem = 0.013303196107814504 ,
    CExt = {20980273.994469274},
    AInt = 26.085900477723783,
    alphaInt = 2.7,
    nInt = 1,
    RInt = {0.0007912040288579016},
    CInt = {3873663.2078343043},
    AFloor = 0.0,
    alphaFloor = 0.0,
    nFloor = 1,
    RFloor = {0.00001},
    RFloorRem =  0.00001,
    CFloor = {0.00001},
    ARoof = 0.0,
    alphaRoof = 0.0,
    nRoof = 1,
    RRoof = {0.00001},
    RRoofRem = 0.00001,
    CRoof = {0.00001},
    nOrientationsRoof = 1,
    tiltRoof = {0.0},
    aziRoof = {0.0},
    wfRoof = {0.0},
    aRoof = 0.0,
    aExt = 0.5,
    TSoil = 286.15,
    alphaWallOut = 20.0,
    alphaRadWall = 4.999999999999999,
    alphaWinOut = 20.0,
    alphaRoofOut = 0.0,
    alphaRadRoof = 0.0,
    tiltExtWalls = {1.5707963267948966, 1.5707963267948966, 1.5707963267948966, 1.5707963267948966, 1.5707963267948966, 0.0, 0.0, 1.5707963267948966, 1.5707963267948966},
    aziExtWalls = {2.6127470282317216, -0.5377050053476697, -2.0235747981446024, -0.5381104009095241, -2.1182498083467545, 0.0, 0.0, 1.048256008961759, -0.49279022056663657},
    wfWall = {0.24053202806640842, 0.06624385585249185, 0.01219962926866282, 0.15334632206876714, 0.04348209037897724, 0.15446593472971895, 0.0, 0.056883210514511416, 0.021205442203946438},
    wfWin = {0.405009317902488, 0.11154181457548407, 0.020541811285939054, 0.25820548640940083, 0.07321541296156117, 0.0, 0.0, 0.095780302007121, 0.03570585485800589},
    wfGro = 0.2516414869165158,
    nrPeople = 0.6807356894531249,
    ratioConvectiveHeatPeople = 0.5,
    nrPeopleMachines = 2.042207068359375,
    ratioConvectiveHeatMachines = 0.75,
    lightingPower = 14.0,
    ratioConvectiveHeatLighting = 0.9,
    useConstantACHrate = false,
    baseACH = 0.2,
    maxUserACH = 1.0,
    maxOverheatingACH = {3.0, 2.0},
    maxSummerACH = {1.0, 283.15, 290.15},
    winterReduction = {0.2, 273.15, 283.15},
    withAHU = false,
    minAHU = 24.0,
    maxAHU = 48.0,
    hHeat = 1952.1317941351945,
    lHeat = 0,
    KRHeat = 10000,
    TNHeat = 1,
    HeaterOn = true,
    hCool = 0,
    lCool = 0.0,
    KRCool = 10000,
    TNCool = 1,
    CoolerOn = false);
end Inffeldgasse25E_6_Laboratory;
