 
within Inffeldgasse.Inffeldgasse25E_6.Inffeldgasse25E_6_DataBase;
record Inffeldgasse25E_6_Meeting "Inffeldgasse25E_6_Meeting"
  extends AixLib.DataBase.ThermalZones.ZoneBaseRecord(
    T_start = 293.15,
    withAirCap = true,
    VAir = 4.049033834338188,
    AZone = 0.88052734375,
    alphaRad = 4.999999999999999,
    lat = 0.88645272708792,
    nOrientations = 9,
    AWin = {0.09454479282350191, 0.02603816081272392, 0.0047952508902922965, 0.06027511748345968, 0.017091300728060147, 0.0, 0.0, 0.02235881598165095, 0.008335123417948053},
    ATransparent = {0.09454479282350191, 0.02603816081272392, 0.0047952508902922965, 0.06027511748345968, 0.017091300728060147, 0.0, 0.0, 0.02235881598165095, 0.008335123417948053},
    alphaWin = 2.6999999999999997,
    RWin = 0.699393042123806,
    gWin = 0.7799999999999999,
    UWin= 3.0017821341055915,
    ratioWinConRad = 0.029999999999999995,
    AExt = {1.1830875426292267, 0.32582887719705883, 0.06000543681636037, 0.7542534971578875, 0.21387222262410402, 0.8805273437499996, 0.8805273437499996, 0.2797873459325511, 0.10430167952729592},
    alphaExt = 2.323882370741093,
    nExt = 1,
    RExt = {0.006263569902864529},
    RExtRem = 0.17141168184918987 ,
    CExt = {1628271.1675955977},
    AInt = 6.073550751507284,
    alphaInt = 2.7000000000000006,
    nInt = 1,
    RInt = {0.0033982213039446883},
    CInt = {676250.9994469332},
    AFloor = 0.0,
    alphaFloor = 0.0,
    nFloor = 1,
    RFloor = {0.00001},
    RFloorRem =  0.00001,
    CFloor = {0.00001},
    ARoof = 0.0,
    alphaRoof = 0.0,
    nRoof = 1,
    RRoof = {0.00001},
    RRoofRem = 0.00001,
    CRoof = {0.00001},
    nOrientationsRoof = 1,
    tiltRoof = {0.0},
    aziRoof = {0.0},
    wfRoof = {0.0},
    aRoof = 0.0,
    aExt = 0.5,
    TSoil = 286.15,
    alphaWallOut = 20.0,
    alphaRadWall = 4.999999999999999,
    alphaWinOut = 20.0,
    alphaRoofOut = 0.0,
    alphaRadRoof = 0.0,
    tiltExtWalls = {1.5707963267948966, 1.5707963267948966, 1.5707963267948966, 1.5707963267948966, 1.5707963267948966, 0.0, 0.0, 1.5707963267948966, 1.5707963267948966},
    aziExtWalls = {2.6127470282317216, -0.5377050053476697, -2.0235747981446024, -0.5381104009095241, -2.1182498083467545, 0.0, 0.0, 1.048256008961759, -0.49279022056663657},
    wfWall = {0.24053202806640836, 0.06624385585249183, 0.012199629268662821, 0.15334632206876714, 0.043482090378977246, 0.15446593472971892, 0.0, 0.05688321051451141, 0.02120544220394643},
    wfWin = {0.405009317902488, 0.11154181457548408, 0.020541811285939054, 0.2582054864094008, 0.07321541296156116, 0.0, 0.0, 0.09578030200712098, 0.03570585485800587},
    wfGro = 0.2516414869165157,
    nrPeople = 0.2113265625,
    ratioConvectiveHeatPeople = 0.5,
    nrPeopleMachines = 0.017610546875,
    ratioConvectiveHeatMachines = 0.75,
    lightingPower = 15.9,
    ratioConvectiveHeatLighting = 0.9,
    useConstantACHrate = false,
    baseACH = 0.2,
    maxUserACH = 1.0,
    maxOverheatingACH = {3.0, 2.0},
    maxSummerACH = {1.0, 283.15, 290.15},
    winterReduction = {0.2, 273.15, 283.15},
    withAHU = false,
    minAHU = 0.0,
    maxAHU = 12.0,
    hHeat = 151.50421374739577,
    lHeat = 0,
    KRHeat = 10000,
    TNHeat = 1,
    HeaterOn = true,
    hCool = 0,
    lCool = 0.0,
    KRCool = 10000,
    TNCool = 1,
    CoolerOn = false);
end Inffeldgasse25E_6_Meeting;
