 
within Inffeldgasse.Inffeldgasse25D_8.Inffeldgasse25D_8_DataBase;
record Inffeldgasse25D_8_ICT "Inffeldgasse25D_8_ICT"
  extends AixLib.DataBase.ThermalZones.ZoneBaseRecord(
    T_start = 293.15,
    withAirCap = true,
    VAir = 0.9168921948373319,
    AZone = 0.3459978515625,
    alphaRad = 4.999999999999999,
    lat = 0.88645272708792,
    nOrientations = 7,
    AWin = {0.010947603703199965, 0.022574307963925143, 0.0, 0.031673658146281994, 0.01953302077988307, 0.012305184176474054, 0.01224892877739953},
    ATransparent = {0.010947603703199965, 0.022574307963925143, 0.0, 0.031673658146281994, 0.01953302077988307, 0.012305184176474054, 0.01224892877739953},
    alphaWin = 2.7,
    RWin = 1.4939720634929905,
    gWin = 0.7800000000000001,
    UWin= 3.0017821341055915,
    ratioWinConRad = 0.03,
    AExt = {0.13699298688058337, 0.282483907764793, 0.3459978515625, 0.396348749235907, 0.24442671948880712, 0.15398108847858077, 0.1532771357820536},
    alphaExt = 2.4980763656317877,
    nExt = 1,
    RExt = {0.01766731405188946},
    RExtRem = 0.4529678121188565 ,
    CExt = {606714.6484929635},
    AInt = 0.9168921948373318,
    alphaInt = 2.7,
    nInt = 1,
    RInt = {0.022510028627763582},
    CInt = {102090.07687800402},
    AFloor = 0.0,
    alphaFloor = 0.0,
    nFloor = 1,
    RFloor = {0.00001},
    RFloorRem =  0.00001,
    CFloor = {0.00001},
    ARoof = 0.0,
    alphaRoof = 0.0,
    nRoof = 1,
    RRoof = {0.00001},
    RRoofRem = 0.00001,
    CRoof = {0.00001},
    nOrientationsRoof = 1,
    tiltRoof = {0.0},
    aziRoof = {0.0},
    wfRoof = {0.0},
    aRoof = 0.0,
    aExt = 0.5,
    TSoil = 286.15,
    alphaWallOut = 20.0,
    alphaRadWall = 4.999999999999999,
    alphaWinOut = 20.0,
    alphaRoofOut = 0.0,
    alphaRadRoof = 0.0,
    tiltExtWalls = {1.5707963267948966, 1.5707963267948966, 0.0, 1.5707963267948966, 1.5707963267948966, 1.5707963267948966, 1.5707963267948966},
    aziExtWalls = {2.605302408161256, -0.5516549825479978, 0.0, -2.0831857871056343, 1.0390722595578383, 2.586633930227826, 1.0335886125772074},
    wfWall = {0.07389570635082691, 0.15237530308918193, 0.0, 0.213795402618565, 0.13184678645911657, 0.08305929782896523, 0.08267957706418778},
    wfWin = {0.10017691133048556, 0.20656798588609787, 0.0, 0.2898323075674314, 0.17873844758473686, 0.11259955854920292, 0.11208478908204525},
    wfGro = 0.2623479265891566,
    nrPeople = 0.010379935546875,
    ratioConvectiveHeatPeople = 0.5,
    nrPeopleMachines = 0.51899677734375,
    ratioConvectiveHeatMachines = 0.75,
    lightingPower = 7.1,
    ratioConvectiveHeatLighting = 0.9,
    useConstantACHrate = false,
    baseACH = 0.2,
    maxUserACH = 1.0,
    maxOverheatingACH = {3.0, 2.0},
    maxSummerACH = {1.0, 283.15, 290.15},
    winterReduction = {0.2, 273.15, 283.15},
    withAHU = false,
    minAHU = 0.0,
    maxAHU = 130.0,
    hHeat = 57.32126306172244,
    lHeat = 0,
    KRHeat = 10000,
    TNHeat = 1,
    HeaterOn = true,
    hCool = 0,
    lCool = 0.0,
    KRCool = 10000,
    TNCool = 1,
    CoolerOn = false);
end Inffeldgasse25D_8_ICT;
