 
within Inffeldgasse.Inffeldgasse25D_8.Inffeldgasse25D_8_DataBase;
record Inffeldgasse25D_8_Meeting "Inffeldgasse25D_8_Meeting"
  extends AixLib.DataBase.ThermalZones.ZoneBaseRecord(
    T_start = 293.15,
    withAirCap = true,
    VAir = 1.4015709027349947,
    AZone = 0.5288958984375,
    alphaRad = 5.000000000000001,
    lat = 0.88645272708792,
    nOrientations = 7,
    AWin = {0.016734620374646268, 0.034507320893084475, 0.0, 0.04841668179854004, 0.02985837781339074, 0.01880983194278459, 0.0187238393572783},
    ATransparent = {0.016734620374646268, 0.034507320893084475, 0.0, 0.04841668179854004, 0.02985837781339074, 0.01880983194278459, 0.0187238393572783},
    alphaWin = 2.7,
    RWin = 0.9773400130159139,
    gWin = 0.78,
    UWin= 3.001782134105591,
    ratioWinConRad = 0.030000000000000002,
    AExt = {0.20940889820165468, 0.43180782631075976, 0.5288958984375, 0.6058628019655145, 0.37363321425945717, 0.2353770862029531, 0.2343010168221582},
    alphaExt = 2.4980763656317877,
    nExt = 1,
    RExt = {0.011557761599007921},
    RExtRem = 0.2963265366267742 ,
    CExt = {927430.2937453738},
    AInt = 2.8031418054699895,
    alphaInt = 2.7,
    nInt = 1,
    RInt = {0.007362905977174005},
    CInt = {312111.89715836657},
    AFloor = 0.0,
    alphaFloor = 0.0,
    nFloor = 1,
    RFloor = {0.00001},
    RFloorRem =  0.00001,
    CFloor = {0.00001},
    ARoof = 0.0,
    alphaRoof = 0.0,
    nRoof = 1,
    RRoof = {0.00001},
    RRoofRem = 0.00001,
    CRoof = {0.00001},
    nOrientationsRoof = 1,
    tiltRoof = {0.0},
    aziRoof = {0.0},
    wfRoof = {0.0},
    aRoof = 0.0,
    aExt = 0.5,
    TSoil = 286.15,
    alphaWallOut = 20.0,
    alphaRadWall = 5.0,
    alphaWinOut = 20.0,
    alphaRoofOut = 0.0,
    alphaRadRoof = 0.0,
    tiltExtWalls = {1.5707963267948966, 1.5707963267948966, 0.0, 1.5707963267948966, 1.5707963267948966, 1.5707963267948966, 1.5707963267948966},
    aziExtWalls = {2.605302408161256, -0.5516549825479978, 0.0, -2.0831857871056343, 1.0390722595578383, 2.586633930227826, 1.0335886125772074},
    wfWall = {0.07389570635082691, 0.15237530308918196, 0.0, 0.21379540261856503, 0.1318467864591166, 0.08305929782896523, 0.08267957706418778},
    wfWin = {0.10017691133048559, 0.20656798588609793, 0.0, 0.28983230756743145, 0.17873844758473692, 0.11259955854920296, 0.11208478908204529},
    wfGro = 0.2623479265891566,
    nrPeople = 0.12693501562499998,
    ratioConvectiveHeatPeople = 0.5,
    nrPeopleMachines = 0.01057791796875,
    ratioConvectiveHeatMachines = 0.75,
    lightingPower = 15.9,
    ratioConvectiveHeatLighting = 0.9,
    useConstantACHrate = false,
    baseACH = 0.2,
    maxUserACH = 1.0,
    maxOverheatingACH = {3.0, 2.0},
    maxSummerACH = {1.0, 283.15, 290.15},
    winterReduction = {0.2, 273.15, 283.15},
    withAHU = false,
    minAHU = 0.0,
    maxAHU = 12.0,
    hHeat = 87.62187623331413,
    lHeat = 0,
    KRHeat = 10000,
    TNHeat = 1,
    HeaterOn = true,
    hCool = 0,
    lCool = 0.0,
    KRCool = 10000,
    TNCool = 1,
    CoolerOn = false);
end Inffeldgasse25D_8_Meeting;
