 
within Inffeldgasse.Inffeldgasse25D_8.Inffeldgasse25D_8_DataBase;
record Inffeldgasse25D_8_Floor "Inffeldgasse25D_8_Floor"
  extends AixLib.DataBase.ThermalZones.ZoneBaseRecord(
    T_start = 293.15,
    withAirCap = true,
    VAir = 0.4996687710285187,
    AZone = 0.1885546875,
    alphaRad = 4.999999999999999,
    lat = 0.88645272708792,
    nOrientations = 7,
    AWin = {0.0059659965685013435, 0.01230207518470035, 0.0, 0.017260849126039233, 0.010644697972688322, 0.006705822439495398, 0.006675165546266774},
    ATransparent = {0.0059659965685013435, 0.01230207518470035, 0.0, 0.017260849126039233, 0.010644697972688322, 0.006705822439495398, 0.006675165546266774},
    alphaWin = 2.6999999999999997,
    RWin = 2.7414387365096378,
    gWin = 0.7799999999999999,
    UWin= 3.0017821341055906,
    ratioWinConRad = 0.029999999999999995,
    AExt = {0.07465557868151683, 0.15394218406800708, 0.1885546875, 0.21599386879340984, 0.13320257192850524, 0.08391339971584783, 0.0835297742681491},
    alphaExt = 2.4980763656317864,
    nExt = 1,
    RExt = {0.03241952128521721},
    RExtRem = 0.8311959352381015 ,
    CExt = {330634.68582722783},
    AInt = 2.706539176404476,
    alphaInt = 2.7,
    nInt = 1,
    RInt = {0.007625705082820829},
    CInt = {301355.8127643172},
    AFloor = 0.0,
    alphaFloor = 0.0,
    nFloor = 1,
    RFloor = {0.00001},
    RFloorRem =  0.00001,
    CFloor = {0.00001},
    ARoof = 0.0,
    alphaRoof = 0.0,
    nRoof = 1,
    RRoof = {0.00001},
    RRoofRem = 0.00001,
    CRoof = {0.00001},
    nOrientationsRoof = 1,
    tiltRoof = {0.0},
    aziRoof = {0.0},
    wfRoof = {0.0},
    aRoof = 0.0,
    aExt = 0.5,
    TSoil = 286.15,
    alphaWallOut = 19.999999999999996,
    alphaRadWall = 4.999999999999998,
    alphaWinOut = 19.999999999999996,
    alphaRoofOut = 0.0,
    alphaRadRoof = 0.0,
    tiltExtWalls = {1.5707963267948966, 1.5707963267948966, 0.0, 1.5707963267948966, 1.5707963267948966, 1.5707963267948966, 1.5707963267948966},
    aziExtWalls = {2.605302408161256, -0.5516549825479978, 0.0, -2.0831857871056343, 1.0390722595578383, 2.586633930227826, 1.0335886125772074},
    wfWall = {0.07389570635082691, 0.15237530308918193, 0.0, 0.21379540261856506, 0.13184678645911654, 0.08305929782896523, 0.08267957706418776},
    wfWin = {0.10017691133048558, 0.20656798588609793, 0.0, 0.2898323075674314, 0.1787384475847369, 0.11259955854920296, 0.11208478908204529},
    wfGro = 0.2623479265891565,
    nrPeople = 0.0,
    ratioConvectiveHeatPeople = 0.5,
    nrPeopleMachines = 0.0,
    ratioConvectiveHeatMachines = 0.75,
    lightingPower = 7.0,
    ratioConvectiveHeatLighting = 0.9,
    useConstantACHrate = false,
    baseACH = 0.2,
    maxUserACH = 1.0,
    maxOverheatingACH = {3.0, 2.0},
    maxSummerACH = {1.0, 283.15, 290.15},
    winterReduction = {0.2, 273.15, 283.15},
    withAHU = false,
    minAHU = 0.0,
    maxAHU = 2.0,
    hHeat = 31.237745537723406,
    lHeat = 0,
    KRHeat = 10000,
    TNHeat = 1,
    HeaterOn = true,
    hCool = 0,
    lCool = 0.0,
    KRCool = 10000,
    TNCool = 1,
    CoolerOn = false);
end Inffeldgasse25D_8_Floor;
