 
within Inffeldgasse.Inffeldgasse25D_8.Inffeldgasse25D_8_DataBase;
record Inffeldgasse25D_8_Office "Inffeldgasse25D_8_Office"
  extends AixLib.DataBase.ThermalZones.ZoneBaseRecord(
    T_start = 293.15,
    withAirCap = true,
    VAir = 8.194567844867708,
    AZone = 3.092296875,
    alphaRad = 5.0,
    lat = 0.88645272708792,
    nOrientations = 7,
    AWin = {0.09784234372342203, 0.20175403302908573, 0.0, 0.28307792566704343, 0.17457304675208848, 0.10997548800772453, 0.1094727149587751},
    ATransparent = {0.09784234372342203, 0.20175403302908573, 0.0, 0.28307792566704343, 0.17457304675208848, 0.10997548800772453, 0.1094727149587751},
    alphaWin = 2.6999999999999993,
    RWin = 0.16716089856766086,
    gWin = 0.78,
    UWin= 3.001782134105591,
    ratioWinConRad = 0.029999999999999995,
    AExt = {1.224351490376876, 2.524651818715316, 3.092296875, 3.542299448211921, 2.184522179627486, 1.3761797553399044, 1.3698882979976452},
    alphaExt = 2.4980763656317873,
    nExt = 1,
    RExt = {0.0019768000783669006},
    RExtRem = 0.050682678977933035 ,
    CExt = {5422408.84756654},
    AInt = 28.680987457036974,
    alphaInt = 2.7000000000000006,
    nInt = 1,
    RInt = {0.0007196150266889576},
    CInt = {3193444.3666471024},
    AFloor = 0.0,
    alphaFloor = 0.0,
    nFloor = 1,
    RFloor = {0.00001},
    RFloorRem =  0.00001,
    CFloor = {0.00001},
    ARoof = 0.0,
    alphaRoof = 0.0,
    nRoof = 1,
    RRoof = {0.00001},
    RRoofRem = 0.00001,
    CRoof = {0.00001},
    nOrientationsRoof = 1,
    tiltRoof = {0.0},
    aziRoof = {0.0},
    wfRoof = {0.0},
    aRoof = 0.0,
    aExt = 0.5,
    TSoil = 286.15,
    alphaWallOut = 20.0,
    alphaRadWall = 5.0,
    alphaWinOut = 19.999999999999993,
    alphaRoofOut = 0.0,
    alphaRadRoof = 0.0,
    tiltExtWalls = {1.5707963267948966, 1.5707963267948966, 0.0, 1.5707963267948966, 1.5707963267948966, 1.5707963267948966, 1.5707963267948966},
    aziExtWalls = {2.605302408161256, -0.5516549825479978, 0.0, -2.0831857871056343, 1.0390722595578383, 2.586633930227826, 1.0335886125772074},
    wfWall = {0.07389570635082691, 0.15237530308918196, 0.0, 0.21379540261856497, 0.13184678645911654, 0.08305929782896522, 0.08267957706418777},
    wfWin = {0.10017691133048556, 0.20656798588609787, 0.0, 0.2898323075674314, 0.17873844758473692, 0.11259955854920295, 0.11208478908204528},
    wfGro = 0.2623479265891565,
    nrPeople = 0.15461484375,
    ratioConvectiveHeatPeople = 0.5,
    nrPeopleMachines = 0.21646078125,
    ratioConvectiveHeatMachines = 0.75,
    lightingPower = 12.5,
    ratioConvectiveHeatLighting = 0.9,
    useConstantACHrate = false,
    baseACH = 0.2,
    maxUserACH = 1.0,
    maxOverheatingACH = {3.0, 2.0},
    maxSummerACH = {1.0, 283.15, 290.15},
    winterReduction = {0.2, 273.15, 283.15},
    withAHU = false,
    minAHU = 0.0,
    maxAHU = 2.6,
    hHeat = 512.2990268186638,
    lHeat = 0,
    KRHeat = 10000,
    TNHeat = 1,
    HeaterOn = true,
    hCool = 0,
    lCool = 0.0,
    KRCool = 10000,
    TNCool = 1,
    CoolerOn = false);
end Inffeldgasse25D_8_Office;
