 
within Inffeldgasse.Inffeldgasse16C_1.Inffeldgasse16C_1_DataBase;
record Inffeldgasse16C_1_Storage "Inffeldgasse16C_1_Storage"
  extends AixLib.DataBase.ThermalZones.ZoneBaseRecord(
    T_start = 293.15,
    withAirCap = true,
    VAir = 13225.363898411395,
    AZone = 4957.955859375,
    alphaRad = 4.999999999999999,
    lat = 0.88645272708792,
    nOrientations = 10,
    AWin = {60.18157145898973, 9.941130384904858, 11.082983069485016, 2.5480011015403057, 67.58271696144989, 0.0, 0.0, 2.063256389563707, 4.5401590828257605, 4.484095317884911},
    ATransparent = {60.18157145898973, 9.941130384904858, 11.082983069485016, 2.5480011015403057, 67.58271696144989, 0.0, 0.0, 2.063256389563707, 4.5401590828257605, 4.484095317884911},
    alphaWin = 2.7,
    RWin = 0.00220539541818037,
    gWin = 0.67,
    UWin= 1.8936557576825386,
    ratioWinConRad = 0.03,
    AExt = {753.0829077165472, 124.39846941110677, 138.68705841004223, 31.88444621657193, 845.6972419770623, 1239.48896484375, 1239.48896484375, 25.818586712648553, 56.81334203644127, 56.11178735623552},
    alphaExt = 2.150516803311623,
    nExt = 1,
    RExt = {7.03013864952049e-06},
    RExtRem = 0.00039055144592999746 ,
    CExt = {1405664327.5738149},
    AInt = 56198.46295307279,
    alphaInt = 2.1706663920490117,
    nInt = 1,
    RInt = {9.282653190962604e-07},
    CInt = {8465483629.176142},
    AFloor = 0.0,
    alphaFloor = 0.0,
    nFloor = 1,
    RFloor = {0.00001},
    RFloorRem =  0.00001,
    CFloor = {0.00001},
    ARoof = 0.0,
    alphaRoof = 0.0,
    nRoof = 1,
    RRoof = {0.00001},
    RRoofRem = 0.00001,
    CRoof = {0.00001},
    nOrientationsRoof = 1,
    tiltRoof = {0.0},
    aziRoof = {0.0},
    wfRoof = {0.0},
    aRoof = 0.0,
    aExt = 0.5,
    TSoil = 286.15,
    alphaWallOut = 20.0,
    alphaRadWall = 4.999999999999998,
    alphaWinOut = 20.0,
    alphaRoofOut = 0.0,
    alphaRadRoof = 0.0,
    tiltExtWalls = {1.5707963267948966, 1.5707963267948966, 1.5707963267948966, 1.5707963267948966, 1.5707963267948966, 0.0, 0.0, 1.5707963267948966, 1.5707963267948966, 1.5707963267948966},
    aziExtWalls = {2.6155333256893822, 2.6154221177572805, -2.0968557526675338, -0.5259734031046931, -0.52614484222903, 0.0, 0.0, 1.0526441929542922, 1.0448187697839852, 1.0428033382730049},
    wfWall = {0.16348863460063326, 0.027005971987994464, 0.030107917181371284, 0.006921873439871905, 0.18359450992664364, 0.2514492129983069, 0.0, 0.005605020968763937, 0.01233374920803883, 0.012181446964037173},
    wfWin = {0.3705216187897867, 0.06120484449837456, 0.06823492189338591, 0.015687351957305008, 0.4160884650184366, 0.0, 0.0, 0.012702910191709854, 0.027952528525748033, 0.02760735912525325},
    wfGro = 0.30731166272433863,
    nrPeople = 0.0,
    ratioConvectiveHeatPeople = 0.5,
    nrPeopleMachines = 0.0,
    ratioConvectiveHeatMachines = 0.75,
    lightingPower = 11.3,
    ratioConvectiveHeatLighting = 0.9,
    useConstantACHrate = false,
    baseACH = 0.2,
    maxUserACH = 1.0,
    maxOverheatingACH = {3.0, 2.0},
    maxSummerACH = {1.0, 283.15, 290.15},
    winterReduction = {0.2, 273.15, 283.15},
    withAHU = false,
    minAHU = 0.0,
    maxAHU = 0.5,
    hHeat = 95207.87833927486,
    lHeat = 0,
    KRHeat = 10000,
    TNHeat = 1,
    HeaterOn = true,
    hCool = 0,
    lCool = 0.0,
    KRCool = 10000,
    TNCool = 1,
    CoolerOn = false);
end Inffeldgasse16C_1_Storage;
