 
within Inffeldgasse.Inffeldgasse16C_1.Inffeldgasse16C_1_DataBase;
record Inffeldgasse16C_1_Meeting "Inffeldgasse16C_1_Meeting"
  extends AixLib.DataBase.ThermalZones.ZoneBaseRecord(
    T_start = 293.15,
    withAirCap = true,
    VAir = 824.3810163343103,
    AZone = 309.045915234375,
    alphaRad = 4.999999999999999,
    lat = 0.88645272708792,
    nOrientations = 10,
    AWin = {3.751317954277027, 0.6196637939924028, 0.6908392779978993, 0.1588254019960124, 4.212656023930377, 0.0, 0.0, 0.1286096482828044, 0.2830032494961391, 0.2795086081481595},
    ATransparent = {3.751317954277027, 0.6196637939924028, 0.6908392779978993, 0.1588254019960124, 4.212656023930377, 0.0, 0.0, 0.1286096482828044, 0.2830032494961391, 0.2795086081481595},
    alphaWin = 2.6999999999999997,
    RWin = 0.03538067515797384,
    gWin = 0.6700000000000002,
    UWin= 1.8936557576825384,
    ratioWinConRad = 0.030000000000000002,
    AExt = {46.94216791433145, 7.754171259958989, 8.644826640892633, 1.9874638141663172, 52.715128083236884, 77.26147880859375, 77.26147880859375, 1.6093585717550931, 3.5413649869381727, 3.4976347452053473},
    alphaExt = 2.1505168033116244,
    nExt = 1,
    RExt = {0.00011278297298695977},
    RExtRem = 0.0062655312181283005 ,
    CExt = {87619743.08543445},
    AInt = 3503.037524074871,
    alphaInt = 2.170666392049011,
    nInt = 1,
    RInt = {1.4891956990849103e-05},
    CInt = {527681812.8853127},
    AFloor = 0.0,
    alphaFloor = 0.0,
    nFloor = 1,
    RFloor = {0.00001},
    RFloorRem =  0.00001,
    CFloor = {0.00001},
    ARoof = 0.0,
    alphaRoof = 0.0,
    nRoof = 1,
    RRoof = {0.00001},
    RRoofRem = 0.00001,
    CRoof = {0.00001},
    nOrientationsRoof = 1,
    tiltRoof = {0.0},
    aziRoof = {0.0},
    wfRoof = {0.0},
    aRoof = 0.0,
    aExt = 0.5,
    TSoil = 286.15,
    alphaWallOut = 20.000000000000004,
    alphaRadWall = 5.000000000000001,
    alphaWinOut = 20.0,
    alphaRoofOut = 0.0,
    alphaRadRoof = 0.0,
    tiltExtWalls = {1.5707963267948966, 1.5707963267948966, 1.5707963267948966, 1.5707963267948966, 1.5707963267948966, 0.0, 0.0, 1.5707963267948966, 1.5707963267948966, 1.5707963267948966},
    aziExtWalls = {2.6155333256893822, 2.6154221177572805, -2.0968557526675338, -0.5259734031046931, -0.52614484222903, 0.0, 0.0, 1.0526441929542922, 1.0448187697839852, 1.0428033382730049},
    wfWall = {0.1634886346006333, 0.027005971987994457, 0.030107917181371287, 0.006921873439871904, 0.18359450992664358, 0.25144921299830686, 0.0, 0.005605020968763937, 0.012333749208038832, 0.012181446964037177},
    wfWin = {0.3705216187897868, 0.06120484449837458, 0.06823492189338592, 0.015687351957305008, 0.4160884650184366, 0.0, 0.0, 0.012702910191709854, 0.02795252852574804, 0.02760735912525325},
    wfGro = 0.3073116627243386,
    nrPeople = 74.17101965625,
    ratioConvectiveHeatPeople = 0.5,
    nrPeopleMachines = 6.1809183046875,
    ratioConvectiveHeatMachines = 0.75,
    lightingPower = 15.9,
    ratioConvectiveHeatLighting = 0.9,
    useConstantACHrate = false,
    baseACH = 0.2,
    maxUserACH = 1.0,
    maxOverheatingACH = {3.0, 2.0},
    maxSummerACH = {1.0, 283.15, 290.15},
    winterReduction = {0.2, 273.15, 283.15},
    withAHU = false,
    minAHU = 0.0,
    maxAHU = 12.0,
    hHeat = 5934.624416481466,
    lHeat = 0,
    KRHeat = 10000,
    TNHeat = 1,
    HeaterOn = true,
    hCool = 0,
    lCool = 0.0,
    KRCool = 10000,
    TNCool = 1,
    CoolerOn = false);
end Inffeldgasse16C_1_Meeting;
