 
within Inffeldgasse.Inffeldgasse16C_1.Inffeldgasse16C_1_DataBase;
record Inffeldgasse16C_1_Restroom "Inffeldgasse16C_1_Restroom"
  extends AixLib.DataBase.ThermalZones.ZoneBaseRecord(
    T_start = 293.15,
    withAirCap = true,
    VAir = 432.0285540147722,
    AZone = 161.95989140625,
    alphaRad = 5.0,
    lat = 0.88645272708792,
    nOrientations = 10,
    AWin = {1.965931334326998, 0.32474359257355867, 0.36204411360317723, 0.08323470265031666, 2.207702087407363, 0.0, 0.0, 0.06739970872574776, 0.14831186337230817, 0.1464804470509071},
    ATransparent = {1.965931334326998, 0.32474359257355867, 0.36204411360317723, 0.08323470265031666, 2.207702087407363, 0.0, 0.0, 0.06739970872574776, 0.14831186337230817, 0.1464804470509071},
    alphaWin = 2.7,
    RWin = 0.0675121046381746,
    gWin = 0.67,
    UWin= 1.8936557576825381,
    ratioWinConRad = 0.03,
    AExt = {24.600708318740544, 4.0636833340961545, 4.53044390806138, 1.0415585764080164, 27.626109904584034, 40.4899728515625, 40.4899728515625, 0.8434071659465193, 1.8559025065237482, 1.832985053637027},
    alphaExt = 2.1505168033116235,
    nExt = 1,
    RExt = {0.0002152083260057293},
    RExtRem = 0.011955656508061146 ,
    CExt = {45918368.03407796},
    AInt = 1808.8908963650556,
    alphaInt = 2.297090397882659,
    nInt = 1,
    RInt = {3.348645942385053e-05},
    CInt = {232351193.39206868},
    AFloor = 0.0,
    alphaFloor = 0.0,
    nFloor = 1,
    RFloor = {0.00001},
    RFloorRem =  0.00001,
    CFloor = {0.00001},
    ARoof = 0.0,
    alphaRoof = 0.0,
    nRoof = 1,
    RRoof = {0.00001},
    RRoofRem = 0.00001,
    CRoof = {0.00001},
    nOrientationsRoof = 1,
    tiltRoof = {0.0},
    aziRoof = {0.0},
    wfRoof = {0.0},
    aRoof = 0.0,
    aExt = 0.5,
    TSoil = 286.15,
    alphaWallOut = 20.0,
    alphaRadWall = 4.999999999999999,
    alphaWinOut = 19.999999999999996,
    alphaRoofOut = 0.0,
    alphaRadRoof = 0.0,
    tiltExtWalls = {1.5707963267948966, 1.5707963267948966, 1.5707963267948966, 1.5707963267948966, 1.5707963267948966, 0.0, 0.0, 1.5707963267948966, 1.5707963267948966, 1.5707963267948966},
    aziExtWalls = {2.6155333256893822, 2.6154221177572805, -2.0968557526675338, -0.5259734031046931, -0.52614484222903, 0.0, 0.0, 1.0526441929542922, 1.0448187697839852, 1.0428033382730049},
    wfWall = {0.16348863460063326, 0.027005971987994454, 0.03010791718137128, 0.006921873439871904, 0.1835945099266436, 0.25144921299830686, 0.0, 0.005605020968763937, 0.012333749208038832, 0.012181446964037173},
    wfWin = {0.37052161878978684, 0.06120484449837457, 0.06823492189338595, 0.01568735195730501, 0.4160884650184366, 0.0, 0.0, 0.012702910191709854, 0.02795252852574804, 0.02760735912525325},
    wfGro = 0.3073116627243386,
    nrPeople = 0.0,
    ratioConvectiveHeatPeople = 0.5,
    nrPeopleMachines = 0.0,
    ratioConvectiveHeatMachines = 0.75,
    lightingPower = 11.1,
    ratioConvectiveHeatLighting = 0.9,
    useConstantACHrate = false,
    baseACH = 0.2,
    maxUserACH = 1.0,
    maxOverheatingACH = {3.0, 2.0},
    maxSummerACH = {1.0, 283.15, 290.15},
    winterReduction = {0.2, 273.15, 283.15},
    withAHU = false,
    minAHU = 0.0,
    maxAHU = 8.0,
    hHeat = 3110.124025749645,
    lHeat = 0,
    KRHeat = 10000,
    TNHeat = 1,
    HeaterOn = true,
    hCool = 0,
    lCool = 0.0,
    KRCool = 10000,
    TNCool = 1,
    CoolerOn = false);
end Inffeldgasse16C_1_Restroom;
