 
within Inffeldgasse.Inffeldgasse16C_1.Inffeldgasse16C_1_DataBase;
record Inffeldgasse16C_1_Laboratory "Inffeldgasse16C_1_Laboratory"
  extends AixLib.DataBase.ThermalZones.ZoneBaseRecord(
    T_start = 293.15,
    withAirCap = true,
    VAir = 3786.8625295784627,
    AZone = 1419.6280277343749,
    alphaRad = 4.999999999999999,
    lat = 0.88645272708792,
    nOrientations = 10,
    AWin = {17.231989961090726, 2.846477000211091, 3.173427485562543, 0.7295776487410408, 19.35118462329515, 0.0, 0.0, 0.5907790795450747, 1.2999988840491092, 1.2839459593543796},
    ATransparent = {17.231989961090726, 2.846477000211091, 3.173427485562543, 0.7295776487410408, 19.35118462329515, 0.0, 0.0, 0.5907790795450747, 1.2999988840491092, 1.2839459593543796},
    alphaWin = 2.7,
    RWin = 0.0077021958725740506,
    gWin = 0.67,
    UWin= 1.8936557576825381,
    ratioWinConRad = 0.03,
    AExt = {215.63273924283803, 35.61942840804691, 39.71072772474209, 9.129579766678429, 242.1513102860988, 354.9070069335937, 354.9070069335937, 7.392721995388368, 16.267553603101018, 16.066675113002102},
    alphaExt = 2.150516803311624,
    nExt = 1,
    RExt = {2.455228864791791e-05},
    RExtRem = 0.0013639747820605266 ,
    CExt = {402488552.46196884},
    AInt = 4022.873306390794,
    alphaInt = 2.1706663920490117,
    nInt = 1,
    RInt = {1.2967617961763823e-05},
    CInt = {605987536.4551921},
    AFloor = 0.0,
    alphaFloor = 0.0,
    nFloor = 1,
    RFloor = {0.00001},
    RFloorRem =  0.00001,
    CFloor = {0.00001},
    ARoof = 0.0,
    alphaRoof = 0.0,
    nRoof = 1,
    RRoof = {0.00001},
    RRoofRem = 0.00001,
    CRoof = {0.00001},
    nOrientationsRoof = 1,
    tiltRoof = {0.0},
    aziRoof = {0.0},
    wfRoof = {0.0},
    aRoof = 0.0,
    aExt = 0.5,
    TSoil = 286.15,
    alphaWallOut = 20.0,
    alphaRadWall = 4.999999999999999,
    alphaWinOut = 19.999999999999996,
    alphaRoofOut = 0.0,
    alphaRadRoof = 0.0,
    tiltExtWalls = {1.5707963267948966, 1.5707963267948966, 1.5707963267948966, 1.5707963267948966, 1.5707963267948966, 0.0, 0.0, 1.5707963267948966, 1.5707963267948966, 1.5707963267948966},
    aziExtWalls = {2.6155333256893822, 2.6154221177572805, -2.0968557526675338, -0.5259734031046931, -0.52614484222903, 0.0, 0.0, 1.0526441929542922, 1.0448187697839852, 1.0428033382730049},
    wfWall = {0.16348863460063331, 0.02700597198799446, 0.030107917181371284, 0.006921873439871904, 0.18359450992664364, 0.2514492129983069, 0.0, 0.005605020968763938, 0.012333749208038836, 0.012181446964037177},
    wfWin = {0.37052161878978673, 0.061204844498374565, 0.06823492189338592, 0.015687351957305008, 0.4160884650184365, 0.0, 0.0, 0.012702910191709852, 0.027952528525748033, 0.02760735912525325},
    wfGro = 0.3073116627243386,
    nrPeople = 85.1776816640625,
    ratioConvectiveHeatPeople = 0.5,
    nrPeopleMachines = 255.53304499218748,
    ratioConvectiveHeatMachines = 0.75,
    lightingPower = 14.0,
    ratioConvectiveHeatLighting = 0.9,
    useConstantACHrate = false,
    baseACH = 0.2,
    maxUserACH = 1.0,
    maxOverheatingACH = {3.0, 2.0},
    maxSummerACH = {1.0, 283.15, 290.15},
    winterReduction = {0.2, 273.15, 283.15},
    withAHU = false,
    minAHU = 24.0,
    maxAHU = 48.0,
    hHeat = 27261.18916447903,
    lHeat = 0,
    KRHeat = 10000,
    TNHeat = 1,
    HeaterOn = true,
    hCool = 0,
    lCool = 0.0,
    KRCool = 10000,
    TNCool = 1,
    CoolerOn = false);
end Inffeldgasse16C_1_Laboratory;
