 
within Inffeldgasse.Inffeldgasse16C_1.Inffeldgasse16C_1_DataBase;
record Inffeldgasse16C_1_Office "Inffeldgasse16C_1_Office"
  extends AixLib.DataBase.ThermalZones.ZoneBaseRecord(
    T_start = 293.15,
    withAirCap = true,
    VAir = 4819.9103985321535,
    AZone = 1806.89946875,
    alphaRad = 5.0,
    lat = 0.88645272708792,
    nOrientations = 10,
    AWin = {21.93283937616515, 3.6229897402764375, 4.0391316075456505, 0.9286048458946893, 24.630145737061742, 0.0, 0.0, 0.7519423286409955, 1.654635754629833, 1.634203626962501},
    ATransparent = {21.93283937616515, 3.6229897402764375, 4.0391316075456505, 0.9286048458946893, 24.630145737061742, 0.0, 0.0, 0.7519423286409955, 1.654635754629833, 1.634203626962501},
    alphaWin = 2.6999999999999993,
    RWin = 0.0060513898669583305,
    gWin = 0.6699999999999999,
    UWin= 1.8936557576825381,
    ratioWinConRad = 0.029999999999999995,
    AExt = {274.4568819233639, 45.33633107427003, 50.54372795388206, 11.620109287817327, 308.2096615205294, 451.7248671875, 451.7248671875, 9.409440490831917, 20.705306875503044, 20.449629169828057},
    alphaExt = 2.1505168033116235,
    nExt = 1,
    RExt = {1.9290014587098917e-05},
    RExtRem = 0.0010716350650518223 ,
    CExt = {512286554.9380125},
    AInt = 35842.13081673754,
    alphaInt = 2.1706663920490117,
    nInt = 1,
    RInt = {1.455468270359989e-06},
    CInt = {5399097336.830118},
    AFloor = 0.0,
    alphaFloor = 0.0,
    nFloor = 1,
    RFloor = {0.00001},
    RFloorRem =  0.00001,
    CFloor = {0.00001},
    ARoof = 0.0,
    alphaRoof = 0.0,
    nRoof = 1,
    RRoof = {0.00001},
    RRoofRem = 0.00001,
    CRoof = {0.00001},
    nOrientationsRoof = 1,
    tiltRoof = {0.0},
    aziRoof = {0.0},
    wfRoof = {0.0},
    aRoof = 0.0,
    aExt = 0.5,
    TSoil = 286.15,
    alphaWallOut = 20.0,
    alphaRadWall = 5.0,
    alphaWinOut = 19.999999999999996,
    alphaRoofOut = 0.0,
    alphaRadRoof = 0.0,
    tiltExtWalls = {1.5707963267948966, 1.5707963267948966, 1.5707963267948966, 1.5707963267948966, 1.5707963267948966, 0.0, 0.0, 1.5707963267948966, 1.5707963267948966, 1.5707963267948966},
    aziExtWalls = {2.6155333256893822, 2.6154221177572805, -2.0968557526675338, -0.5259734031046931, -0.52614484222903, 0.0, 0.0, 1.0526441929542922, 1.0448187697839852, 1.0428033382730049},
    wfWall = {0.16348863460063326, 0.027005971987994464, 0.030107917181371284, 0.006921873439871906, 0.18359450992664364, 0.2514492129983069, 0.0, 0.005605020968763939, 0.012333749208038834, 0.012181446964037177},
    wfWin = {0.3705216187897868, 0.06120484449837457, 0.06823492189338592, 0.015687351957305008, 0.4160884650184366, 0.0, 0.0, 0.012702910191709854, 0.02795252852574804, 0.027607359125253247},
    wfGro = 0.3073116627243386,
    nrPeople = 90.34497343750002,
    ratioConvectiveHeatPeople = 0.5,
    nrPeopleMachines = 126.4829628125,
    ratioConvectiveHeatMachines = 0.75,
    lightingPower = 12.5,
    ratioConvectiveHeatLighting = 0.9,
    useConstantACHrate = false,
    baseACH = 0.2,
    maxUserACH = 1.0,
    maxOverheatingACH = {3.0, 2.0},
    maxSummerACH = {1.0, 283.15, 290.15},
    winterReduction = {0.2, 273.15, 283.15},
    withAHU = false,
    minAHU = 0.0,
    maxAHU = 2.6,
    hHeat = 34697.98232809129,
    lHeat = 0,
    KRHeat = 10000,
    TNHeat = 1,
    HeaterOn = true,
    hCool = 0,
    lCool = 0.0,
    KRCool = 10000,
    TNCool = 1,
    CoolerOn = false);
end Inffeldgasse16C_1_Office;
