 
within Inffeldgasse.Inffeldgasse16C_1.Inffeldgasse16C_1_DataBase;
record Inffeldgasse16C_1_Storage "Inffeldgasse16C_1_Storage"
  extends AixLib.DataBase.ThermalZones.ZoneBaseRecord(
    T_start = 293.15,
    withAirCap = true,
    VAir = 335.04255209308866,
    AZone = 125.6015484375,
    alphaRad = 5.000000000000001,
    lat = 0.88645272708792,
    nOrientations = 10,
    AWin = {1.5245998102944067, 0.25184196975092304, 0.28076890442695374, 0.06454936123902108, 1.7120954963567308, 0.0, 0.0, 0.05226916186894724, 0.11501736343158593, 0.11359708138641776},
    ATransparent = {1.5245998102944067, 0.25184196975092304, 0.28076890442695374, 0.06454936123902108, 1.7120954963567308, 0.0, 0.0, 0.05226916186894724, 0.11501736343158593, 0.11359708138641776},
    alphaWin = 2.7,
    RWin = 0.08705508229659353,
    gWin = 0.6699999999999999,
    UWin= 1.8936557576825384,
    ratioWinConRad = 0.030000000000000002,
    AExt = {19.078100328819197, 3.1514278917480385, 3.51340547972107, 0.8077393041531556, 21.42433013008558, 31.400387109375, 31.400387109375, 0.6540708633870966, 1.4392713315898455, 1.4214986130246332},
    alphaExt = 2.1505168033116235,
    nExt = 1,
    RExt = {0.0002775054730073877},
    RExtRem = 0.01541650444460516 ,
    CExt = {35610162.965203315},
    AInt = 1779.6179935139717,
    alphaInt = 2.1706663920490117,
    nInt = 1,
    RInt = {2.931364165567138e-05},
    CInt = {268073648.25724444},
    AFloor = 0.0,
    alphaFloor = 0.0,
    nFloor = 1,
    RFloor = {0.00001},
    RFloorRem =  0.00001,
    CFloor = {0.00001},
    ARoof = 0.0,
    alphaRoof = 0.0,
    nRoof = 1,
    RRoof = {0.00001},
    RRoofRem = 0.00001,
    CRoof = {0.00001},
    nOrientationsRoof = 1,
    tiltRoof = {0.0},
    aziRoof = {0.0},
    wfRoof = {0.0},
    aRoof = 0.0,
    aExt = 0.5,
    TSoil = 286.15,
    alphaWallOut = 20.0,
    alphaRadWall = 4.999999999999999,
    alphaWinOut = 19.999999999999996,
    alphaRoofOut = 0.0,
    alphaRadRoof = 0.0,
    tiltExtWalls = {1.5707963267948966, 1.5707963267948966, 1.5707963267948966, 1.5707963267948966, 1.5707963267948966, 0.0, 0.0, 1.5707963267948966, 1.5707963267948966, 1.5707963267948966},
    aziExtWalls = {2.6155333256893822, 2.6154221177572805, -2.0968557526675338, -0.5259734031046931, -0.52614484222903, 0.0, 0.0, 1.0526441929542922, 1.0448187697839852, 1.0428033382730049},
    wfWall = {0.16348863460063331, 0.02700597198799446, 0.030107917181371287, 0.006921873439871904, 0.18359450992664367, 0.2514492129983069, 0.0, 0.005605020968763938, 0.012333749208038832, 0.012181446964037177},
    wfWin = {0.37052161878978673, 0.06120484449837456, 0.0682349218933859, 0.015687351957305005, 0.41608846501843655, 0.0, 0.0, 0.01270291019170985, 0.027952528525748036, 0.02760735912525325},
    wfGro = 0.30731166272433863,
    nrPeople = 0.0,
    ratioConvectiveHeatPeople = 0.5,
    nrPeopleMachines = 0.0,
    ratioConvectiveHeatMachines = 0.75,
    lightingPower = 11.3,
    ratioConvectiveHeatLighting = 0.9,
    useConstantACHrate = false,
    baseACH = 0.2,
    maxUserACH = 1.0,
    maxOverheatingACH = {3.0, 2.0},
    maxSummerACH = {1.0, 283.15, 290.15},
    winterReduction = {0.2, 273.15, 283.15},
    withAHU = false,
    minAHU = 0.0,
    maxAHU = 0.5,
    hHeat = 2411.9329179282963,
    lHeat = 0,
    KRHeat = 10000,
    TNHeat = 1,
    HeaterOn = true,
    hCool = 0,
    lCool = 0.0,
    KRCool = 10000,
    TNCool = 1,
    CoolerOn = false);
end Inffeldgasse16C_1_Storage;
