 
within Inffeldgasse.Inffeldgasse16C_1.Inffeldgasse16C_1_DataBase;
record Inffeldgasse16C_1_ICT "Inffeldgasse16C_1_ICT"
  extends AixLib.DataBase.ThermalZones.ZoneBaseRecord(
    T_start = 293.15,
    withAirCap = true,
    VAir = 539.3009500796647,
    AZone = 202.17442226562503,
    alphaRad = 5.0,
    lat = 0.88645272708792,
    nOrientations = 10,
    AWin = {2.4540707472721373, 0.4053772056955648, 0.4519394207223335, 0.10390182269614359, 2.755873013872457, 0.0, 0.0, 0.08413501055220896, 0.18513759815522826, 0.18285144240708476},
    ATransparent = {2.4540707472721373, 0.4053772056955648, 0.4519394207223335, 0.10390182269614359, 2.755873013872457, 0.0, 0.0, 0.08413501055220896, 0.18513759815522826, 0.18285144240708476},
    alphaWin = 2.6999999999999997,
    RWin = 0.05408326638589461,
    gWin = 0.6700000000000002,
    UWin= 1.8936557576825381,
    ratioWinConRad = 0.03,
    AExt = {30.7090474591081, 5.072693141541799, 5.65535004849839, 1.300176862386878, 34.48565420062021, 50.54360556640626, 50.54360556640626, 1.052824591504669, 2.3167218363748834, 2.288113995526493},
    alphaExt = 2.150516803311623,
    nExt = 1,
    RExt = {0.00017240122028796832},
    RExtRem = 0.009577555894741078 ,
    CExt = {57319867.579954475},
    AInt = 1145.82421687654,
    alphaInt = 2.170666392049011,
    nInt = 1,
    RInt = {4.552799930172392e-05},
    CInt = {172601805.10598028},
    AFloor = 0.0,
    alphaFloor = 0.0,
    nFloor = 1,
    RFloor = {0.00001},
    RFloorRem =  0.00001,
    CFloor = {0.00001},
    ARoof = 0.0,
    alphaRoof = 0.0,
    nRoof = 1,
    RRoof = {0.00001},
    RRoofRem = 0.00001,
    CRoof = {0.00001},
    nOrientationsRoof = 1,
    tiltRoof = {0.0},
    aziRoof = {0.0},
    wfRoof = {0.0},
    aRoof = 0.0,
    aExt = 0.5,
    TSoil = 286.15,
    alphaWallOut = 20.0,
    alphaRadWall = 5.0,
    alphaWinOut = 20.0,
    alphaRoofOut = 0.0,
    alphaRadRoof = 0.0,
    tiltExtWalls = {1.5707963267948966, 1.5707963267948966, 1.5707963267948966, 1.5707963267948966, 1.5707963267948966, 0.0, 0.0, 1.5707963267948966, 1.5707963267948966, 1.5707963267948966},
    aziExtWalls = {2.6155333256893822, 2.6154221177572805, -2.0968557526675338, -0.5259734031046931, -0.52614484222903, 0.0, 0.0, 1.0526441929542922, 1.0448187697839852, 1.0428033382730049},
    wfWall = {0.16348863460063323, 0.027005971987994457, 0.03010791718137128, 0.006921873439871904, 0.18359450992664356, 0.25144921299830686, 0.0, 0.005605020968763938, 0.012333749208038832, 0.012181446964037173},
    wfWin = {0.3705216187897868, 0.061204844498374565, 0.06823492189338594, 0.01568735195730501, 0.4160884650184366, 0.0, 0.0, 0.012702910191709856, 0.027952528525748036, 0.02760735912525325},
    wfGro = 0.3073116627243386,
    nrPeople = 6.0652326679687505,
    ratioConvectiveHeatPeople = 0.5,
    nrPeopleMachines = 303.26163339843754,
    ratioConvectiveHeatMachines = 0.75,
    lightingPower = 7.1,
    ratioConvectiveHeatLighting = 0.9,
    useConstantACHrate = false,
    baseACH = 0.2,
    maxUserACH = 1.0,
    maxOverheatingACH = {3.0, 2.0},
    maxSummerACH = {1.0, 283.15, 290.15},
    winterReduction = {0.2, 273.15, 283.15},
    withAHU = false,
    minAHU = 0.0,
    maxAHU = 130.0,
    hHeat = 3882.365705612653,
    lHeat = 0,
    KRHeat = 10000,
    TNHeat = 1,
    HeaterOn = true,
    hCool = 0,
    lCool = 0.0,
    KRCool = 10000,
    TNCool = 1,
    CoolerOn = false);
end Inffeldgasse16C_1_ICT;
