 
within Inffeldgasse.Inffeldgasse16C_1.Inffeldgasse16C_1_DataBase;
record Inffeldgasse16C_1_Meeting "Inffeldgasse16C_1_Meeting"
  extends AixLib.DataBase.ThermalZones.ZoneBaseRecord(
    T_start = 293.15,
    withAirCap = true,
    VAir = 293.89697552025325,
    AZone = 110.17679687500001,
    alphaRad = 5.0,
    lat = 0.88645272708792,
    nOrientations = 10,
    AWin = {1.3373682546442165, 0.22091400855344132, 0.2462885126552226, 0.05662224670089569, 1.5018381546988866, 0.0, 0.0, 0.045850141990304606, 0.10089242406279468, 0.0996465626196647},
    ATransparent = {1.3373682546442165, 0.22091400855344132, 0.2462885126552226, 0.05662224670089569, 1.5018381546988866, 0.0, 0.0, 0.045850141990304606, 0.10089242406279468, 0.0996465626196647},
    alphaWin = 2.7,
    RWin = 0.09924279381811663,
    gWin = 0.6700000000000003,
    UWin= 1.893655757682538,
    ratioWinConRad = 0.029999999999999995,
    AExt = {16.735175727034385, 2.7644104313579287, 3.0819346313342724, 0.7085432492571542, 18.793272043934717, 27.544199218750002, 27.544199218750002, 0.5737463713921901, 1.2625187119209174, 1.2469286079163449},
    alphaExt = 2.1505168033116235,
    nExt = 1,
    RExt = {0.00031635623922842185},
    RExtRem = 0.01757481506684988 ,
    CExt = {31236985.05719591},
    AInt = 936.6410492178799,
    alphaInt = 2.1706663920490117,
    nInt = 1,
    RInt = {5.5695919145775626e-05},
    CInt = {141091393.81960237},
    AFloor = 0.0,
    alphaFloor = 0.0,
    nFloor = 1,
    RFloor = {0.00001},
    RFloorRem =  0.00001,
    CFloor = {0.00001},
    ARoof = 0.0,
    alphaRoof = 0.0,
    nRoof = 1,
    RRoof = {0.00001},
    RRoofRem = 0.00001,
    CRoof = {0.00001},
    nOrientationsRoof = 1,
    tiltRoof = {0.0},
    aziRoof = {0.0},
    wfRoof = {0.0},
    aRoof = 0.0,
    aExt = 0.5,
    TSoil = 286.15,
    alphaWallOut = 20.0,
    alphaRadWall = 5.0,
    alphaWinOut = 19.999999999999996,
    alphaRoofOut = 0.0,
    alphaRadRoof = 0.0,
    tiltExtWalls = {1.5707963267948966, 1.5707963267948966, 1.5707963267948966, 1.5707963267948966, 1.5707963267948966, 0.0, 0.0, 1.5707963267948966, 1.5707963267948966, 1.5707963267948966},
    aziExtWalls = {2.6155333256893822, 2.6154221177572805, -2.0968557526675338, -0.5259734031046931, -0.52614484222903, 0.0, 0.0, 1.0526441929542922, 1.0448187697839852, 1.0428033382730049},
    wfWall = {0.1634886346006333, 0.02700597198799446, 0.030107917181371287, 0.006921873439871903, 0.1835945099266436, 0.2514492129983069, 0.0, 0.005605020968763937, 0.012333749208038832, 0.012181446964037175},
    wfWin = {0.37052161878978684, 0.06120484449837458, 0.06823492189338594, 0.015687351957305015, 0.41608846501843666, 0.0, 0.0, 0.012702910191709858, 0.02795252852574804, 0.02760735912525326},
    wfGro = 0.3073116627243386,
    nrPeople = 26.442431250000006,
    ratioConvectiveHeatPeople = 0.5,
    nrPeopleMachines = 2.2035359375000003,
    ratioConvectiveHeatMachines = 0.75,
    lightingPower = 15.9,
    ratioConvectiveHeatLighting = 0.9,
    useConstantACHrate = false,
    baseACH = 0.2,
    maxUserACH = 1.0,
    maxOverheatingACH = {3.0, 2.0},
    maxSummerACH = {1.0, 283.15, 290.15},
    winterReduction = {0.2, 273.15, 283.15},
    withAHU = false,
    minAHU = 0.0,
    maxAHU = 12.0,
    hHeat = 2115.7306297616637,
    lHeat = 0,
    KRHeat = 10000,
    TNHeat = 1,
    HeaterOn = true,
    hCool = 0,
    lCool = 0.0,
    KRCool = 10000,
    TNCool = 1,
    CoolerOn = false);
end Inffeldgasse16C_1_Meeting;
