 
within Inffeldgasse.Inffeldgasse16C_1.Inffeldgasse16C_1_DataBase;
record Inffeldgasse16C_1_Floor "Inffeldgasse16C_1_Floor"
  extends AixLib.DataBase.ThermalZones.ZoneBaseRecord(
    T_start = 293.15,
    withAirCap = true,
    VAir = 3957.32277538021,
    AZone = 1483.530569921875,
    alphaRad = 5.0,
    lat = 0.88645272708792,
    nOrientations = 10,
    AWin = {18.00766354878437, 2.9746071251720867, 3.3162748229025723, 0.7624185518275604, 20.222250753020507, 0.0, 0.0, 0.6173721618994514, 1.3585164900055304, 1.341740965673785},
    ATransparent = {18.00766354878437, 2.9746071251720867, 3.3162748229025723, 0.7624185518275604, 20.222250753020507, 0.0, 0.0, 0.6173721618994514, 1.3585164900055304, 1.341740965673785},
    alphaWin = 2.7,
    RWin = 0.00737042657394108,
    gWin = 0.67,
    UWin= 1.8936557576825384,
    ratioWinConRad = 0.029999999999999995,
    AExt = {225.33914116451797, 37.22278645823451, 41.49824981091597, 9.54053485124758, 253.05140807158097, 370.88264248046875, 370.88264248046875, 7.725494890795839, 16.999814456015148, 16.789893705593585},
    alphaExt = 2.1505168033116235,
    nExt = 1,
    RExt = {2.3494707703558986e-05},
    RExtRem = 0.0013052220621500102 ,
    CExt = {420606003.7951429},
    AInt = 39074.37316926824,
    alphaInt = 2.3582984179565045,
    nInt = 1,
    RInt = {1.681217837081362e-06},
    CInt = {4599380991.925419},
    AFloor = 0.0,
    alphaFloor = 0.0,
    nFloor = 1,
    RFloor = {0.00001},
    RFloorRem =  0.00001,
    CFloor = {0.00001},
    ARoof = 0.0,
    alphaRoof = 0.0,
    nRoof = 1,
    RRoof = {0.00001},
    RRoofRem = 0.00001,
    CRoof = {0.00001},
    nOrientationsRoof = 1,
    tiltRoof = {0.0},
    aziRoof = {0.0},
    wfRoof = {0.0},
    aRoof = 0.0,
    aExt = 0.5,
    TSoil = 286.15,
    alphaWallOut = 20.0,
    alphaRadWall = 5.0,
    alphaWinOut = 20.0,
    alphaRoofOut = 0.0,
    alphaRadRoof = 0.0,
    tiltExtWalls = {1.5707963267948966, 1.5707963267948966, 1.5707963267948966, 1.5707963267948966, 1.5707963267948966, 0.0, 0.0, 1.5707963267948966, 1.5707963267948966, 1.5707963267948966},
    aziExtWalls = {2.6155333256893822, 2.6154221177572805, -2.0968557526675338, -0.5259734031046931, -0.52614484222903, 0.0, 0.0, 1.0526441929542922, 1.0448187697839852, 1.0428033382730049},
    wfWall = {0.16348863460063326, 0.02700597198799446, 0.030107917181371287, 0.006921873439871905, 0.1835945099266436, 0.2514492129983069, 0.0, 0.005605020968763937, 0.01233374920803883, 0.012181446964037175},
    wfWin = {0.37052161878978673, 0.061204844498374565, 0.06823492189338594, 0.015687351957305008, 0.4160884650184366, 0.0, 0.0, 0.012702910191709856, 0.027952528525748036, 0.02760735912525325},
    wfGro = 0.3073116627243386,
    nrPeople = 0.0,
    ratioConvectiveHeatPeople = 0.5,
    nrPeopleMachines = 0.0,
    ratioConvectiveHeatMachines = 0.75,
    lightingPower = 7.0,
    ratioConvectiveHeatLighting = 0.9,
    useConstantACHrate = false,
    baseACH = 0.2,
    maxUserACH = 1.0,
    maxOverheatingACH = {3.0, 2.0},
    maxSummerACH = {1.0, 283.15, 290.15},
    winterReduction = {0.2, 273.15, 283.15},
    withAHU = false,
    minAHU = 0.0,
    maxAHU = 2.0,
    hHeat = 28488.312929740805,
    lHeat = 0,
    KRHeat = 10000,
    TNHeat = 1,
    HeaterOn = true,
    hCool = 0,
    lCool = 0.0,
    KRCool = 10000,
    TNCool = 1,
    CoolerOn = false);
end Inffeldgasse16C_1_Floor;
