 
within Inffeldgasse.Inffeldgasse25D_2.Inffeldgasse25D_2_DataBase;
record Inffeldgasse25D_2_Floor "Inffeldgasse25D_2_Floor"
  extends AixLib.DataBase.ThermalZones.ZoneBaseRecord(
    T_start = 293.15,
    withAirCap = true,
    VAir = 258.73925901281837,
    AZone = 55.58309921875,
    alphaRad = 5.000000000000001,
    lat = 0.88645272708792,
    nOrientations = 8,
    AWin = {1.0298126142931228, 0.46195874206707316, 0.24897431730034675, 2.133181214500545, 1.49012313299666, 0.0, 0.0, 2.383095105891875},
    ATransparent = {1.0298126142931228, 0.46195874206707316, 0.24897431730034675, 2.133181214500545, 1.49012313299666, 0.0, 0.0, 2.383095105891875},
    alphaWin = 2.7000000000000006,
    RWin = 0.021074254250433282,
    gWin = 0.78,
    UWin= 3.0017821341055924,
    ratioWinConRad = 0.030000000000000002,
    AExt = {12.886574065343671, 5.780726961542024, 3.1155434840556904, 26.693591954425738, 18.646675961552802, 27.791549609375, 27.791549609375, 29.820892811565894},
    alphaExt = 2.3355854297730154,
    nExt = 1,
    RExt = {0.00019175206536160215},
    RExtRem = 0.00527232055405188 ,
    CExt = {53380179.55694358},
    AInt = 2015.303778895819,
    alphaInt = 2.534516960269274,
    nInt = 1,
    RInt = {3.149735523670849e-05},
    CInt = {327846234.35665125},
    AFloor = 0.0,
    alphaFloor = 0.0,
    nFloor = 1,
    RFloor = {0.00001},
    RFloorRem =  0.00001,
    CFloor = {0.00001},
    ARoof = 0.0,
    alphaRoof = 0.0,
    nRoof = 1,
    RRoof = {0.00001},
    RRoofRem = 0.00001,
    CRoof = {0.00001},
    nOrientationsRoof = 1,
    tiltRoof = {0.0},
    aziRoof = {0.0},
    wfRoof = {0.0},
    aRoof = 0.0,
    aExt = 0.5,
    TSoil = 286.15,
    alphaWallOut = 20.0,
    alphaRadWall = 5.0,
    alphaWinOut = 20.000000000000004,
    alphaRoofOut = 0.0,
    alphaRadRoof = 0.0,
    tiltExtWalls = {1.5707963267948966, 1.5707963267948966, 1.5707963267948966, 1.5707963267948966, 1.5707963267948966, 0.0, 0.0, 1.5707963267948966},
    aziExtWalls = {2.6174274294681363, 2.617427429567616, -2.100580337860309, -2.1005803376589895, -0.5247891723116269, 0.0, 0.0, 1.0403227658265064},
    wfWall = {0.08054631870444251, 0.03613188996755361, 0.019473411407239394, 0.16684578492508575, 0.11654929364173443, 0.1498838441488102, 0.0, 0.18639268468654455},
    wfWin = {0.13292801379148944, 0.05962954539913243, 0.032137556895770275, 0.2753506200693743, 0.19234480683649582, 0.0, 0.0, 0.3076094570077375},
    wfGro = 0.24417677251858969,
    nrPeople = 0.0,
    ratioConvectiveHeatPeople = 0.5,
    nrPeopleMachines = 0.0,
    ratioConvectiveHeatMachines = 0.75,
    lightingPower = 7.0,
    ratioConvectiveHeatLighting = 0.9,
    useConstantACHrate = false,
    baseACH = 0.2,
    maxUserACH = 1.0,
    maxOverheatingACH = {3.0, 2.0},
    maxSummerACH = {1.0, 283.15, 290.15},
    winterReduction = {0.2, 273.15, 283.15},
    withAHU = false,
    minAHU = 0.0,
    maxAHU = 2.0,
    hHeat = 5254.029309213371,
    lHeat = 0,
    KRHeat = 10000,
    TNHeat = 1,
    HeaterOn = true,
    hCool = 0,
    lCool = 0.0,
    KRCool = 10000,
    TNCool = 1,
    CoolerOn = false);
end Inffeldgasse25D_2_Floor;
