 
within Inffeldgasse.Inffeldgasse25D_2.Inffeldgasse25D_2_DataBase;
record Inffeldgasse25D_2_Laboratory "Inffeldgasse25D_2_Laboratory"
  extends AixLib.DataBase.ThermalZones.ZoneBaseRecord(
    T_start = 293.15,
    withAirCap = true,
    VAir = 247.59415910732744,
    AZone = 53.18887734374999,
    alphaRad = 5.0,
    lat = 0.88645272708792,
    nOrientations = 8,
    AWin = {0.9854538087758548, 0.442060036504585, 0.23824983872372577, 2.0412952060036775, 1.4259366185415492, 0.0, 0.0, 2.28044414700459},
    ATransparent = {0.9854538087758548, 0.442060036504585, 0.23824983872372577, 2.0412952060036775, 1.4259366185415492, 0.0, 0.0, 2.28044414700459},
    alphaWin = 2.700000000000001,
    RWin = 0.022022881915567262,
    gWin = 0.7800000000000001,
    UWin= 3.001782134105592,
    ratioWinConRad = 0.030000000000000006,
    AExt = {12.331489553060022, 5.531724240584403, 2.9813425764617576, 25.543775145397372, 17.843477145533445, 26.594438671874997, 26.594438671874997, 28.536368650354735},
    alphaExt = 2.335585429773015,
    nExt = 1,
    RExt = {0.0002003835126188571},
    RExtRem = 0.005509646585976607 ,
    CExt = {51080847.648809336},
    AInt = 176.9859568974137,
    alphaInt = 2.3994740245149515,
    nInt = 1,
    RInt = {0.00038339018094223017},
    CInt = {36525376.35392083},
    AFloor = 0.0,
    alphaFloor = 0.0,
    nFloor = 1,
    RFloor = {0.00001},
    RFloorRem =  0.00001,
    CFloor = {0.00001},
    ARoof = 0.0,
    alphaRoof = 0.0,
    nRoof = 1,
    RRoof = {0.00001},
    RRoofRem = 0.00001,
    CRoof = {0.00001},
    nOrientationsRoof = 1,
    tiltRoof = {0.0},
    aziRoof = {0.0},
    wfRoof = {0.0},
    aRoof = 0.0,
    aExt = 0.5,
    TSoil = 286.15,
    alphaWallOut = 20.0,
    alphaRadWall = 5.0,
    alphaWinOut = 20.0,
    alphaRoofOut = 0.0,
    alphaRadRoof = 0.0,
    tiltExtWalls = {1.5707963267948966, 1.5707963267948966, 1.5707963267948966, 1.5707963267948966, 1.5707963267948966, 0.0, 0.0, 1.5707963267948966},
    aziExtWalls = {2.6174274294681363, 2.617427429567616, -2.100580337860309, -2.1005803376589895, -0.5247891723116269, 0.0, 0.0, 1.0403227658265064},
    wfWall = {0.08054631870444251, 0.03613188996755361, 0.019473411407239394, 0.16684578492508573, 0.11654929364173444, 0.14988384414881017, 0.0, 0.1863926846865445},
    wfWin = {0.13292801379148944, 0.05962954539913244, 0.03213755689577028, 0.2753506200693743, 0.19234480683649585, 0.0, 0.0, 0.3076094570077376},
    wfGro = 0.24417677251858966,
    nrPeople = 3.1913326406249998,
    ratioConvectiveHeatPeople = 0.5,
    nrPeopleMachines = 9.573997921875,
    ratioConvectiveHeatMachines = 0.75,
    lightingPower = 14.0,
    ratioConvectiveHeatLighting = 0.9,
    useConstantACHrate = false,
    baseACH = 0.2,
    maxUserACH = 1.0,
    maxOverheatingACH = {3.0, 2.0},
    maxSummerACH = {1.0, 283.15, 290.15},
    winterReduction = {0.2, 273.15, 283.15},
    withAHU = false,
    minAHU = 24.0,
    maxAHU = 48.0,
    hHeat = 5027.713898939047,
    lHeat = 0,
    KRHeat = 10000,
    TNHeat = 1,
    HeaterOn = true,
    hCool = 0,
    lCool = 0.0,
    KRCool = 10000,
    TNCool = 1,
    CoolerOn = false);
end Inffeldgasse25D_2_Laboratory;
