 
within Inffeldgasse.Inffeldgasse25D_2.Inffeldgasse25D_2_DataBase;
record Inffeldgasse25D_2_Storage "Inffeldgasse25D_2_Storage"
  extends AixLib.DataBase.ThermalZones.ZoneBaseRecord(
    T_start = 293.15,
    withAirCap = true,
    VAir = 21.90588602113724,
    AZone = 4.705884375,
    alphaRad = 5.0,
    lat = 0.88645272708792,
    nOrientations = 8,
    AWin = {0.08718799705118158, 0.039111248864200775, 0.021079147547151525, 0.18060353394211817, 0.126159700825562, 0.0, 0.0, 0.20176222953707668},
    ATransparent = {0.08718799705118158, 0.039111248864200775, 0.021079147547151525, 0.18060353394211817, 0.126159700825562, 0.0, 0.0, 0.20176222953707668},
    alphaWin = 2.7,
    RWin = 0.24891652059831945,
    gWin = 0.7800000000000001,
    UWin= 3.0017821341055915,
    ratioWinConRad = 0.030000000000000002,
    AExt = {1.0910281793161372, 0.4894191411925665, 0.26377419768462584, 2.2599847625729925, 1.5787011211414923, 2.3529421875, 2.3529421875, 2.5247543858288246},
    alphaExt = 2.3355854297730154,
    nExt = 1,
    RExt = {0.0022648610176262893},
    RExtRem = 0.062273505491498744 ,
    CExt = {4519376.5090914},
    AInt = 78.2941369278431,
    alphaInt = 2.399474024514952,
    nInt = 1,
    RInt = {0.000866663593235199},
    CInt = {16157908.049464399},
    AFloor = 0.0,
    alphaFloor = 0.0,
    nFloor = 1,
    RFloor = {0.00001},
    RFloorRem =  0.00001,
    CFloor = {0.00001},
    ARoof = 0.0,
    alphaRoof = 0.0,
    nRoof = 1,
    RRoof = {0.00001},
    RRoofRem = 0.00001,
    CRoof = {0.00001},
    nOrientationsRoof = 1,
    tiltRoof = {0.0},
    aziRoof = {0.0},
    wfRoof = {0.0},
    aRoof = 0.0,
    aExt = 0.5,
    TSoil = 286.15,
    alphaWallOut = 20.0,
    alphaRadWall = 5.000000000000001,
    alphaWinOut = 20.0,
    alphaRoofOut = 0.0,
    alphaRadRoof = 0.0,
    tiltExtWalls = {1.5707963267948966, 1.5707963267948966, 1.5707963267948966, 1.5707963267948966, 1.5707963267948966, 0.0, 0.0, 1.5707963267948966},
    aziExtWalls = {2.6174274294681363, 2.617427429567616, -2.100580337860309, -2.1005803376589895, -0.5247891723116269, 0.0, 0.0, 1.0403227658265064},
    wfWall = {0.08054631870444252, 0.0361318899675536, 0.019473411407239394, 0.16684578492508573, 0.11654929364173443, 0.1498838441488102, 0.0, 0.18639268468654452},
    wfWin = {0.1329280137914895, 0.059629545399132455, 0.03213755689577029, 0.2753506200693743, 0.19234480683649585, 0.0, 0.0, 0.3076094570077377},
    wfGro = 0.2441767725185897,
    nrPeople = 0.0,
    ratioConvectiveHeatPeople = 0.5,
    nrPeopleMachines = 0.0,
    ratioConvectiveHeatMachines = 0.75,
    lightingPower = 11.3,
    ratioConvectiveHeatLighting = 0.9,
    useConstantACHrate = false,
    baseACH = 0.2,
    maxUserACH = 1.0,
    maxOverheatingACH = {3.0, 2.0},
    maxSummerACH = {1.0, 283.15, 290.15},
    winterReduction = {0.2, 273.15, 283.15},
    withAHU = false,
    minAHU = 0.0,
    maxAHU = 0.5,
    hHeat = 444.8268408840135,
    lHeat = 0,
    KRHeat = 10000,
    TNHeat = 1,
    HeaterOn = true,
    hCool = 0,
    lCool = 0.0,
    KRCool = 10000,
    TNCool = 1,
    CoolerOn = false);
end Inffeldgasse25D_2_Storage;
