 
within Inffeldgasse.Inffeldgasse25D_2.Inffeldgasse25D_2_DataBase;
record Inffeldgasse25D_2_Restroom "Inffeldgasse25D_2_Restroom"
  extends AixLib.DataBase.ThermalZones.ZoneBaseRecord(
    T_start = 293.15,
    withAirCap = true,
    VAir = 28.2470635535717,
    AZone = 6.068114062499999,
    alphaRad = 4.999999999999999,
    lat = 0.88645272708792,
    nOrientations = 8,
    AWin = {0.1124266277765236, 0.050432926166995726, 0.027181006047642755, 0.23288350429378393, 0.16267961422243518, 0.0, 0.0, 0.2601670854557041},
    ATransparent = {0.1124266277765236, 0.050432926166995726, 0.027181006047642755, 0.23288350429378393, 0.16267961422243518, 0.0, 0.0, 0.2601670854557041},
    alphaWin = 2.7000000000000006,
    RWin = 0.19303730168849265,
    gWin = 0.78,
    UWin= 3.0017821341055915,
    ratioWinConRad = 0.03,
    AExt = {1.406852125960282, 0.6310931031167304, 0.34012988648807013, 2.9141908780546477, 2.0356935509456084, 3.0340570312499997, 3.0340570312499997, 3.2556043396213785},
    alphaExt = 2.3355854297730154,
    nExt = 1,
    RExt = {0.001756422829995898},
    RExtRem = 0.04829373895259087 ,
    CExt = {5827617.077512594},
    AInt = 88.82200107142924,
    alphaInt = 2.4950469256726127,
    nInt = 1,
    RInt = {0.0007432423216607094},
    CInt = {15574078.696630629},
    AFloor = 0.0,
    alphaFloor = 0.0,
    nFloor = 1,
    RFloor = {0.00001},
    RFloorRem =  0.00001,
    CFloor = {0.00001},
    ARoof = 0.0,
    alphaRoof = 0.0,
    nRoof = 1,
    RRoof = {0.00001},
    RRoofRem = 0.00001,
    CRoof = {0.00001},
    nOrientationsRoof = 1,
    tiltRoof = {0.0},
    aziRoof = {0.0},
    wfRoof = {0.0},
    aRoof = 0.0,
    aExt = 0.5,
    TSoil = 286.15,
    alphaWallOut = 20.0,
    alphaRadWall = 5.0,
    alphaWinOut = 20.000000000000004,
    alphaRoofOut = 0.0,
    alphaRadRoof = 0.0,
    tiltExtWalls = {1.5707963267948966, 1.5707963267948966, 1.5707963267948966, 1.5707963267948966, 1.5707963267948966, 0.0, 0.0, 1.5707963267948966},
    aziExtWalls = {2.6174274294681363, 2.617427429567616, -2.100580337860309, -2.1005803376589895, -0.5247891723116269, 0.0, 0.0, 1.0403227658265064},
    wfWall = {0.0805463187044425, 0.0361318899675536, 0.019473411407239398, 0.1668457849250857, 0.1165492936417344, 0.1498838441488102, 0.0, 0.18639268468654446},
    wfWin = {0.1329280137914895, 0.059629545399132435, 0.03213755689577029, 0.2753506200693743, 0.19234480683649585, 0.0, 0.0, 0.3076094570077377},
    wfGro = 0.24417677251858966,
    nrPeople = 0.0,
    ratioConvectiveHeatPeople = 0.5,
    nrPeopleMachines = 0.0,
    ratioConvectiveHeatMachines = 0.75,
    lightingPower = 11.1,
    ratioConvectiveHeatLighting = 0.9,
    useConstantACHrate = false,
    baseACH = 0.2,
    maxUserACH = 1.0,
    maxOverheatingACH = {3.0, 2.0},
    maxSummerACH = {1.0, 283.15, 290.15},
    winterReduction = {0.2, 273.15, 283.15},
    withAHU = false,
    minAHU = 0.0,
    maxAHU = 8.0,
    hHeat = 573.5925053504384,
    lHeat = 0,
    KRHeat = 10000,
    TNHeat = 1,
    HeaterOn = true,
    hCool = 0,
    lCool = 0.0,
    KRCool = 10000,
    TNCool = 1,
    CoolerOn = false);
end Inffeldgasse25D_2_Restroom;
