 
within Inffeldgasse.Inffeldgasse25D_2.Inffeldgasse25D_2_DataBase;
record Inffeldgasse25D_2_ICT "Inffeldgasse25D_2_ICT"
  extends AixLib.DataBase.ThermalZones.ZoneBaseRecord(
    T_start = 293.15,
    withAirCap = true,
    VAir = 35.260790218234064,
    AZone = 7.57482265625,
    alphaRad = 5.0,
    lat = 0.88645272708792,
    nOrientations = 8,
    AWin = {0.14034208297273526, 0.06295538742614773, 0.03393003135879215, 0.29070831998577795, 0.20307285176746165, 0.0, 0.0, 0.3247663957899436},
    ATransparent = {0.14034208297273526, 0.06295538742614773, 0.03393003135879215, 0.29070831998577795, 0.20307285176746165, 0.0, 0.0, 0.3247663957899436},
    alphaWin = 2.7000000000000006,
    RWin = 0.1546402362300186,
    gWin = 0.7800000000000001,
    UWin= 3.001782134105592,
    ratioWinConRad = 0.030000000000000002,
    AExt = {1.7561725517939575, 0.7877930913055786, 0.42458390592218287, 3.6377824906328433, 2.541154874819858, 3.787411328125, 3.787411328125, 4.063968682452538},
    alphaExt = 2.3355854297730154,
    nExt = 1,
    RExt = {0.0014070526213046171},
    RExtRem = 0.038687627389813926 ,
    CExt = {7274610.433493609},
    AInt = 50.41043553073406,
    alphaInt = 2.399474024514952,
    nInt = 1,
    RInt = {0.001346044272872107},
    CInt = {10403425.007286727},
    AFloor = 0.0,
    alphaFloor = 0.0,
    nFloor = 1,
    RFloor = {0.00001},
    RFloorRem =  0.00001,
    CFloor = {0.00001},
    ARoof = 0.0,
    alphaRoof = 0.0,
    nRoof = 1,
    RRoof = {0.00001},
    RRoofRem = 0.00001,
    CRoof = {0.00001},
    nOrientationsRoof = 1,
    tiltRoof = {0.0},
    aziRoof = {0.0},
    wfRoof = {0.0},
    aRoof = 0.0,
    aExt = 0.5,
    TSoil = 286.15,
    alphaWallOut = 20.0,
    alphaRadWall = 5.0,
    alphaWinOut = 20.0,
    alphaRoofOut = 0.0,
    alphaRadRoof = 0.0,
    tiltExtWalls = {1.5707963267948966, 1.5707963267948966, 1.5707963267948966, 1.5707963267948966, 1.5707963267948966, 0.0, 0.0, 1.5707963267948966},
    aziExtWalls = {2.6174274294681363, 2.617427429567616, -2.100580337860309, -2.1005803376589895, -0.5247891723116269, 0.0, 0.0, 1.0403227658265064},
    wfWall = {0.08054631870444248, 0.0361318899675536, 0.01947341140723939, 0.16684578492508567, 0.11654929364173437, 0.1498838441488102, 0.0, 0.18639268468654455},
    wfWin = {0.1329280137914895, 0.05962954539913243, 0.03213755689577028, 0.27535062006937433, 0.19234480683649582, 0.0, 0.0, 0.30760945700773756},
    wfGro = 0.24417677251858963,
    nrPeople = 0.2272446796875,
    ratioConvectiveHeatPeople = 0.5,
    nrPeopleMachines = 11.362233984375,
    ratioConvectiveHeatMachines = 0.75,
    lightingPower = 7.1,
    ratioConvectiveHeatLighting = 0.9,
    useConstantACHrate = false,
    baseACH = 0.2,
    maxUserACH = 1.0,
    maxOverheatingACH = {3.0, 2.0},
    maxSummerACH = {1.0, 283.15, 290.15},
    winterReduction = {0.2, 273.15, 283.15},
    withAHU = false,
    minAHU = 0.0,
    maxAHU = 130.0,
    hHeat = 716.0151342299692,
    lHeat = 0,
    KRHeat = 10000,
    TNHeat = 1,
    HeaterOn = true,
    hCool = 0,
    lCool = 0.0,
    KRCool = 10000,
    TNCool = 1,
    CoolerOn = false);
end Inffeldgasse25D_2_ICT;
