 
within Inffeldgasse.Inffeldgasse25D_2.Inffeldgasse25D_2_DataBase;
record Inffeldgasse25D_2_Meeting "Inffeldgasse25D_2_Meeting"
  extends AixLib.DataBase.ThermalZones.ZoneBaseRecord(
    T_start = 293.15,
    withAirCap = true,
    VAir = 53.90000902569294,
    AZone = 11.57895234375,
    alphaRad = 4.999999999999999,
    lat = 0.88645272708792,
    nOrientations = 8,
    AWin = {0.2145283611654073, 0.09623425707375717, 0.051865797254175464, 0.4443797479891592, 0.3104192638734223, 0.0, 0.0, 0.4964412753083334},
    ATransparent = {0.2145283611654073, 0.09623425707375717, 0.051865797254175464, 0.4443797479891592, 0.3104192638734223, 0.0, 0.0, 0.4964412753083334},
    alphaWin = 2.7000000000000006,
    RWin = 0.10116393350519934,
    gWin = 0.78,
    UWin= 3.0017821341055915,
    ratioWinConRad = 0.030000000000000002,
    AExt = {2.684503546475232, 1.204228676355394, 0.6490233548292768, 5.560751981594073, 3.8844356533349877, 5.789476171875, 5.789476171875, 6.212224607236712},
    alphaExt = 2.335585429773015,
    nExt = 1,
    RExt = {0.0009204782745433057},
    RExtRem = 0.02530901827461981 ,
    CExt = {11120044.831580153},
    AInt = 154.1158274263859,
    alphaInt = 2.399474024514952,
    nInt = 1,
    RInt = {0.00044028364362215966},
    CInt = {31805566.371050976},
    AFloor = 0.0,
    alphaFloor = 0.0,
    nFloor = 1,
    RFloor = {0.00001},
    RFloorRem =  0.00001,
    CFloor = {0.00001},
    ARoof = 0.0,
    alphaRoof = 0.0,
    nRoof = 1,
    RRoof = {0.00001},
    RRoofRem = 0.00001,
    CRoof = {0.00001},
    nOrientationsRoof = 1,
    tiltRoof = {0.0},
    aziRoof = {0.0},
    wfRoof = {0.0},
    aRoof = 0.0,
    aExt = 0.5,
    TSoil = 286.15,
    alphaWallOut = 19.999999999999996,
    alphaRadWall = 4.999999999999998,
    alphaWinOut = 20.0,
    alphaRoofOut = 0.0,
    alphaRadRoof = 0.0,
    tiltExtWalls = {1.5707963267948966, 1.5707963267948966, 1.5707963267948966, 1.5707963267948966, 1.5707963267948966, 0.0, 0.0, 1.5707963267948966},
    aziExtWalls = {2.6174274294681363, 2.617427429567616, -2.100580337860309, -2.1005803376589895, -0.5247891723116269, 0.0, 0.0, 1.0403227658265064},
    wfWall = {0.0805463187044425, 0.0361318899675536, 0.01947341140723939, 0.1668457849250857, 0.11654929364173441, 0.14988384414881017, 0.0, 0.18639268468654446},
    wfWin = {0.13292801379148947, 0.05962954539913246, 0.03213755689577028, 0.2753506200693743, 0.19234480683649585, 0.0, 0.0, 0.3076094570077376},
    wfGro = 0.24417677251858966,
    nrPeople = 2.7789485625,
    ratioConvectiveHeatPeople = 0.5,
    nrPeopleMachines = 0.231579046875,
    ratioConvectiveHeatMachines = 0.75,
    lightingPower = 15.9,
    ratioConvectiveHeatLighting = 0.9,
    useConstantACHrate = false,
    baseACH = 0.2,
    maxUserACH = 1.0,
    maxOverheatingACH = {3.0, 2.0},
    maxSummerACH = {1.0, 283.15, 290.15},
    winterReduction = {0.2, 273.15, 283.15},
    withAHU = false,
    minAHU = 0.0,
    maxAHU = 12.0,
    hHeat = 1094.5081479646124,
    lHeat = 0,
    KRHeat = 10000,
    TNHeat = 1,
    HeaterOn = true,
    hCool = 0,
    lCool = 0.0,
    KRCool = 10000,
    TNCool = 1,
    CoolerOn = false);
end Inffeldgasse25D_2_Meeting;
