 
within Inffeldgasse.Inffeldgasse25D_2.Inffeldgasse25D_2_DataBase;
record Inffeldgasse25D_2_Floor "Inffeldgasse25D_2_Floor"
  extends AixLib.DataBase.ThermalZones.ZoneBaseRecord(
    T_start = 293.15,
    withAirCap = true,
    VAir = 19.215689492225646,
    AZone = 4.12796875,
    alphaRad = 4.999999999999999,
    lat = 0.88645272708792,
    nOrientations = 8,
    AWin = {0.07648069916770311, 0.034308113038772604, 0.01849048030451888, 0.15842415258080536, 0.1106664042329491, 0.0, 0.0, 0.17698441187462863},
    ATransparent = {0.07648069916770311, 0.034308113038772604, 0.01849048030451888, 0.15842415258080536, 0.1106664042329491, 0.0, 0.0, 0.17698441187462863},
    alphaWin = 2.7,
    RWin = 0.2837648334820842,
    gWin = 0.78,
    UWin= 3.001782134105591,
    ratioWinConRad = 0.03,
    AExt = {0.9570422625580148, 0.4293150361338302, 0.2313808751619525, 1.9824427741868351, 1.3848255448609579, 2.0639843749999995, 2.0639843749999995, 2.214696829674407},
    alphaExt = 2.335585429773016,
    nExt = 1,
    RExt = {0.0025819415600939724},
    RExtRem = 0.07099179626030859 ,
    CExt = {3964365.3588521047},
    AInt = 124.7248284995556,
    alphaInt = 2.534516960269274,
    nInt = 1,
    RInt = {0.0005089342659147365},
    CInt = {20290025.644055642},
    AFloor = 0.0,
    alphaFloor = 0.0,
    nFloor = 1,
    RFloor = {0.00001},
    RFloorRem =  0.00001,
    CFloor = {0.00001},
    ARoof = 0.0,
    alphaRoof = 0.0,
    nRoof = 1,
    RRoof = {0.00001},
    RRoofRem = 0.00001,
    CRoof = {0.00001},
    nOrientationsRoof = 1,
    tiltRoof = {0.0},
    aziRoof = {0.0},
    wfRoof = {0.0},
    aRoof = 0.0,
    aExt = 0.5,
    TSoil = 286.15,
    alphaWallOut = 20.000000000000004,
    alphaRadWall = 5.000000000000001,
    alphaWinOut = 19.999999999999996,
    alphaRoofOut = 0.0,
    alphaRadRoof = 0.0,
    tiltExtWalls = {1.5707963267948966, 1.5707963267948966, 1.5707963267948966, 1.5707963267948966, 1.5707963267948966, 0.0, 0.0, 1.5707963267948966},
    aziExtWalls = {2.6174274294681363, 2.617427429567616, -2.100580337860309, -2.1005803376589895, -0.5247891723116269, 0.0, 0.0, 1.0403227658265064},
    wfWall = {0.08054631870444251, 0.0361318899675536, 0.0194734114072394, 0.16684578492508573, 0.11654929364173441, 0.1498838441488102, 0.0, 0.18639268468654452},
    wfWin = {0.13292801379148947, 0.05962954539913246, 0.032137556895770296, 0.2753506200693742, 0.1923448068364959, 0.0, 0.0, 0.3076094570077376},
    wfGro = 0.24417677251858969,
    nrPeople = 0.0,
    ratioConvectiveHeatPeople = 0.5,
    nrPeopleMachines = 0.0,
    ratioConvectiveHeatMachines = 0.75,
    lightingPower = 7.0,
    ratioConvectiveHeatLighting = 0.9,
    useConstantACHrate = false,
    baseACH = 0.2,
    maxUserACH = 1.0,
    maxOverheatingACH = {3.0, 2.0},
    maxSummerACH = {1.0, 283.15, 290.15},
    winterReduction = {0.2, 273.15, 283.15},
    withAHU = false,
    minAHU = 0.0,
    maxAHU = 2.0,
    hHeat = 390.19898323159066,
    lHeat = 0,
    KRHeat = 10000,
    TNHeat = 1,
    HeaterOn = true,
    hCool = 0,
    lCool = 0.0,
    KRCool = 10000,
    TNCool = 1,
    CoolerOn = false);
end Inffeldgasse25D_2_Floor;
