 
within Inffeldgasse.Inffeldgasse25D_2.Inffeldgasse25D_2_DataBase;
record Inffeldgasse25D_2_Storage "Inffeldgasse25D_2_Storage"
  extends AixLib.DataBase.ThermalZones.ZoneBaseRecord(
    T_start = 293.15,
    withAirCap = true,
    VAir = 864.7060271501542,
    AZone = 185.75859375000002,
    alphaRad = 4.999999999999999,
    lat = 0.88645272708792,
    nOrientations = 8,
    AWin = {3.4416314625466407, 1.5438650867447674, 0.8320716137033496, 7.129086866136243, 4.97998819048271, 0.0, 0.0, 7.964298534358289},
    ATransparent = {3.4416314625466407, 1.5438650867447674, 0.8320716137033496, 7.129086866136243, 4.97998819048271, 0.0, 0.0, 7.964298534358289},
    alphaWin = 2.7000000000000006,
    RWin = 0.006305885188490759,
    gWin = 0.7799999999999999,
    UWin= 3.0017821341055915,
    ratioWinConRad = 0.029999999999999995,
    AExt = {43.066901815110675, 19.31917662602236, 10.412139382287863, 89.20992483840759, 62.31714951874311, 92.879296875, 92.879296875, 99.66135733534831},
    alphaExt = 2.335585429773015,
    nExt = 1,
    RExt = {5.737647911319943e-05},
    RExtRem = 0.0015775954724513016 ,
    CExt = {178396441.14834455},
    AInt = 2472.4464293003084,
    alphaInt = 2.3994740245149515,
    nInt = 1,
    RInt = {2.7444347119114628e-05},
    CInt = {510249727.87782305},
    AFloor = 0.0,
    alphaFloor = 0.0,
    nFloor = 1,
    RFloor = {0.00001},
    RFloorRem =  0.00001,
    CFloor = {0.00001},
    ARoof = 0.0,
    alphaRoof = 0.0,
    nRoof = 1,
    RRoof = {0.00001},
    RRoofRem = 0.00001,
    CRoof = {0.00001},
    nOrientationsRoof = 1,
    tiltRoof = {0.0},
    aziRoof = {0.0},
    wfRoof = {0.0},
    aRoof = 0.0,
    aExt = 0.5,
    TSoil = 286.15,
    alphaWallOut = 20.0,
    alphaRadWall = 4.999999999999999,
    alphaWinOut = 19.999999999999993,
    alphaRoofOut = 0.0,
    alphaRadRoof = 0.0,
    tiltExtWalls = {1.5707963267948966, 1.5707963267948966, 1.5707963267948966, 1.5707963267948966, 1.5707963267948966, 0.0, 0.0, 1.5707963267948966},
    aziExtWalls = {2.6174274294681363, 2.617427429567616, -2.100580337860309, -2.1005803376589895, -0.5247891723116269, 0.0, 0.0, 1.0403227658265064},
    wfWall = {0.08054631870444251, 0.03613188996755361, 0.0194734114072394, 0.16684578492508573, 0.11654929364173441, 0.1498838441488102, 0.0, 0.1863926846865445},
    wfWin = {0.13292801379148944, 0.05962954539913244, 0.032137556895770275, 0.2753506200693743, 0.19234480683649582, 0.0, 0.0, 0.3076094570077377},
    wfGro = 0.24417677251858969,
    nrPeople = 0.0,
    ratioConvectiveHeatPeople = 0.5,
    nrPeopleMachines = 0.0,
    ratioConvectiveHeatMachines = 0.75,
    lightingPower = 11.3,
    ratioConvectiveHeatLighting = 0.9,
    useConstantACHrate = false,
    baseACH = 0.2,
    maxUserACH = 1.0,
    maxOverheatingACH = {3.0, 2.0},
    maxSummerACH = {1.0, 283.15, 290.15},
    winterReduction = {0.2, 273.15, 283.15},
    withAHU = false,
    minAHU = 0.0,
    maxAHU = 0.5,
    hHeat = 17558.954245421584,
    lHeat = 0,
    KRHeat = 10000,
    TNHeat = 1,
    HeaterOn = true,
    hCool = 0,
    lCool = 0.0,
    KRCool = 10000,
    TNCool = 1,
    CoolerOn = false);
end Inffeldgasse25D_2_Storage;
