 
within Inffeldgasse.Inffeldgasse25D_2.Inffeldgasse25D_2_DataBase;
record Inffeldgasse25D_2_Office "Inffeldgasse25D_2_Office"
  extends AixLib.DataBase.ThermalZones.ZoneBaseRecord(
    T_start = 293.15,
    withAirCap = true,
    VAir = 315.13730767250064,
    AZone = 67.6986875,
    alphaRad = 5.000000000000001,
    lat = 0.88645272708792,
    nOrientations = 8,
    AWin = {1.2542834663503315, 0.5626530538358708, 0.3032438769941097, 2.5981561023252087, 1.8149290294203657, 0.0, 0.0, 2.90254435474391},
    ATransparent = {1.2542834663503315, 0.5626530538358708, 0.3032438769941097, 2.5981561023252087, 1.8149290294203657, 0.0, 0.0, 2.90254435474391},
    alphaWin = 2.7000000000000006,
    RWin = 0.01730273374890757,
    gWin = 0.78,
    UWin= 3.0017821341055915,
    ratioWinConRad = 0.030000000000000002,
    AExt = {15.695493105951448, 7.040766592594817, 3.7946463526560215, 32.5120614966641, 22.711138935719713, 33.84934375, 33.84934375, 36.321028006660285},
    alphaExt = 2.3355854297730154,
    nExt = 1,
    RExt = {0.0001574354609813399},
    RExtRem = 0.004328768064652961 ,
    CExt = {65015591.88517449},
    AInt = 1576.871389353752,
    alphaInt = 2.3994740245149524,
    nInt = 1,
    RInt = {4.303120628432609e-05},
    CInt = {325425937.5576337},
    AFloor = 0.0,
    alphaFloor = 0.0,
    nFloor = 1,
    RFloor = {0.00001},
    RFloorRem =  0.00001,
    CFloor = {0.00001},
    ARoof = 0.0,
    alphaRoof = 0.0,
    nRoof = 1,
    RRoof = {0.00001},
    RRoofRem = 0.00001,
    CRoof = {0.00001},
    nOrientationsRoof = 1,
    tiltRoof = {0.0},
    aziRoof = {0.0},
    wfRoof = {0.0},
    aRoof = 0.0,
    aExt = 0.5,
    TSoil = 286.15,
    alphaWallOut = 20.0,
    alphaRadWall = 5.0,
    alphaWinOut = 19.999999999999996,
    alphaRoofOut = 0.0,
    alphaRadRoof = 0.0,
    tiltExtWalls = {1.5707963267948966, 1.5707963267948966, 1.5707963267948966, 1.5707963267948966, 1.5707963267948966, 0.0, 0.0, 1.5707963267948966},
    aziExtWalls = {2.6174274294681363, 2.617427429567616, -2.100580337860309, -2.1005803376589895, -0.5247891723116269, 0.0, 0.0, 1.0403227658265064},
    wfWall = {0.08054631870444251, 0.03613188996755361, 0.0194734114072394, 0.16684578492508573, 0.1165492936417344, 0.14988384414881017, 0.0, 0.18639268468654455},
    wfWin = {0.13292801379148947, 0.05962954539913245, 0.03213755689577029, 0.2753506200693743, 0.19234480683649588, 0.0, 0.0, 0.3076094570077376},
    wfGro = 0.24417677251858969,
    nrPeople = 3.3849343750000003,
    ratioConvectiveHeatPeople = 0.5,
    nrPeopleMachines = 4.738908125000001,
    ratioConvectiveHeatMachines = 0.75,
    lightingPower = 12.5,
    ratioConvectiveHeatLighting = 0.9,
    useConstantACHrate = false,
    baseACH = 0.2,
    maxUserACH = 1.0,
    maxOverheatingACH = {3.0, 2.0},
    maxSummerACH = {1.0, 283.15, 290.15},
    winterReduction = {0.2, 273.15, 283.15},
    withAHU = false,
    minAHU = 0.0,
    maxAHU = 2.6,
    hHeat = 6399.263324998089,
    lHeat = 0,
    KRHeat = 10000,
    TNHeat = 1,
    HeaterOn = true,
    hCool = 0,
    lCool = 0.0,
    KRCool = 10000,
    TNCool = 1,
    CoolerOn = false);
end Inffeldgasse25D_2_Office;
