 
within Inffeldgasse.Inffeldgasse25E_7.Inffeldgasse25E_7_DataBase;
record Inffeldgasse25E_7_Floor "Inffeldgasse25E_7_Floor"
  extends AixLib.DataBase.ThermalZones.ZoneBaseRecord(
    T_start = 293.15,
    withAirCap = true,
    VAir = 61.94781992493942,
    AZone = 15.318081176757811,
    alphaRad = 5.000000000000001,
    lat = 0.88645272708792,
    nOrientations = 9,
    AWin = {0.4175429839128838, 0.21148092916844272, 0.2563710901301503, 0.0, 0.0, 0.042396034838514916, 0.6886605768245637, 0.22190577385013296, 1.003606496629852},
    ATransparent = {0.4175429839128838, 0.21148092916844272, 0.2563710901301503, 0.0, 0.0, 0.042396034838514916, 0.6886605768245637, 0.22190577385013296, 1.003606496629852},
    alphaWin = 2.7000000000000006,
    RWin = 0.05744805800094865,
    gWin = 0.7800000000000001,
    UWin= 3.0017821341055915,
    ratioWinConRad = 0.030000000000000002,
    AExt = {5.224929771666627, 2.6463694649997027, 3.2081031008178273, 15.318081176757815, 15.318081176757815, 0.5305233548711462, 8.617563434318189, 2.7768208998003128, 12.558643457827607},
    alphaExt = 2.2372119103739703,
    nExt = 1,
    RExt = {0.000451757967073721},
    RExtRem = 0.011948668524784383 ,
    CExt = {21936587.73577424},
    AInt = 402.6608295121062,
    alphaInt = 2.7,
    nInt = 1,
    RInt = {5.1257207162090725e-05},
    CInt = {44833705.93850984},
    AFloor = 0.0,
    alphaFloor = 0.0,
    nFloor = 1,
    RFloor = {0.00001},
    RFloorRem =  0.00001,
    CFloor = {0.00001},
    ARoof = 0.0,
    alphaRoof = 0.0,
    nRoof = 1,
    RRoof = {0.00001},
    RRoofRem = 0.00001,
    CRoof = {0.00001},
    nOrientationsRoof = 1,
    tiltRoof = {0.0},
    aziRoof = {0.0},
    wfRoof = {0.0},
    aRoof = 0.0,
    aExt = 0.5,
    TSoil = 286.15,
    alphaWallOut = 20.0,
    alphaRadWall = 4.999999999999999,
    alphaWinOut = 20.0,
    alphaRoofOut = 0.0,
    alphaRadRoof = 0.0,
    tiltExtWalls = {1.5707963267948966, 1.5707963267948966, 1.5707963267948966, 0.0, 0.0, 1.5707963267948966, 1.5707963267948966, 1.5707963267948966, 1.5707963267948966},
    aziExtWalls = {2.609152050897469, -0.5423522384477248, -2.101625005620329, 0.0, 0.0, -2.1186341828576447, -2.118604803516411, -0.5962904790078737, 1.0428981702140598},
    wfWall = {0.07431034291174163, 0.037637371411513285, 0.04562649680207127, 0.18797799490391537, 0.0, 0.007545244461838452, 0.12256128251530671, 0.039492686463962284, 0.17861237234577984},
    wfWin = {0.14692058054101365, 0.07441365819539965, 0.09020913019032524, 0.0, 0.0, 0.01491786544403112, 0.24231855315735373, 0.07808184157218795, 0.35313837089968864},
    wfGro = 0.30623620818387126,
    nrPeople = 0.0,
    ratioConvectiveHeatPeople = 0.5,
    nrPeopleMachines = 0.0,
    ratioConvectiveHeatMachines = 0.75,
    lightingPower = 7.0,
    ratioConvectiveHeatLighting = 0.9,
    useConstantACHrate = false,
    baseACH = 0.2,
    maxUserACH = 1.0,
    maxOverheatingACH = {3.0, 2.0},
    maxSummerACH = {1.0, 283.15, 290.15},
    winterReduction = {0.2, 273.15, 283.15},
    withAHU = false,
    minAHU = 0.0,
    maxAHU = 2.0,
    hHeat = 2036.1491952213803,
    lHeat = 0,
    KRHeat = 10000,
    TNHeat = 1,
    HeaterOn = true,
    hCool = 0,
    lCool = 0.0,
    KRCool = 10000,
    TNCool = 1,
    CoolerOn = false);
end Inffeldgasse25E_7_Floor;
