 
within Inffeldgasse.Inffeldgasse25E_7.Inffeldgasse25E_7_DataBase;
record Inffeldgasse25E_7_Office "Inffeldgasse25E_7_Office"
  extends AixLib.DataBase.ThermalZones.ZoneBaseRecord(
    T_start = 293.15,
    withAirCap = true,
    VAir = 75.4507424262166,
    AZone = 18.657001953125,
    alphaRad = 4.999999999999999,
    lat = 0.88645272708792,
    nOrientations = 9,
    AWin = {0.5085558808890676, 0.25757796051707843, 0.31225294304749096, 0.0, 0.0, 0.051637205447578514, 0.8387696591104973, 0.27027513487873606, 1.2223651351451594},
    ATransparent = {0.5085558808890676, 0.25757796051707843, 0.31225294304749096, 0.0, 0.0, 0.051637205447578514, 0.8387696591104973, 0.27027513487873606, 1.2223651351451594},
    alphaWin = 2.7,
    RWin = 0.04716695737699838,
    gWin = 0.78,
    UWin= 3.001782134105592,
    ratioWinConRad = 0.030000000000000006,
    AExt = {6.363820887882116, 3.2232052897137113, 3.9073814224591437, 18.657001953125004, 18.657001953125004, 0.6461628681683474, 10.495955464004332, 3.3820915526717514, 15.296082637086727},
    alphaExt = 2.2372119103739694,
    nExt = 1,
    RExt = {0.00037090981869802766},
    RExtRem = 0.00981029400525742 ,
    CExt = {26718161.0743927},
    AInt = 264.0775984917581,
    alphaInt = 2.7,
    nInt = 1,
    RInt = {7.815607863839869e-05},
    CInt = {29403350.234173674},
    AFloor = 0.0,
    alphaFloor = 0.0,
    nFloor = 1,
    RFloor = {0.00001},
    RFloorRem =  0.00001,
    CFloor = {0.00001},
    ARoof = 0.0,
    alphaRoof = 0.0,
    nRoof = 1,
    RRoof = {0.00001},
    RRoofRem = 0.00001,
    CRoof = {0.00001},
    nOrientationsRoof = 1,
    tiltRoof = {0.0},
    aziRoof = {0.0},
    wfRoof = {0.0},
    aRoof = 0.0,
    aExt = 0.5,
    TSoil = 286.15,
    alphaWallOut = 20.0,
    alphaRadWall = 5.0,
    alphaWinOut = 20.0,
    alphaRoofOut = 0.0,
    alphaRadRoof = 0.0,
    tiltExtWalls = {1.5707963267948966, 1.5707963267948966, 1.5707963267948966, 0.0, 0.0, 1.5707963267948966, 1.5707963267948966, 1.5707963267948966, 1.5707963267948966},
    aziExtWalls = {2.609152050897469, -0.5423522384477248, -2.101625005620329, 0.0, 0.0, -2.1186341828576447, -2.118604803516411, -0.5962904790078737, 1.0428981702140598},
    wfWall = {0.07431034291174161, 0.03763737141151328, 0.04562649680207127, 0.18797799490391537, 0.0, 0.007545244461838451, 0.12256128251530671, 0.03949268646396228, 0.1786123723457798},
    wfWin = {0.14692058054101362, 0.07441365819539963, 0.09020913019032525, 0.0, 0.0, 0.01491786544403112, 0.24231855315735373, 0.07808184157218795, 0.35313837089968864},
    wfGro = 0.30623620818387126,
    nrPeople = 0.9328500976562502,
    ratioConvectiveHeatPeople = 0.5,
    nrPeopleMachines = 1.30599013671875,
    ratioConvectiveHeatMachines = 0.75,
    lightingPower = 12.5,
    ratioConvectiveHeatLighting = 0.9,
    useConstantACHrate = false,
    baseACH = 0.2,
    maxUserACH = 1.0,
    maxOverheatingACH = {3.0, 2.0},
    maxSummerACH = {1.0, 283.15, 290.15},
    winterReduction = {0.2, 273.15, 283.15},
    withAHU = false,
    minAHU = 0.0,
    maxAHU = 2.6,
    hHeat = 2479.9737691519235,
    lHeat = 0,
    KRHeat = 10000,
    TNHeat = 1,
    HeaterOn = true,
    hCool = 0,
    lCool = 0.0,
    KRCool = 10000,
    TNCool = 1,
    CoolerOn = false);
end Inffeldgasse25E_7_Office;
