 
within Inffeldgasse.Inffeldgasse25E_7.Inffeldgasse25E_7_DataBase;
record Inffeldgasse25E_7_Laboratory "Inffeldgasse25E_7_Laboratory"
  extends AixLib.DataBase.ThermalZones.ZoneBaseRecord(
    T_start = 293.15,
    withAirCap = true,
    VAir = 59.27944000986591,
    AZone = 14.658260375976562,
    alphaRad = 5.0,
    lat = 0.88645272708792,
    nOrientations = 9,
    AWin = {0.3995574710521729, 0.20237146471113143, 0.24532799824188542, 0.0, 0.0, 0.04056984098732007, 0.6589967718072413, 0.21234726298247036, 0.960376510143011},
    ATransparent = {0.3995574710521729, 0.20237146471113143, 0.24532799824188542, 0.0, 0.0, 0.04056984098732007, 0.6589967718072413, 0.21234726298247036, 0.960376510143011},
    alphaWin = 2.7000000000000006,
    RWin = 0.06003400085236893,
    gWin = 0.7800000000000001,
    UWin= 3.0017821341055924,
    ratioWinConRad = 0.03,
    AExt = {4.99986781343665, 2.5323780584122666, 3.0699152212430527, 14.658260375976566, 14.658260375976566, 0.5076712534359242, 8.246365009371695, 2.657210344888751, 12.017684437735516},
    alphaExt = 2.2372119103739703,
    nExt = 1,
    RExt = {0.0004720932112260499},
    RExtRem = 0.012486520891441342 ,
    CExt = {20991677.16119207},
    AInt = 29.639720004932954,
    alphaInt = 2.7000000000000006,
    nInt = 1,
    RInt = {0.0006963382093665634},
    CInt = {4401392.735959626},
    AFloor = 0.0,
    alphaFloor = 0.0,
    nFloor = 1,
    RFloor = {0.00001},
    RFloorRem =  0.00001,
    CFloor = {0.00001},
    ARoof = 0.0,
    alphaRoof = 0.0,
    nRoof = 1,
    RRoof = {0.00001},
    RRoofRem = 0.00001,
    CRoof = {0.00001},
    nOrientationsRoof = 1,
    tiltRoof = {0.0},
    aziRoof = {0.0},
    wfRoof = {0.0},
    aRoof = 0.0,
    aExt = 0.5,
    TSoil = 286.15,
    alphaWallOut = 20.0,
    alphaRadWall = 5.0,
    alphaWinOut = 20.0,
    alphaRoofOut = 0.0,
    alphaRadRoof = 0.0,
    tiltExtWalls = {1.5707963267948966, 1.5707963267948966, 1.5707963267948966, 0.0, 0.0, 1.5707963267948966, 1.5707963267948966, 1.5707963267948966, 1.5707963267948966},
    aziExtWalls = {2.609152050897469, -0.5423522384477248, -2.101625005620329, 0.0, 0.0, -2.1186341828576447, -2.118604803516411, -0.5962904790078737, 1.0428981702140598},
    wfWall = {0.07431034291174161, 0.037637371411513285, 0.04562649680207129, 0.1879779949039154, 0.0, 0.0075452444618384525, 0.12256128251530671, 0.03949268646396229, 0.17861237234577984},
    wfWin = {0.14692058054101362, 0.07441365819539965, 0.09020913019032525, 0.0, 0.0, 0.01491786544403112, 0.2423185531573537, 0.07808184157218795, 0.3531383708996885},
    wfGro = 0.30623620818387126,
    nrPeople = 0.8794956225585937,
    ratioConvectiveHeatPeople = 0.5,
    nrPeopleMachines = 2.6384868676757813,
    ratioConvectiveHeatMachines = 0.75,
    lightingPower = 14.0,
    ratioConvectiveHeatLighting = 0.9,
    useConstantACHrate = false,
    baseACH = 0.2,
    maxUserACH = 1.0,
    maxOverheatingACH = {3.0, 2.0},
    maxSummerACH = {1.0, 283.15, 290.15},
    winterReduction = {0.2, 273.15, 283.15},
    withAHU = false,
    minAHU = 24.0,
    maxAHU = 48.0,
    hHeat = 1948.4428058245442,
    lHeat = 0,
    KRHeat = 10000,
    TNHeat = 1,
    HeaterOn = true,
    hCool = 0,
    lCool = 0.0,
    KRCool = 10000,
    TNCool = 1,
    CoolerOn = false);
end Inffeldgasse25E_7_Laboratory;
