 
within Inffeldgasse.Inffeldgasse25E_7.Inffeldgasse25E_7_DataBase;
record Inffeldgasse25E_7_Restroom "Inffeldgasse25E_7_Restroom"
  extends AixLib.DataBase.ThermalZones.ZoneBaseRecord(
    T_start = 293.15,
    withAirCap = true,
    VAir = 6.762962888203561,
    AZone = 1.672304443359375,
    alphaRad = 5.0,
    lat = 0.88645272708792,
    nOrientations = 9,
    AWin = {0.045583972250422516, 0.023087780607323492, 0.027988525992671445, 0.0, 0.0, 0.004628456829752464, 0.0751824023714897, 0.02422588099217939, 0.10956565540630392},
    ATransparent = {0.045583972250422516, 0.023087780607323492, 0.027988525992671445, 0.0, 0.0, 0.004628456829752464, 0.0751824023714897, 0.02422588099217939, 0.10956565540630392},
    alphaWin = 2.7000000000000006,
    RWin = 0.5262163952263765,
    gWin = 0.7799999999999999,
    UWin= 3.001782134105591,
    ratioWinConRad = 0.03,
    AExt = {0.5704156527552872, 0.2889092546267778, 0.3502347982326184, 1.6723044433593754, 1.6723044433593754, 0.057918257085821385, 0.9407960080540467, 0.303150889172407, 1.3710513095437493},
    alphaExt = 2.2372119103739707,
    nExt = 1,
    RExt = {0.004138041514726296},
    RExtRem = 0.10944817801783785 ,
    CExt = {2394859.5597169055},
    AInt = 16.907407220508905,
    alphaInt = 2.7000000000000006,
    nInt = 1,
    RInt = {0.0012207235139711791},
    CInt = {1882531.569870876},
    AFloor = 0.0,
    alphaFloor = 0.0,
    nFloor = 1,
    RFloor = {0.00001},
    RFloorRem =  0.00001,
    CFloor = {0.00001},
    ARoof = 0.0,
    alphaRoof = 0.0,
    nRoof = 1,
    RRoof = {0.00001},
    RRoofRem = 0.00001,
    CRoof = {0.00001},
    nOrientationsRoof = 1,
    tiltRoof = {0.0},
    aziRoof = {0.0},
    wfRoof = {0.0},
    aRoof = 0.0,
    aExt = 0.5,
    TSoil = 286.15,
    alphaWallOut = 20.000000000000004,
    alphaRadWall = 5.000000000000001,
    alphaWinOut = 19.999999999999996,
    alphaRoofOut = 0.0,
    alphaRadRoof = 0.0,
    tiltExtWalls = {1.5707963267948966, 1.5707963267948966, 1.5707963267948966, 0.0, 0.0, 1.5707963267948966, 1.5707963267948966, 1.5707963267948966, 1.5707963267948966},
    aziExtWalls = {2.609152050897469, -0.5423522384477248, -2.101625005620329, 0.0, 0.0, -2.1186341828576447, -2.118604803516411, -0.5962904790078737, 1.0428981702140598},
    wfWall = {0.07431034291174161, 0.03763737141151328, 0.045626496802071266, 0.18797799490391537, 0.0, 0.00754524446183845, 0.12256128251530671, 0.03949268646396229, 0.17861237234577984},
    wfWin = {0.14692058054101362, 0.07441365819539965, 0.09020913019032527, 0.0, 0.0, 0.014917865444031122, 0.24231855315735373, 0.07808184157218795, 0.3531383708996887},
    wfGro = 0.30623620818387126,
    nrPeople = 0.0,
    ratioConvectiveHeatPeople = 0.5,
    nrPeopleMachines = 0.0,
    ratioConvectiveHeatMachines = 0.75,
    lightingPower = 11.1,
    ratioConvectiveHeatLighting = 0.9,
    useConstantACHrate = false,
    baseACH = 0.2,
    maxUserACH = 1.0,
    maxOverheatingACH = {3.0, 2.0},
    maxSummerACH = {1.0, 283.15, 290.15},
    winterReduction = {0.2, 273.15, 283.15},
    withAHU = false,
    minAHU = 0.0,
    maxAHU = 8.0,
    hHeat = 222.29033174715408,
    lHeat = 0,
    KRHeat = 10000,
    TNHeat = 1,
    HeaterOn = true,
    hCool = 0,
    lCool = 0.0,
    KRCool = 10000,
    TNCool = 1,
    CoolerOn = false);
end Inffeldgasse25E_7_Restroom;
