 
within Inffeldgasse.Inffeldgasse25E_7.Inffeldgasse25E_7_DataBase;
record Inffeldgasse25E_7_Restroom "Inffeldgasse25E_7_Restroom"
  extends AixLib.DataBase.ThermalZones.ZoneBaseRecord(
    T_start = 293.15,
    withAirCap = true,
    VAir = 4.600655025988817,
    AZone = 1.1376220703125,
    alphaRad = 5.0,
    lat = 0.88645272708792,
    nOrientations = 9,
    AWin = {0.031009504932260207, 0.015705973202260876, 0.01903981360045676, 0.0, 0.0, 0.0031486100882669814, 0.051144491409176644, 0.016480191151142437, 0.07453445946007067},
    ATransparent = {0.031009504932260207, 0.015705973202260876, 0.01903981360045676, 0.0, 0.0, 0.0031486100882669814, 0.051144491409176644, 0.016480191151142437, 0.07453445946007067},
    alphaWin = 2.7,
    RWin = 0.7735381009827739,
    gWin = 0.7799999999999999,
    UWin= 3.001782134105592,
    ratioWinConRad = 0.03,
    AExt = {0.38803785901720206, 0.1965369079093726, 0.23825496478409405, 1.1376220703124997, 1.1376220703124997, 0.03940017488831385, 0.6399972843905078, 0.20622509467510672, 0.9326879656760196},
    alphaExt = 2.2372119103739703,
    nExt = 1,
    RExt = {0.006082921026647651},
    RExtRem = 0.16088882168622176 ,
    CExt = {1629156.1630727253},
    AInt = 7.667758376648028,
    alphaInt = 2.7,
    nInt = 1,
    RInt = {0.0026916953483064514},
    CInt = {853755.814000397},
    AFloor = 0.0,
    alphaFloor = 0.0,
    nFloor = 1,
    RFloor = {0.00001},
    RFloorRem =  0.00001,
    CFloor = {0.00001},
    ARoof = 0.0,
    alphaRoof = 0.0,
    nRoof = 1,
    RRoof = {0.00001},
    RRoofRem = 0.00001,
    CRoof = {0.00001},
    nOrientationsRoof = 1,
    tiltRoof = {0.0},
    aziRoof = {0.0},
    wfRoof = {0.0},
    aRoof = 0.0,
    aExt = 0.5,
    TSoil = 286.15,
    alphaWallOut = 20.0,
    alphaRadWall = 4.999999999999999,
    alphaWinOut = 20.0,
    alphaRoofOut = 0.0,
    alphaRadRoof = 0.0,
    tiltExtWalls = {1.5707963267948966, 1.5707963267948966, 1.5707963267948966, 0.0, 0.0, 1.5707963267948966, 1.5707963267948966, 1.5707963267948966, 1.5707963267948966},
    aziExtWalls = {2.609152050897469, -0.5423522384477248, -2.101625005620329, 0.0, 0.0, -2.1186341828576447, -2.118604803516411, -0.5962904790078737, 1.0428981702140598},
    wfWall = {0.07431034291174163, 0.03763737141151328, 0.045626496802071266, 0.18797799490391537, 0.0, 0.00754524446183845, 0.12256128251530674, 0.039492686463962284, 0.17861237234577987},
    wfWin = {0.14692058054101362, 0.07441365819539965, 0.09020913019032524, 0.0, 0.0, 0.014917865444031116, 0.24231855315735368, 0.07808184157218795, 0.35313837089968864},
    wfGro = 0.30623620818387115,
    nrPeople = 0.0,
    ratioConvectiveHeatPeople = 0.5,
    nrPeopleMachines = 0.0,
    ratioConvectiveHeatMachines = 0.75,
    lightingPower = 11.1,
    ratioConvectiveHeatLighting = 0.9,
    useConstantACHrate = false,
    baseACH = 0.2,
    maxUserACH = 1.0,
    maxOverheatingACH = {3.0, 2.0},
    maxSummerACH = {1.0, 283.15, 290.15},
    winterReduction = {0.2, 273.15, 283.15},
    withAHU = false,
    minAHU = 0.0,
    maxAHU = 8.0,
    hHeat = 151.217912753166,
    lHeat = 0,
    KRHeat = 10000,
    TNHeat = 1,
    HeaterOn = true,
    hCool = 0,
    lCool = 0.0,
    KRCool = 10000,
    TNCool = 1,
    CoolerOn = false);
end Inffeldgasse25E_7_Restroom;
