 
within Inffeldgasse.Inffeldgasse25E_7.Inffeldgasse25E_7_DataBase;
record Inffeldgasse25E_7_Storage "Inffeldgasse25E_7_Storage"
  extends AixLib.DataBase.ThermalZones.ZoneBaseRecord(
    T_start = 293.15,
    withAirCap = true,
    VAir = 5.244746729627251,
    AZone = 1.29688916015625,
    alphaRad = 4.999999999999999,
    lat = 0.88645272708792,
    nOrientations = 9,
    AWin = {0.03535083562277665, 0.017904809450577402, 0.021705387504520713, 0.0, 0.0, 0.00358941550062436, 0.058304720206461394, 0.018787417912302384, 0.0849692837844806},
    ATransparent = {0.03535083562277665, 0.017904809450577402, 0.021705387504520713, 0.0, 0.0, 0.00358941550062436, 0.058304720206461394, 0.018787417912302384, 0.0849692837844806},
    alphaWin = 2.6999999999999997,
    RWin = 0.6785421938445381,
    gWin = 0.78,
    UWin= 3.0017821341055915,
    ratioWinConRad = 0.03,
    AExt = {0.4423631592796105, 0.2240520750166848, 0.2716106598538673, 1.2968891601562502, 1.2968891601562502, 0.04491619937267781, 0.7295969042051791, 0.23509660792962175, 1.0632642808706627},
    alphaExt = 2.2372119103739703,
    nExt = 1,
    RExt = {0.005335895637410223},
    RExtRem = 0.14113054533879096 ,
    CExt = {1857238.0259029062},
    AInt = 13.111866824068128,
    alphaInt = 2.6999999999999997,
    nInt = 1,
    RInt = {0.0015740908469628364},
    CInt = {1459922.4419406787},
    AFloor = 0.0,
    alphaFloor = 0.0,
    nFloor = 1,
    RFloor = {0.00001},
    RFloorRem =  0.00001,
    CFloor = {0.00001},
    ARoof = 0.0,
    alphaRoof = 0.0,
    nRoof = 1,
    RRoof = {0.00001},
    RRoofRem = 0.00001,
    CRoof = {0.00001},
    nOrientationsRoof = 1,
    tiltRoof = {0.0},
    aziRoof = {0.0},
    wfRoof = {0.0},
    aRoof = 0.0,
    aExt = 0.5,
    TSoil = 286.15,
    alphaWallOut = 20.0,
    alphaRadWall = 5.0,
    alphaWinOut = 20.0,
    alphaRoofOut = 0.0,
    alphaRadRoof = 0.0,
    tiltExtWalls = {1.5707963267948966, 1.5707963267948966, 1.5707963267948966, 0.0, 0.0, 1.5707963267948966, 1.5707963267948966, 1.5707963267948966, 1.5707963267948966},
    aziExtWalls = {2.609152050897469, -0.5423522384477248, -2.101625005620329, 0.0, 0.0, -2.1186341828576447, -2.118604803516411, -0.5962904790078737, 1.0428981702140598},
    wfWall = {0.07431034291174161, 0.03763737141151328, 0.045626496802071266, 0.18797799490391537, 0.0, 0.00754524446183845, 0.12256128251530671, 0.03949268646396229, 0.1786123723457798},
    wfWin = {0.14692058054101362, 0.07441365819539963, 0.09020913019032525, 0.0, 0.0, 0.01491786544403112, 0.24231855315735373, 0.07808184157218795, 0.35313837089968864},
    wfGro = 0.30623620818387126,
    nrPeople = 0.0,
    ratioConvectiveHeatPeople = 0.5,
    nrPeopleMachines = 0.0,
    ratioConvectiveHeatMachines = 0.75,
    lightingPower = 11.3,
    ratioConvectiveHeatLighting = 0.9,
    useConstantACHrate = false,
    baseACH = 0.2,
    maxUserACH = 1.0,
    maxOverheatingACH = {3.0, 2.0},
    maxSummerACH = {1.0, 283.15, 290.15},
    winterReduction = {0.2, 273.15, 283.15},
    withAHU = false,
    minAHU = 0.0,
    maxAHU = 0.5,
    hHeat = 172.38842053860927,
    lHeat = 0,
    KRHeat = 10000,
    TNHeat = 1,
    HeaterOn = true,
    hCool = 0,
    lCool = 0.0,
    KRCool = 10000,
    TNCool = 1,
    CoolerOn = false);
end Inffeldgasse25E_7_Storage;
