 
within Inffeldgasse.Inffeldgasse25E_7.Inffeldgasse25E_7_DataBase;
record Inffeldgasse25E_7_Storage "Inffeldgasse25E_7_Storage"
  extends AixLib.DataBase.ThermalZones.ZoneBaseRecord(
    T_start = 293.15,
    withAirCap = true,
    VAir = 207.02947616949677,
    AZone = 51.1929931640625,
    alphaRad = 4.999999999999999,
    lat = 0.88645272708792,
    nOrientations = 9,
    AWin = {1.3954277219517093, 0.7067687941017394, 0.8567916120205543, 0.0, 0.0, 0.14168745397201418, 2.301502113412949, 0.7416086018014098, 3.3540506757031805},
    ATransparent = {1.3954277219517093, 0.7067687941017394, 0.8567916120205543, 0.0, 0.0, 0.14168745397201418, 2.301502113412949, 0.7416086018014098, 3.3540506757031805},
    alphaWin = 2.7,
    RWin = 0.01718973557739497,
    gWin = 0.7799999999999999,
    UWin= 3.0017821341055915,
    ratioWinConRad = 0.03,
    AExt = {17.46170365577409, 8.844160855921766, 10.721473415284233, 51.19299316406249, 51.19299316406249, 1.7730078699741234, 28.799877797572854, 9.280129260379804, 41.970958455420885},
    alphaExt = 2.2372119103739703,
    nExt = 1,
    RExt = {0.0001351760228143924},
    RExtRem = 0.003575307148582705 ,
    CExt = {73312027.3382726},
    AInt = 414.05895233899355,
    alphaInt = 2.7,
    nInt = 1,
    RInt = {4.984621015382318e-05},
    CInt = {46102813.95602142},
    AFloor = 0.0,
    alphaFloor = 0.0,
    nFloor = 1,
    RFloor = {0.00001},
    RFloorRem =  0.00001,
    CFloor = {0.00001},
    ARoof = 0.0,
    alphaRoof = 0.0,
    nRoof = 1,
    RRoof = {0.00001},
    RRoofRem = 0.00001,
    CRoof = {0.00001},
    nOrientationsRoof = 1,
    tiltRoof = {0.0},
    aziRoof = {0.0},
    wfRoof = {0.0},
    aRoof = 0.0,
    aExt = 0.5,
    TSoil = 286.15,
    alphaWallOut = 20.0,
    alphaRadWall = 5.0,
    alphaWinOut = 20.0,
    alphaRoofOut = 0.0,
    alphaRadRoof = 0.0,
    tiltExtWalls = {1.5707963267948966, 1.5707963267948966, 1.5707963267948966, 0.0, 0.0, 1.5707963267948966, 1.5707963267948966, 1.5707963267948966, 1.5707963267948966},
    aziExtWalls = {2.609152050897469, -0.5423522384477248, -2.101625005620329, 0.0, 0.0, -2.1186341828576447, -2.118604803516411, -0.5962904790078737, 1.0428981702140598},
    wfWall = {0.0743103429117416, 0.03763737141151328, 0.04562649680207128, 0.1879779949039154, 0.0, 0.007545244461838451, 0.12256128251530671, 0.039492686463962284, 0.1786123723457798},
    wfWin = {0.14692058054101365, 0.07441365819539965, 0.09020913019032528, 0.0, 0.0, 0.01491786544403112, 0.24231855315735368, 0.07808184157218796, 0.3531383708996887},
    wfGro = 0.30623620818387126,
    nrPeople = 0.0,
    ratioConvectiveHeatPeople = 0.5,
    nrPeopleMachines = 0.0,
    ratioConvectiveHeatMachines = 0.75,
    lightingPower = 11.3,
    ratioConvectiveHeatLighting = 0.9,
    useConstantACHrate = false,
    baseACH = 0.2,
    maxUserACH = 1.0,
    maxOverheatingACH = {3.0, 2.0},
    maxSummerACH = {1.0, 283.15, 290.15},
    winterReduction = {0.2, 273.15, 283.15},
    withAHU = false,
    minAHU = 0.0,
    maxAHU = 0.5,
    hHeat = 6804.80607389247,
    lHeat = 0,
    KRHeat = 10000,
    TNHeat = 1,
    HeaterOn = true,
    hCool = 0,
    lCool = 0.0,
    KRCool = 10000,
    TNCool = 1,
    CoolerOn = false);
end Inffeldgasse25E_7_Storage;
