 
within Inffeldgasse.Inffeldgasse25E_7.Inffeldgasse25E_7_DataBase;
record Inffeldgasse25E_7_Meeting "Inffeldgasse25E_7_Meeting"
  extends AixLib.DataBase.ThermalZones.ZoneBaseRecord(
    T_start = 293.15,
    withAirCap = true,
    VAir = 12.904837347898631,
    AZone = 3.191029907226562,
    alphaRad = 5.0,
    lat = 0.88645272708792,
    nOrientations = 9,
    AWin = {0.0869816613349899, 0.04405525483234176, 0.05340667714928122, 0.0, 0.0, 0.008831851297588886, 0.14346029840274052, 0.04622693617895455, 0.20906915878549828},
    ATransparent = {0.0869816613349899, 0.04405525483234176, 0.05340667714928122, 0.0, 0.0, 0.008831851297588886, 0.14346029840274052, 0.04622693617895455, 0.20906915878549828},
    alphaWin = 2.7000000000000006,
    RWin = 0.2757711589956412,
    gWin = 0.7799999999999999,
    UWin= 3.001782134105591,
    ratioWinConRad = 0.029999999999999995,
    AExt = {1.088446194543252, 0.5512860266857902, 0.668305176219384, 3.191029907226563, 3.191029907226563, 0.11051749056172039, 1.7951923827153748, 0.5784613905636745, 2.6161897437212356},
    alphaExt = 2.23721191037397,
    nExt = 1,
    RExt = {0.0021685992964875773},
    RExtRem = 0.05735786869384018 ,
    CExt = {4569783.037418994},
    AInt = 25.809674695797263,
    alphaInt = 2.7,
    nInt = 1,
    RInt = {0.0007996718206495695},
    CInt = {2873742.0699253352},
    AFloor = 0.0,
    alphaFloor = 0.0,
    nFloor = 1,
    RFloor = {0.00001},
    RFloorRem =  0.00001,
    CFloor = {0.00001},
    ARoof = 0.0,
    alphaRoof = 0.0,
    nRoof = 1,
    RRoof = {0.00001},
    RRoofRem = 0.00001,
    CRoof = {0.00001},
    nOrientationsRoof = 1,
    tiltRoof = {0.0},
    aziRoof = {0.0},
    wfRoof = {0.0},
    aRoof = 0.0,
    aExt = 0.5,
    TSoil = 286.15,
    alphaWallOut = 20.0,
    alphaRadWall = 5.0,
    alphaWinOut = 20.0,
    alphaRoofOut = 0.0,
    alphaRadRoof = 0.0,
    tiltExtWalls = {1.5707963267948966, 1.5707963267948966, 1.5707963267948966, 0.0, 0.0, 1.5707963267948966, 1.5707963267948966, 1.5707963267948966, 1.5707963267948966},
    aziExtWalls = {2.609152050897469, -0.5423522384477248, -2.101625005620329, 0.0, 0.0, -2.1186341828576447, -2.118604803516411, -0.5962904790078737, 1.0428981702140598},
    wfWall = {0.07431034291174163, 0.03763737141151327, 0.045626496802071266, 0.1879779949039154, 0.0, 0.007545244461838451, 0.12256128251530671, 0.039492686463962284, 0.17861237234577984},
    wfWin = {0.14692058054101365, 0.07441365819539966, 0.09020913019032525, 0.0, 0.0, 0.01491786544403112, 0.2423185531573537, 0.07808184157218798, 0.3531383708996887},
    wfGro = 0.30623620818387126,
    nrPeople = 0.7658471777343749,
    ratioConvectiveHeatPeople = 0.5,
    nrPeopleMachines = 0.06382059814453124,
    ratioConvectiveHeatMachines = 0.75,
    lightingPower = 15.9,
    ratioConvectiveHeatLighting = 0.9,
    useConstantACHrate = false,
    baseACH = 0.2,
    maxUserACH = 1.0,
    maxOverheatingACH = {3.0, 2.0},
    maxSummerACH = {1.0, 283.15, 290.15},
    winterReduction = {0.2, 273.15, 283.15},
    withAHU = false,
    minAHU = 0.0,
    maxAHU = 12.0,
    hHeat = 424.1662452726307,
    lHeat = 0,
    KRHeat = 10000,
    TNHeat = 1,
    HeaterOn = true,
    hCool = 0,
    lCool = 0.0,
    KRCool = 10000,
    TNCool = 1,
    CoolerOn = false);
end Inffeldgasse25E_7_Meeting;
