 
within Inffeldgasse.Inffeldgasse25E_7.Inffeldgasse25E_7_DataBase;
record Inffeldgasse25E_7_ICT "Inffeldgasse25E_7_ICT"
  extends AixLib.DataBase.ThermalZones.ZoneBaseRecord(
    T_start = 293.15,
    withAirCap = true,
    VAir = 8.44220197268948,
    AZone = 2.0875364990234377,
    alphaRad = 5.000000000000001,
    lat = 0.88645272708792,
    nOrientations = 9,
    AWin = {0.0569024415506975, 0.028820460826148718, 0.034938057956838166, 0.0, 0.0, 0.005777699511969913, 0.0938501417358392, 0.030241150762346385, 0.13677073310922974},
    ATransparent = {0.0569024415506975, 0.028820460826148718, 0.034938057956838166, 0.0, 0.0, 0.005777699511969913, 0.0938501417358392, 0.030241150762346385, 0.13677073310922974},
    alphaWin = 2.7,
    RWin = 0.4215466490369337,
    gWin = 0.78,
    UWin= 3.001782134105592,
    ratioWinConRad = 0.030000000000000006,
    AExt = {0.712049471296566, 0.36064522601369886, 0.43719786037881275, 2.087536499023438, 2.087536499023438, 0.07229932092005596, 1.1743950168565824, 0.37842304872882104, 1.7114824170154967},
    alphaExt = 2.2372119103739707,
    nExt = 1,
    RExt = {0.0033149433387725693},
    RExtRem = 0.08767783198159218 ,
    CExt = {2989501.5592384473},
    AInt = 8.44220197268948,
    alphaInt = 2.7,
    nInt = 1,
    RInt = {0.0024447732500512726},
    CInt = {939985.1512144371},
    AFloor = 0.0,
    alphaFloor = 0.0,
    nFloor = 1,
    RFloor = {0.00001},
    RFloorRem =  0.00001,
    CFloor = {0.00001},
    ARoof = 0.0,
    alphaRoof = 0.0,
    nRoof = 1,
    RRoof = {0.00001},
    RRoofRem = 0.00001,
    CRoof = {0.00001},
    nOrientationsRoof = 1,
    tiltRoof = {0.0},
    aziRoof = {0.0},
    wfRoof = {0.0},
    aRoof = 0.0,
    aExt = 0.5,
    TSoil = 286.15,
    alphaWallOut = 20.000000000000004,
    alphaRadWall = 5.0,
    alphaWinOut = 20.0,
    alphaRoofOut = 0.0,
    alphaRadRoof = 0.0,
    tiltExtWalls = {1.5707963267948966, 1.5707963267948966, 1.5707963267948966, 0.0, 0.0, 1.5707963267948966, 1.5707963267948966, 1.5707963267948966, 1.5707963267948966},
    aziExtWalls = {2.609152050897469, -0.5423522384477248, -2.101625005620329, 0.0, 0.0, -2.1186341828576447, -2.118604803516411, -0.5962904790078737, 1.0428981702140598},
    wfWall = {0.0743103429117416, 0.03763737141151327, 0.04562649680207126, 0.18797799490391537, 0.0, 0.00754524446183845, 0.12256128251530672, 0.03949268646396228, 0.17861237234577984},
    wfWin = {0.14692058054101365, 0.07441365819539963, 0.09020913019032523, 0.0, 0.0, 0.014917865444031118, 0.24231855315735368, 0.07808184157218796, 0.35313837089968864},
    wfGro = 0.3062362081838712,
    nrPeople = 0.06262609497070314,
    ratioConvectiveHeatPeople = 0.5,
    nrPeopleMachines = 3.1313047485351566,
    ratioConvectiveHeatMachines = 0.75,
    lightingPower = 7.1,
    ratioConvectiveHeatLighting = 0.9,
    useConstantACHrate = false,
    baseACH = 0.2,
    maxUserACH = 1.0,
    maxOverheatingACH = {3.0, 2.0},
    maxSummerACH = {1.0, 283.15, 290.15},
    winterReduction = {0.2, 273.15, 283.15},
    withAHU = false,
    minAHU = 0.0,
    maxAHU = 130.0,
    hHeat = 277.48486990205976,
    lHeat = 0,
    KRHeat = 10000,
    TNHeat = 1,
    HeaterOn = true,
    hCool = 0,
    lCool = 0.0,
    KRCool = 10000,
    TNCool = 1,
    CoolerOn = false);
end Inffeldgasse25E_7_ICT;
