 
within Inffeldgasse.Inffeldgasse25F_8.Inffeldgasse25F_8_DataBase;
record Inffeldgasse25F_8_Restroom "Inffeldgasse25F_8_Restroom"
  extends AixLib.DataBase.ThermalZones.ZoneBaseRecord(
    T_start = 293.15,
    withAirCap = true,
    VAir = 1.738782102070749,
    AZone = 0.356769287109375,
    alphaRad = 5.0,
    lat = 0.88645272708792,
    nOrientations = 10,
    AWin = {0.04906348535241528, 0.008469909643744852, 0.024840268756604948, 0.030218985375547368, 0.013794183824214575, 0.0, 0.0, 0.028585262859623078, 0.0045943580743859624, 0.005214518540396304},
    ATransparent = {0.04906348535241528, 0.008469909643744852, 0.024840268756604948, 0.030218985375547368, 0.013794183824214575, 0.0, 0.0, 0.028585262859623078, 0.0045943580743859624, 0.005214518540396304},
    alphaWin = 2.7,
    RWin = 0.9908019337296031,
    gWin = 0.7800000000000001,
    UWin= 3.001782134105592,
    ratioWinConRad = 0.030000000000000002,
    AExt = {0.613956586977521, 0.10598832878523966, 0.31083903876508356, 0.3781456818615792, 0.1726137056921986, 0.35676928710937506, 0.35676928710937506, 0.3577020730812294, 0.05749156184974867, 0.06525194822171591},
    alphaExt = 2.4429178509817113,
    nExt = 1,
    RExt = {0.010269967221548212},
    RExtRem = 0.29508626347698846 ,
    CExt = {1027723.0103086691},
    AInt = 4.346955255176873,
    alphaInt = 2.7,
    nInt = 1,
    RInt = {0.004747982977230237},
    CInt = {484005.64284984797},
    AFloor = 0.0,
    alphaFloor = 0.0,
    nFloor = 1,
    RFloor = {0.00001},
    RFloorRem =  0.00001,
    CFloor = {0.00001},
    ARoof = 0.0,
    alphaRoof = 0.0,
    nRoof = 1,
    RRoof = {0.00001},
    RRoofRem = 0.00001,
    CRoof = {0.00001},
    nOrientationsRoof = 1,
    tiltRoof = {0.0},
    aziRoof = {0.0},
    wfRoof = {0.0},
    aRoof = 0.0,
    aExt = 0.5,
    TSoil = 286.15,
    alphaWallOut = 20.0,
    alphaRadWall = 5.0,
    alphaWinOut = 20.0,
    alphaRoofOut = 0.0,
    alphaRadRoof = 0.0,
    tiltExtWalls = {1.5707963267948966, 1.5707963267948966, 1.5707963267948966, 1.5707963267948966, 1.5707963267948966, 0.0, 0.0, 1.5707963267948966, 1.5707963267948966, 1.5707963267948966},
    aziExtWalls = {2.614113398967858, -2.111215827365404, -2.107408414701964, -0.5289497217397265, -0.5266601394660527, 0.0, 0.0, 1.0149936182865116, -0.6248706507935662, 1.0424156461880059},
    wfWall = {0.21382335475947914, 0.03691267510912849, 0.10825626350254541, 0.13169722419871033, 0.060116370459142365, 0.1072108587510135, 0.0, 0.12457730545278639, 0.02002265125225448, 0.022725369788841394},
    wfWin = {0.2977497014964585, 0.05140101747791665, 0.15074719120024424, 0.18338880351581338, 0.08371223704442714, 0.0, 0.0, 0.17347429401958672, 0.027881605544130435, 0.031645149701422834},
    wfGro = 0.17465792672609856,
    nrPeople = 0.0,
    ratioConvectiveHeatPeople = 0.5,
    nrPeopleMachines = 0.0,
    ratioConvectiveHeatMachines = 0.75,
    lightingPower = 11.1,
    ratioConvectiveHeatLighting = 0.9,
    useConstantACHrate = false,
    baseACH = 0.2,
    maxUserACH = 1.0,
    maxOverheatingACH = {3.0, 2.0},
    maxSummerACH = {1.0, 283.15, 290.15},
    winterReduction = {0.2, 273.15, 283.15},
    withAHU = false,
    minAHU = 0.0,
    maxAHU = 8.0,
    hHeat = 95.03682158566704,
    lHeat = 0,
    KRHeat = 10000,
    TNHeat = 1,
    HeaterOn = true,
    hCool = 0,
    lCool = 0.0,
    KRCool = 10000,
    TNCool = 1,
    CoolerOn = false);
end Inffeldgasse25F_8_Restroom;
