 
within Inffeldgasse.Inffeldgasse25F_8.Inffeldgasse25F_8_DataBase;
record Inffeldgasse25F_8_Office "Inffeldgasse25F_8_Office"
  extends AixLib.DataBase.ThermalZones.ZoneBaseRecord(
    T_start = 293.15,
    withAirCap = true,
    VAir = 1.1828449673950674,
    AZone = 0.2427001953125,
    alphaRad = 4.999999999999999,
    lat = 0.88645272708792,
    nOrientations = 10,
    AWin = {0.03337652064790155, 0.005761843295064526, 0.016898142011295882, 0.020557132908535624, 0.009383798519873861, 0.0, 0.0, 0.01944575704736264, 0.0031254136560448726, 0.0035472915240791184},
    ATransparent = {0.03337652064790155, 0.005761843295064526, 0.016898142011295882, 0.020557132908535624, 0.009383798519873861, 0.0, 0.0, 0.01944575704736264, 0.0031254136560448726, 0.0035472915240791184},
    alphaWin = 2.7,
    RWin = 1.4564788425825164,
    gWin = 0.7799999999999999,
    UWin= 3.001782134105591,
    ratioWinConRad = 0.029999999999999995,
    AExt = {0.4176575421615789, 0.07210090393553718, 0.21145512841162148, 0.2572419604500539, 0.11742428958652967, 0.24270019531250006, 0.24270019531250006, 0.24333474359267307, 0.039109906020237194, 0.044389080422935996},
    alphaExt = 2.4429178509817118,
    nExt = 1,
    RExt = {0.015096851815675888},
    RExtRem = 0.4337768073111729 ,
    CExt = {699131.2995297065},
    AInt = 3.5485349021852026,
    alphaInt = 2.700000000000001,
    nInt = 1,
    RInt = {0.0058162791471070415},
    CInt = {395106.6472243656},
    AFloor = 0.0,
    alphaFloor = 0.0,
    nFloor = 1,
    RFloor = {0.00001},
    RFloorRem =  0.00001,
    CFloor = {0.00001},
    ARoof = 0.0,
    alphaRoof = 0.0,
    nRoof = 1,
    RRoof = {0.00001},
    RRoofRem = 0.00001,
    CRoof = {0.00001},
    nOrientationsRoof = 1,
    tiltRoof = {0.0},
    aziRoof = {0.0},
    wfRoof = {0.0},
    aRoof = 0.0,
    aExt = 0.5,
    TSoil = 286.15,
    alphaWallOut = 19.999999999999996,
    alphaRadWall = 4.999999999999999,
    alphaWinOut = 20.0,
    alphaRoofOut = 0.0,
    alphaRadRoof = 0.0,
    tiltExtWalls = {1.5707963267948966, 1.5707963267948966, 1.5707963267948966, 1.5707963267948966, 1.5707963267948966, 0.0, 0.0, 1.5707963267948966, 1.5707963267948966, 1.5707963267948966},
    aziExtWalls = {2.614113398967858, -2.111215827365404, -2.107408414701964, -0.5289497217397265, -0.5266601394660527, 0.0, 0.0, 1.0149936182865116, -0.6248706507935662, 1.0424156461880059},
    wfWall = {0.21382335475947914, 0.03691267510912849, 0.10825626350254543, 0.13169722419871033, 0.06011637045914237, 0.10721085875101351, 0.0, 0.12457730545278642, 0.020022651252254484, 0.022725369788841397},
    wfWin = {0.2977497014964585, 0.05140101747791665, 0.1507471912002442, 0.1833888035158134, 0.08371223704442714, 0.0, 0.0, 0.17347429401958672, 0.027881605544130442, 0.031645149701422834},
    wfGro = 0.17465792672609856,
    nrPeople = 0.012135009765625001,
    ratioConvectiveHeatPeople = 0.5,
    nrPeopleMachines = 0.016989013671875,
    ratioConvectiveHeatMachines = 0.75,
    lightingPower = 12.5,
    ratioConvectiveHeatLighting = 0.9,
    useConstantACHrate = false,
    baseACH = 0.2,
    maxUserACH = 1.0,
    maxOverheatingACH = {3.0, 2.0},
    maxSummerACH = {1.0, 283.15, 290.15},
    winterReduction = {0.2, 273.15, 283.15},
    withAHU = false,
    minAHU = 0.0,
    maxAHU = 2.6,
    hHeat = 64.65089903786873,
    lHeat = 0,
    KRHeat = 10000,
    TNHeat = 1,
    HeaterOn = true,
    hCool = 0,
    lCool = 0.0,
    KRCool = 10000,
    TNCool = 1,
    CoolerOn = false);
end Inffeldgasse25F_8_Office;
