 
within Inffeldgasse.Inffeldgasse25F_8.Inffeldgasse25F_8_DataBase;
record Inffeldgasse25F_8_Office "Inffeldgasse25F_8_Office"
  extends AixLib.DataBase.ThermalZones.ZoneBaseRecord(
    T_start = 293.15,
    withAirCap = true,
    VAir = 19.398657465279104,
    AZone = 3.980283203125,
    alphaRad = 5.0,
    lat = 0.88645272708792,
    nOrientations = 10,
    AWin = {0.5473749386255854, 0.09449423003905821, 0.27712952898525245, 0.33713697969998424, 0.1538942957259313, 0.0, 0.0, 0.31891041557674726, 0.0512567839591359, 0.05817558099489754},
    ATransparent = {0.5473749386255854, 0.09449423003905821, 0.27712952898525245, 0.33713697969998424, 0.1538942957259313, 0.0, 0.0, 0.31891041557674726, 0.0512567839591359, 0.05817558099489754},
    alphaWin = 2.6999999999999997,
    RWin = 0.08880968552332419,
    gWin = 0.78,
    UWin= 3.0017821341055915,
    ratioWinConRad = 0.03,
    AExt = {6.849583691449894, 1.1824548245428097, 3.467864105950592, 4.218768151380884, 1.9257583492190866, 3.980283203125001, 3.980283203125001, 3.990689794919838, 0.64140245873189, 0.7279809189361502},
    alphaExt = 2.442917850981712,
    nExt = 1,
    RExt = {0.0009205397448582859},
    RExtRem = 0.026449805323852008 ,
    CExt = {11465753.312287189},
    AInt = 67.89530112847689,
    alphaInt = 2.6999999999999993,
    nInt = 1,
    RInt = {0.00030398671500559446},
    CInt = {7559707.183559527},
    AFloor = 0.0,
    alphaFloor = 0.0,
    nFloor = 1,
    RFloor = {0.00001},
    RFloorRem =  0.00001,
    CFloor = {0.00001},
    ARoof = 0.0,
    alphaRoof = 0.0,
    nRoof = 1,
    RRoof = {0.00001},
    RRoofRem = 0.00001,
    CRoof = {0.00001},
    nOrientationsRoof = 1,
    tiltRoof = {0.0},
    aziRoof = {0.0},
    wfRoof = {0.0},
    aRoof = 0.0,
    aExt = 0.5,
    TSoil = 286.15,
    alphaWallOut = 20.0,
    alphaRadWall = 5.0,
    alphaWinOut = 20.0,
    alphaRoofOut = 0.0,
    alphaRadRoof = 0.0,
    tiltExtWalls = {1.5707963267948966, 1.5707963267948966, 1.5707963267948966, 1.5707963267948966, 1.5707963267948966, 0.0, 0.0, 1.5707963267948966, 1.5707963267948966, 1.5707963267948966},
    aziExtWalls = {2.614113398967858, -2.111215827365404, -2.107408414701964, -0.5289497217397265, -0.5266601394660527, 0.0, 0.0, 1.0149936182865116, -0.6248706507935662, 1.0424156461880059},
    wfWall = {0.2138233547594791, 0.036912675109128476, 0.10825626350254543, 0.13169722419871036, 0.06011637045914236, 0.10721085875101348, 0.0, 0.12457730545278639, 0.02002265125225448, 0.022725369788841387},
    wfWin = {0.2977497014964585, 0.051401017477916644, 0.1507471912002442, 0.18338880351581344, 0.08371223704442714, 0.0, 0.0, 0.1734742940195867, 0.027881605544130432, 0.031645149701422834},
    wfGro = 0.17465792672609856,
    nrPeople = 0.19901416015625,
    ratioConvectiveHeatPeople = 0.5,
    nrPeopleMachines = 0.27861982421875,
    ratioConvectiveHeatMachines = 0.75,
    lightingPower = 12.5,
    ratioConvectiveHeatLighting = 0.9,
    useConstantACHrate = false,
    baseACH = 0.2,
    maxUserACH = 1.0,
    maxOverheatingACH = {3.0, 2.0},
    maxSummerACH = {1.0, 283.15, 290.15},
    winterReduction = {0.2, 273.15, 283.15},
    withAHU = false,
    minAHU = 0.0,
    maxAHU = 2.6,
    hHeat = 1060.2747442210473,
    lHeat = 0,
    KRHeat = 10000,
    TNHeat = 1,
    HeaterOn = true,
    hCool = 0,
    lCool = 0.0,
    KRCool = 10000,
    TNCool = 1,
    CoolerOn = false);
end Inffeldgasse25F_8_Office;
