 
within Inffeldgasse.Inffeldgasse25F_8.Inffeldgasse25F_8_DataBase;
record Inffeldgasse25F_8_Storage "Inffeldgasse25F_8_Storage"
  extends AixLib.DataBase.ThermalZones.ZoneBaseRecord(
    T_start = 293.15,
    withAirCap = true,
    VAir = 1.348443262830377,
    AZone = 0.27667822265625003,
    alphaRad = 5.000000000000001,
    lat = 0.88645272708792,
    nOrientations = 10,
    AWin = {0.03804923353860777, 0.00656850135637356, 0.019263881892877307, 0.023435131515730612, 0.010697530312656202, 0.0, 0.0, 0.02216816303399341, 0.003562971567891155, 0.004043912337450195},
    ATransparent = {0.03804923353860777, 0.00656850135637356, 0.019263881892877307, 0.023435131515730612, 0.010697530312656202, 0.0, 0.0, 0.02216816303399341, 0.003562971567891155, 0.004043912337450195},
    alphaWin = 2.7000000000000006,
    RWin = 1.2776130198092248,
    gWin = 0.7800000000000001,
    UWin= 3.001782134105592,
    ratioWinConRad = 0.030000000000000002,
    AExt = {0.47612959806419997, 0.0821950304865124, 0.24105884638924852, 0.29325583491306145, 0.13386369012864383, 0.2766782226562501, 0.2766782226562501, 0.2774016076956473, 0.044585292863070405, 0.05060355168214704},
    alphaExt = 2.4429178509817118,
    nExt = 1,
    RExt = {0.013242852469891125},
    RExtRem = 0.38050597132559016 ,
    CExt = {797009.681463866},
    AInt = 3.371108157075943,
    alphaInt = 2.7,
    nInt = 1,
    RInt = {0.00612239910221794},
    CInt = {375351.3148631473},
    AFloor = 0.0,
    alphaFloor = 0.0,
    nFloor = 1,
    RFloor = {0.00001},
    RFloorRem =  0.00001,
    CFloor = {0.00001},
    ARoof = 0.0,
    alphaRoof = 0.0,
    nRoof = 1,
    RRoof = {0.00001},
    RRoofRem = 0.00001,
    CRoof = {0.00001},
    nOrientationsRoof = 1,
    tiltRoof = {0.0},
    aziRoof = {0.0},
    wfRoof = {0.0},
    aRoof = 0.0,
    aExt = 0.5,
    TSoil = 286.15,
    alphaWallOut = 20.0,
    alphaRadWall = 5.000000000000001,
    alphaWinOut = 20.0,
    alphaRoofOut = 0.0,
    alphaRadRoof = 0.0,
    tiltExtWalls = {1.5707963267948966, 1.5707963267948966, 1.5707963267948966, 1.5707963267948966, 1.5707963267948966, 0.0, 0.0, 1.5707963267948966, 1.5707963267948966, 1.5707963267948966},
    aziExtWalls = {2.614113398967858, -2.111215827365404, -2.107408414701964, -0.5289497217397265, -0.5266601394660527, 0.0, 0.0, 1.0149936182865116, -0.6248706507935662, 1.0424156461880059},
    wfWall = {0.2138233547594791, 0.036912675109128476, 0.10825626350254543, 0.13169722419871033, 0.06011637045914235, 0.10721085875101348, 0.0, 0.12457730545278639, 0.02002265125225448, 0.02272536978884139},
    wfWin = {0.2977497014964586, 0.051401017477916644, 0.15074719120024424, 0.18338880351581338, 0.08371223704442712, 0.0, 0.0, 0.17347429401958672, 0.027881605544130432, 0.031645149701422834},
    wfGro = 0.1746579267260985,
    nrPeople = 0.0,
    ratioConvectiveHeatPeople = 0.5,
    nrPeopleMachines = 0.0,
    ratioConvectiveHeatMachines = 0.75,
    lightingPower = 11.3,
    ratioConvectiveHeatLighting = 0.9,
    useConstantACHrate = false,
    baseACH = 0.2,
    maxUserACH = 1.0,
    maxOverheatingACH = {3.0, 2.0},
    maxSummerACH = {1.0, 283.15, 290.15},
    winterReduction = {0.2, 273.15, 283.15},
    withAHU = false,
    minAHU = 0.0,
    maxAHU = 0.5,
    hHeat = 73.70202490317037,
    lHeat = 0,
    KRHeat = 10000,
    TNHeat = 1,
    HeaterOn = true,
    hCool = 0,
    lCool = 0.0,
    KRCool = 10000,
    TNCool = 1,
    CoolerOn = false);
end Inffeldgasse25F_8_Storage;
