 
within Inffeldgasse.Inffeldgasse25F_8.Inffeldgasse25F_8_DataBase;
record Inffeldgasse25F_8_Laboratory "Inffeldgasse25F_8_Laboratory"
  extends AixLib.DataBase.ThermalZones.ZoneBaseRecord(
    T_start = 293.15,
    withAirCap = true,
    VAir = 15.240957404885442,
    AZone = 3.1271920166015623,
    alphaRad = 5.0,
    lat = 0.88645272708792,
    nOrientations = 10,
    AWin = {0.43005646854821145, 0.0742413508569064, 0.21773255981554743, 0.2648786575264815, 0.12091024392857469, 0.0, 0.0, 0.2505585795552676, 0.04027095495813818, 0.045706851287759434},
    ATransparent = {0.43005646854821145, 0.0742413508569064, 0.21773255981554743, 0.2648786575264815, 0.12091024392857469, 0.0, 0.0, 0.2505585795552676, 0.04027095495813818, 0.045706851287759434},
    alphaWin = 2.6999999999999997,
    RWin = 0.11303677474447159,
    gWin = 0.78,
    UWin= 3.001782134105591,
    ratioWinConRad = 0.029999999999999995,
    AExt = {5.381517430751944, 0.9290201472093965, 2.7245993295837425, 3.3145626603989444, 1.5130119713224348, 3.127192016601563, 3.127192016601563, 3.135368171191592, 0.5039311390707562, 0.5719533012495303},
    alphaExt = 2.4429178509817118,
    nExt = 1,
    RExt = {0.0011716609868588186},
    RExtRem = 0.03366525473893465 ,
    CExt = {9008306.794440273},
    AInt = 7.620478702442723,
    alphaInt = 2.7,
    nInt = 1,
    RInt = {0.0027083954119241174},
    CInt = {1131613.9153771272},
    AFloor = 0.0,
    alphaFloor = 0.0,
    nFloor = 1,
    RFloor = {0.00001},
    RFloorRem =  0.00001,
    CFloor = {0.00001},
    ARoof = 0.0,
    alphaRoof = 0.0,
    nRoof = 1,
    RRoof = {0.00001},
    RRoofRem = 0.00001,
    CRoof = {0.00001},
    nOrientationsRoof = 1,
    tiltRoof = {0.0},
    aziRoof = {0.0},
    wfRoof = {0.0},
    aRoof = 0.0,
    aExt = 0.5,
    TSoil = 286.15,
    alphaWallOut = 20.0,
    alphaRadWall = 5.0,
    alphaWinOut = 19.999999999999996,
    alphaRoofOut = 0.0,
    alphaRadRoof = 0.0,
    tiltExtWalls = {1.5707963267948966, 1.5707963267948966, 1.5707963267948966, 1.5707963267948966, 1.5707963267948966, 0.0, 0.0, 1.5707963267948966, 1.5707963267948966, 1.5707963267948966},
    aziExtWalls = {2.614113398967858, -2.111215827365404, -2.107408414701964, -0.5289497217397265, -0.5266601394660527, 0.0, 0.0, 1.0149936182865116, -0.6248706507935662, 1.0424156461880059},
    wfWall = {0.21382335475947914, 0.03691267510912848, 0.10825626350254541, 0.13169722419871036, 0.060116370459142365, 0.10721085875101351, 0.0, 0.1245773054527864, 0.02002265125225448, 0.02272536978884139},
    wfWin = {0.2977497014964585, 0.05140101747791665, 0.15074719120024427, 0.1833888035158134, 0.08371223704442715, 0.0, 0.0, 0.17347429401958678, 0.02788160554413044, 0.03164514970142284},
    wfGro = 0.17465792672609856,
    nrPeople = 0.18763152099609376,
    ratioConvectiveHeatPeople = 0.5,
    nrPeopleMachines = 0.5628945629882813,
    ratioConvectiveHeatMachines = 0.75,
    lightingPower = 14.0,
    ratioConvectiveHeatLighting = 0.9,
    useConstantACHrate = false,
    baseACH = 0.2,
    maxUserACH = 1.0,
    maxOverheatingACH = {3.0, 2.0},
    maxSummerACH = {1.0, 283.15, 290.15},
    winterReduction = {0.2, 273.15, 283.15},
    withAHU = false,
    minAHU = 24.0,
    maxAHU = 48.0,
    hHeat = 833.0268341029387,
    lHeat = 0,
    KRHeat = 10000,
    TNHeat = 1,
    HeaterOn = true,
    hCool = 0,
    lCool = 0.0,
    KRCool = 10000,
    TNCool = 1,
    CoolerOn = false);
end Inffeldgasse25F_8_Laboratory;
