 
within Inffeldgasse.Inffeldgasse25F_8.Inffeldgasse25F_8_DataBase;
record Inffeldgasse25F_8_ICT "Inffeldgasse25F_8_ICT"
  extends AixLib.DataBase.ThermalZones.ZoneBaseRecord(
    T_start = 293.15,
    withAirCap = true,
    VAir = 2.1705205151699487,
    AZone = 0.4453548583984375,
    alphaRad = 4.999999999999999,
    lat = 0.88645272708792,
    nOrientations = 10,
    AWin = {0.06124591538889935, 0.010572982446443405, 0.031008090590727944, 0.03772233888716287, 0.017219270283968535, 0.0, 0.0, 0.03568296418191044, 0.005735134058842341, 0.006509279946685182},
    ATransparent = {0.06124591538889935, 0.010572982446443405, 0.031008090590727944, 0.03772233888716287, 0.017219270283968535, 0.0, 0.0, 0.03568296418191044, 0.005735134058842341, 0.006509279946685182},
    alphaWin = 2.7,
    RWin = 0.793721440099464,
    gWin = 0.78,
    UWin= 3.0017821341055915,
    ratioWinConRad = 0.03,
    AExt = {0.7664015898664973, 0.13230515872171073, 0.3880201606353254, 0.4720389974258489, 0.21547357139128195, 0.44535485839843764, 0.44535485839843764, 0.4465192544925551, 0.07176667754713525, 0.08145396257608754},
    alphaExt = 2.442917850981712,
    nExt = 1,
    RExt = {0.008227167202003194},
    RExtRem = 0.2363906306872877 ,
    CExt = {1282905.9346370127},
    AInt = 2.170520515169949,
    alphaInt = 2.7,
    nInt = 1,
    RInt = {0.009508903237777179},
    CInt = {241673.5658855703},
    AFloor = 0.0,
    alphaFloor = 0.0,
    nFloor = 1,
    RFloor = {0.00001},
    RFloorRem =  0.00001,
    CFloor = {0.00001},
    ARoof = 0.0,
    alphaRoof = 0.0,
    nRoof = 1,
    RRoof = {0.00001},
    RRoofRem = 0.00001,
    CRoof = {0.00001},
    nOrientationsRoof = 1,
    tiltRoof = {0.0},
    aziRoof = {0.0},
    wfRoof = {0.0},
    aRoof = 0.0,
    aExt = 0.5,
    TSoil = 286.15,
    alphaWallOut = 20.0,
    alphaRadWall = 4.999999999999999,
    alphaWinOut = 20.0,
    alphaRoofOut = 0.0,
    alphaRadRoof = 0.0,
    tiltExtWalls = {1.5707963267948966, 1.5707963267948966, 1.5707963267948966, 1.5707963267948966, 1.5707963267948966, 0.0, 0.0, 1.5707963267948966, 1.5707963267948966, 1.5707963267948966},
    aziExtWalls = {2.614113398967858, -2.111215827365404, -2.107408414701964, -0.5289497217397265, -0.5266601394660527, 0.0, 0.0, 1.0149936182865116, -0.6248706507935662, 1.0424156461880059},
    wfWall = {0.2138233547594791, 0.036912675109128476, 0.10825626350254539, 0.13169722419871036, 0.06011637045914236, 0.1072108587510135, 0.0, 0.1245773054527864, 0.02002265125225448, 0.02272536978884139},
    wfWin = {0.2977497014964585, 0.05140101747791665, 0.15074719120024427, 0.18338880351581338, 0.08371223704442715, 0.0, 0.0, 0.17347429401958672, 0.02788160554413044, 0.03164514970142284},
    wfGro = 0.17465792672609856,
    nrPeople = 0.013360645751953126,
    ratioConvectiveHeatPeople = 0.5,
    nrPeopleMachines = 0.6680322875976563,
    ratioConvectiveHeatMachines = 0.75,
    lightingPower = 7.1,
    ratioConvectiveHeatLighting = 0.9,
    useConstantACHrate = false,
    baseACH = 0.2,
    maxUserACH = 1.0,
    maxOverheatingACH = {3.0, 2.0},
    maxSummerACH = {1.0, 283.15, 290.15},
    winterReduction = {0.2, 273.15, 283.15},
    withAHU = false,
    minAHU = 0.0,
    maxAHU = 130.0,
    hHeat = 118.63439973448914,
    lHeat = 0,
    KRHeat = 10000,
    TNHeat = 1,
    HeaterOn = true,
    hCool = 0,
    lCool = 0.0,
    KRCool = 10000,
    TNCool = 1,
    CoolerOn = false);
end Inffeldgasse25F_8_ICT;
