 
within Inffeldgasse.Inffeldgasse25F_8.Inffeldgasse25F_8_DataBase;
record Inffeldgasse25F_8_Floor "Inffeldgasse25F_8_Floor"
  extends AixLib.DataBase.ThermalZones.ZoneBaseRecord(
    T_start = 293.15,
    withAirCap = true,
    VAir = 15.927007485974581,
    AZone = 3.267958129882812,
    alphaRad = 4.999999999999998,
    lat = 0.88645272708792,
    nOrientations = 10,
    AWin = {0.4494148505239943, 0.07758321996804383, 0.22753348218209904, 0.27680179461343213, 0.12635284707010153, 0.0, 0.0, 0.2618371186427379, 0.042083694878644204, 0.04776428037172532},
    ATransparent = {0.4494148505239943, 0.07758321996804383, 0.22753348218209904, 0.27680179461343213, 0.12635284707010153, 0.0, 0.0, 0.2618371186427379, 0.042083694878644204, 0.04776428037172532},
    alphaWin = 2.7000000000000006,
    RWin = 0.1081677565972905,
    gWin = 0.7800000000000001,
    UWin= 3.001782134105592,
    ratioWinConRad = 0.030000000000000002,
    AExt = {5.623758805205659, 0.9708386714920081, 2.847243304062483, 3.4637629974599755, 1.581118059282622, 3.267958129882813, 3.267958129882813, 3.2765023224753427, 0.5266148845624937, 0.5976989678948331},
    alphaExt = 2.442917850981712,
    nExt = 1,
    RExt = {0.0011211921140494518},
    RExtRem = 0.0322151360795524 ,
    CExt = {9413802.948167507},
    AInt = 103.52554865883481,
    alphaInt = 2.6999999999999997,
    nInt = 1,
    RInt = {0.00019936402000995314},
    CInt = {11526907.177231511},
    AFloor = 0.0,
    alphaFloor = 0.0,
    nFloor = 1,
    RFloor = {0.00001},
    RFloorRem =  0.00001,
    CFloor = {0.00001},
    ARoof = 0.0,
    alphaRoof = 0.0,
    nRoof = 1,
    RRoof = {0.00001},
    RRoofRem = 0.00001,
    CRoof = {0.00001},
    nOrientationsRoof = 1,
    tiltRoof = {0.0},
    aziRoof = {0.0},
    wfRoof = {0.0},
    aRoof = 0.0,
    aExt = 0.5,
    TSoil = 286.15,
    alphaWallOut = 20.0,
    alphaRadWall = 4.999999999999999,
    alphaWinOut = 20.0,
    alphaRoofOut = 0.0,
    alphaRadRoof = 0.0,
    tiltExtWalls = {1.5707963267948966, 1.5707963267948966, 1.5707963267948966, 1.5707963267948966, 1.5707963267948966, 0.0, 0.0, 1.5707963267948966, 1.5707963267948966, 1.5707963267948966},
    aziExtWalls = {2.614113398967858, -2.111215827365404, -2.107408414701964, -0.5289497217397265, -0.5266601394660527, 0.0, 0.0, 1.0149936182865116, -0.6248706507935662, 1.0424156461880059},
    wfWall = {0.21382335475947906, 0.036912675109128476, 0.1082562635025454, 0.13169722419871033, 0.060116370459142345, 0.10721085875101347, 0.0, 0.12457730545278636, 0.020022651252254473, 0.022725369788841387},
    wfWin = {0.2977497014964586, 0.05140101747791665, 0.15074719120024424, 0.1833888035158134, 0.08371223704442714, 0.0, 0.0, 0.17347429401958672, 0.027881605544130435, 0.03164514970142284},
    wfGro = 0.17465792672609856,
    nrPeople = 0.0,
    ratioConvectiveHeatPeople = 0.5,
    nrPeopleMachines = 0.0,
    ratioConvectiveHeatMachines = 0.75,
    lightingPower = 7.0,
    ratioConvectiveHeatLighting = 0.9,
    useConstantACHrate = false,
    baseACH = 0.2,
    maxUserACH = 1.0,
    maxOverheatingACH = {3.0, 2.0},
    maxSummerACH = {1.0, 283.15, 290.15},
    winterReduction = {0.2, 273.15, 283.15},
    withAHU = false,
    minAHU = 0.0,
    maxAHU = 2.0,
    hHeat = 870.5243555449025,
    lHeat = 0,
    KRHeat = 10000,
    TNHeat = 1,
    HeaterOn = true,
    hCool = 0,
    lCool = 0.0,
    KRCool = 10000,
    TNCool = 1,
    CoolerOn = false);
end Inffeldgasse25F_8_Floor;
