 
within Inffeldgasse.Inffeldgasse25F_8.Inffeldgasse25F_8_DataBase;
record Inffeldgasse25F_8_Storage "Inffeldgasse25F_8_Storage"
  extends AixLib.DataBase.ThermalZones.ZoneBaseRecord(
    T_start = 293.15,
    withAirCap = true,
    VAir = 53.22802353277803,
    AZone = 10.9215087890625,
    alphaRad = 5.0,
    lat = 0.88645272708792,
    nOrientations = 10,
    AWin = {1.5019434291555698, 0.25928294827790366, 0.7604163905083147, 0.9250709808841031, 0.4222709333943237, 0.0, 0.0, 0.8750590671313188, 0.14064361452201926, 0.15962811858356032},
    ATransparent = {1.5019434291555698, 0.25928294827790366, 0.7604163905083147, 0.9250709808841031, 0.4222709333943237, 0.0, 0.0, 0.8750590671313188, 0.14064361452201926, 0.15962811858356032},
    alphaWin = 2.7,
    RWin = 0.0323661965018337,
    gWin = 0.78,
    UWin= 3.0017821341055906,
    ratioWinConRad = 0.029999999999999992,
    AExt = {18.79458939727105, 3.2445406770991734, 9.515480778522965, 11.575888220252425, 5.2840930313938355, 10.921508789062502, 10.921508789062502, 10.950063461670288, 1.7599457709106736, 1.9975086190321196},
    alphaExt = 2.4429178509817118,
    nExt = 1,
    RExt = {0.0003354855959039085},
    RExtRem = 0.009639484606914956 ,
    CExt = {31460908.47883681},
    AInt = 106.45604706555608,
    alphaInt = 2.7,
    nInt = 1,
    RInt = {0.00019387597157023476},
    CInt = {11853199.416730966},
    AFloor = 0.0,
    alphaFloor = 0.0,
    nFloor = 1,
    RFloor = {0.00001},
    RFloorRem =  0.00001,
    CFloor = {0.00001},
    ARoof = 0.0,
    alphaRoof = 0.0,
    nRoof = 1,
    RRoof = {0.00001},
    RRoofRem = 0.00001,
    CRoof = {0.00001},
    nOrientationsRoof = 1,
    tiltRoof = {0.0},
    aziRoof = {0.0},
    wfRoof = {0.0},
    aRoof = 0.0,
    aExt = 0.5,
    TSoil = 286.15,
    alphaWallOut = 20.0,
    alphaRadWall = 5.000000000000001,
    alphaWinOut = 20.0,
    alphaRoofOut = 0.0,
    alphaRadRoof = 0.0,
    tiltExtWalls = {1.5707963267948966, 1.5707963267948966, 1.5707963267948966, 1.5707963267948966, 1.5707963267948966, 0.0, 0.0, 1.5707963267948966, 1.5707963267948966, 1.5707963267948966},
    aziExtWalls = {2.614113398967858, -2.111215827365404, -2.107408414701964, -0.5289497217397265, -0.5266601394660527, 0.0, 0.0, 1.0149936182865116, -0.6248706507935662, 1.0424156461880059},
    wfWall = {0.2138233547594791, 0.03691267510912848, 0.1082562635025454, 0.13169722419871033, 0.06011637045914236, 0.10721085875101347, 0.0, 0.12457730545278642, 0.020022651252254484, 0.022725369788841383},
    wfWin = {0.2977497014964586, 0.05140101747791666, 0.15074719120024424, 0.18338880351581344, 0.08371223704442714, 0.0, 0.0, 0.17347429401958672, 0.027881605544130446, 0.03164514970142285},
    wfGro = 0.17465792672609853,
    nrPeople = 0.0,
    ratioConvectiveHeatPeople = 0.5,
    nrPeopleMachines = 0.0,
    ratioConvectiveHeatMachines = 0.75,
    lightingPower = 11.3,
    ratioConvectiveHeatLighting = 0.9,
    useConstantACHrate = false,
    baseACH = 0.2,
    maxUserACH = 1.0,
    maxOverheatingACH = {3.0, 2.0},
    maxSummerACH = {1.0, 283.15, 290.15},
    winterReduction = {0.2, 273.15, 283.15},
    withAHU = false,
    minAHU = 0.0,
    maxAHU = 0.5,
    hHeat = 2909.2904567040932,
    lHeat = 0,
    KRHeat = 10000,
    TNHeat = 1,
    HeaterOn = true,
    hCool = 0,
    lCool = 0.0,
    KRCool = 10000,
    TNCool = 1,
    CoolerOn = false);
end Inffeldgasse25F_8_Storage;
