 
within Inffeldgasse.Inffeldgasse25F_8.Inffeldgasse25F_8_DataBase;
record Inffeldgasse25F_8_Meeting "Inffeldgasse25F_8_Meeting"
  extends AixLib.DataBase.ThermalZones.ZoneBaseRecord(
    T_start = 293.15,
    withAirCap = true,
    VAir = 3.3178801335431642,
    AZone = 0.6807740478515625,
    alphaRad = 5.0,
    lat = 0.88645272708792,
    nOrientations = 10,
    AWin = {0.09362114041736384, 0.016161970442655993, 0.04739928834168495, 0.057662757808442426, 0.02632155484824618, 0.0, 0.0, 0.0545453485178522, 0.008766785305205867, 0.009950152725041926},
    ATransparent = {0.09362114041736384, 0.016161970442655993, 0.04739928834168495, 0.057662757808442426, 0.02632155484824618, 0.0, 0.0, 0.0545453485178522, 0.008766785305205867, 0.009950152725041926},
    alphaWin = 2.6999999999999997,
    RWin = 0.5192437941470647,
    gWin = 0.7799999999999999,
    UWin= 3.001782134105591,
    ratioWinConRad = 0.03,
    AExt = {1.1715294057632288, 0.2022430355391818, 0.5931316351945982, 0.7215636990624011, 0.3293751322902157, 0.6807740478515626, 0.6807740478515626, 0.6825539557774479, 0.10970328638676531, 0.12451137058633545},
    alphaExt = 2.4429178509817118,
    nExt = 1,
    RExt = {0.005382121859420991},
    RExtRem = 0.15464413807884952 ,
    CExt = {1961063.2951808276},
    AInt = 6.635760267086329,
    alphaInt = 2.7,
    nInt = 1,
    RInt = {0.0031103097043353165},
    CInt = {738849.4303095636},
    AFloor = 0.0,
    alphaFloor = 0.0,
    nFloor = 1,
    RFloor = {0.00001},
    RFloorRem =  0.00001,
    CFloor = {0.00001},
    ARoof = 0.0,
    alphaRoof = 0.0,
    nRoof = 1,
    RRoof = {0.00001},
    RRoofRem = 0.00001,
    CRoof = {0.00001},
    nOrientationsRoof = 1,
    tiltRoof = {0.0},
    aziRoof = {0.0},
    wfRoof = {0.0},
    aRoof = 0.0,
    aExt = 0.5,
    TSoil = 286.15,
    alphaWallOut = 20.0,
    alphaRadWall = 5.0,
    alphaWinOut = 19.999999999999993,
    alphaRoofOut = 0.0,
    alphaRadRoof = 0.0,
    tiltExtWalls = {1.5707963267948966, 1.5707963267948966, 1.5707963267948966, 1.5707963267948966, 1.5707963267948966, 0.0, 0.0, 1.5707963267948966, 1.5707963267948966, 1.5707963267948966},
    aziExtWalls = {2.614113398967858, -2.111215827365404, -2.107408414701964, -0.5289497217397265, -0.5266601394660527, 0.0, 0.0, 1.0149936182865116, -0.6248706507935662, 1.0424156461880059},
    wfWall = {0.21382335475947917, 0.03691267510912848, 0.10825626350254541, 0.13169722419871036, 0.06011637045914236, 0.10721085875101347, 0.0, 0.12457730545278642, 0.02002265125225448, 0.022725369788841387},
    wfWin = {0.2977497014964585, 0.051401017477916644, 0.15074719120024427, 0.18338880351581344, 0.08371223704442714, 0.0, 0.0, 0.1734742940195867, 0.027881605544130442, 0.03164514970142284},
    wfGro = 0.17465792672609853,
    nrPeople = 0.163385771484375,
    ratioConvectiveHeatPeople = 0.5,
    nrPeopleMachines = 0.01361548095703125,
    ratioConvectiveHeatMachines = 0.75,
    lightingPower = 15.9,
    ratioConvectiveHeatLighting = 0.9,
    useConstantACHrate = false,
    baseACH = 0.2,
    maxUserACH = 1.0,
    maxOverheatingACH = {3.0, 2.0},
    maxSummerACH = {1.0, 283.15, 290.15},
    winterReduction = {0.2, 273.15, 283.15},
    withAHU = false,
    minAHU = 0.0,
    maxAHU = 12.0,
    hHeat = 181.34577180122182,
    lHeat = 0,
    KRHeat = 10000,
    TNHeat = 1,
    HeaterOn = true,
    hCool = 0,
    lCool = 0.0,
    KRCool = 10000,
    TNCool = 1,
    CoolerOn = false);
end Inffeldgasse25F_8_Meeting;
