 
within Inffeldgasse.Inffeldgasse23_1.Inffeldgasse23_1_DataBase;
record Inffeldgasse23_1_Laboratory "Inffeldgasse23_1_Laboratory"
  extends AixLib.DataBase.ThermalZones.ZoneBaseRecord(
    T_start = 293.15,
    withAirCap = true,
    VAir = 4688.42827758252,
    AZone = 1099.3127159179687,
    alphaRad = 5.0,
    lat = 0.88645272708792,
    nOrientations = 10,
    AWin = {0.0, 0.0, 1.5931217736197287, 4.99326678518483, 4.908984044339707, 2.6500960978958363, 2.6577440850300853, 17.125384446621826, 1.5644048862034778, 17.07054426123275},
    ATransparent = {0.0, 0.0, 1.5931217736197287, 4.99326678518483, 4.908984044339707, 2.6500960978958363, 2.6577440850300853, 17.125384446621826, 1.5644048862034778, 17.07054426123275},
    alphaWin = 2.7000000000000006,
    RWin = 0.00681477906063245,
    gWin = 0.67,
    UWin= 1.8936557576825384,
    ratioWinConRad = 0.030000000000000002,
    AExt = {366.4375719726562, 18.137021630859376, 19.93555084286309, 62.48331139298855, 61.428638176467146, 33.16201333312898, 33.25771652348458, 214.29872969691635, 19.57620168411379, 213.61248629596662},
    alphaExt = 2.3310430732694045,
    nExt = 1,
    RExt = {2.5572657485799456e-05},
    RExtRem = 0.001767932769412601 ,
    CExt = {411858146.1415397},
    AInt = 3809.964426681885,
    alphaInt = 2.3152850463312196,
    nInt = 1,
    RInt = {1.6275805475384233e-05},
    CInt = {477223242.4117785},
    AFloor = 0.0,
    alphaFloor = 0.0,
    nFloor = 1,
    RFloor = {0.00001},
    RFloorRem =  0.00001,
    CFloor = {0.00001},
    ARoof = 0.0,
    alphaRoof = 0.0,
    nRoof = 1,
    RRoof = {0.00001},
    RRoofRem = 0.00001,
    CRoof = {0.00001},
    nOrientationsRoof = 1,
    tiltRoof = {0.0},
    aziRoof = {0.0},
    wfRoof = {0.0},
    aRoof = 0.0,
    aExt = 0.5,
    TSoil = 286.15,
    alphaWallOut = 20.000000000000007,
    alphaRadWall = 5.000000000000002,
    alphaWinOut = 20.0,
    alphaRoofOut = 0.0,
    alphaRadRoof = 0.0,
    tiltExtWalls = {0.0, 0.0, 1.5707963267948966, 1.5707963267948966, 1.5707963267948966, 1.5707963267948966, 1.5707963267948966, 1.5707963267948966, 1.5707963267948966, 1.5707963267948966},
    aziExtWalls = {0.0, 0.0, 0.9898858028061639, 1.0036820496141665, -2.148884241053474, 2.5650687192603154, -0.5873485814458222, -0.5811005612995892, -2.1565767117991586, 2.565402127943213},
    wfWall = {0.3354156686617392, 0.0, 0.01952759457182389, 0.061204668082904624, 0.0601715774429555, 0.03248339394577561, 0.032577138689285585, 0.20991337253549688, 0.0191755990469902, 0.2092411722528479},
    wfWin = {0.0, 0.0, 0.030308491023391292, 0.09499486105968956, 0.09339141634087991, 0.05041699581552038, 0.05056249564688525, 0.3258034441354991, 0.029762163969874463, 0.3247601320082601},
    wfGro = 0.02028981477018058,
    nrPeople = 65.95876295507813,
    ratioConvectiveHeatPeople = 0.5,
    nrPeopleMachines = 197.8762888652344,
    ratioConvectiveHeatMachines = 0.75,
    lightingPower = 14.0,
    ratioConvectiveHeatLighting = 0.9,
    useConstantACHrate = false,
    baseACH = 0.2,
    maxUserACH = 1.0,
    maxOverheatingACH = {3.0, 2.0},
    maxSummerACH = {1.0, 283.15, 290.15},
    winterReduction = {0.2, 273.15, 283.15},
    withAHU = false,
    minAHU = 24.0,
    maxAHU = 48.0,
    hHeat = 29674.391305794292,
    lHeat = 0,
    KRHeat = 10000,
    TNHeat = 1,
    HeaterOn = true,
    hCool = 0,
    lCool = 0.0,
    KRCool = 10000,
    TNCool = 1,
    CoolerOn = false);
end Inffeldgasse23_1_Laboratory;
