 
within Inffeldgasse.Inffeldgasse23_1.Inffeldgasse23_1_DataBase;
record Inffeldgasse23_1_Restroom "Inffeldgasse23_1_Restroom"
  extends AixLib.DataBase.ThermalZones.ZoneBaseRecord(
    T_start = 293.15,
    withAirCap = true,
    VAir = 363.8671538674832,
    AZone = 85.31724609375,
    alphaRad = 5.0,
    lat = 0.88645272708792,
    nOrientations = 10,
    AWin = {0.0, 0.0, 0.12364158118895836, 0.38752555569924946, 0.3809844039068457, 0.20567296064383672, 0.20626651804657234, 1.3290946407933117, 0.1214128743658112, 1.3248385146474775},
    ATransparent = {0.0, 0.0, 0.12364158118895836, 0.38752555569924946, 0.3809844039068457, 0.20567296064383672, 0.20626651804657234, 1.3290946407933117, 0.1214128743658112, 1.3248385146474775},
    alphaWin = 2.7,
    RWin = 0.08780842819624914,
    gWin = 0.6699999999999999,
    UWin= 1.8936557576825386,
    ratioWinConRad = 0.029999999999999992,
    AExt = {28.439082031249995, 1.4076074218749997, 1.5471905970402087, 4.849306278074392, 4.767453486726204, 2.573691372380984, 2.5811188609611624, 16.631643748305493, 1.5193016440910971, 16.578384656264383},
    alphaExt = 2.331043073269405,
    nExt = 1,
    RExt = {0.00032950369170452626},
    RExtRem = 0.02277981373388137 ,
    CExt = {31964155.695889752},
    AInt = 833.9579126958052,
    alphaInt = 2.427189282832565,
    nInt = 1,
    RInt = {8.704173970991806e-05},
    CInt = {88081925.18322846},
    AFloor = 0.0,
    alphaFloor = 0.0,
    nFloor = 1,
    RFloor = {0.00001},
    RFloorRem =  0.00001,
    CFloor = {0.00001},
    ARoof = 0.0,
    alphaRoof = 0.0,
    nRoof = 1,
    RRoof = {0.00001},
    RRoofRem = 0.00001,
    CRoof = {0.00001},
    nOrientationsRoof = 1,
    tiltRoof = {0.0},
    aziRoof = {0.0},
    wfRoof = {0.0},
    aRoof = 0.0,
    aExt = 0.5,
    TSoil = 286.15,
    alphaWallOut = 20.0,
    alphaRadWall = 5.0,
    alphaWinOut = 19.999999999999996,
    alphaRoofOut = 0.0,
    alphaRadRoof = 0.0,
    tiltExtWalls = {0.0, 0.0, 1.5707963267948966, 1.5707963267948966, 1.5707963267948966, 1.5707963267948966, 1.5707963267948966, 1.5707963267948966, 1.5707963267948966, 1.5707963267948966},
    aziExtWalls = {0.0, 0.0, 0.9898858028061639, 1.0036820496141665, -2.148884241053474, 2.5650687192603154, -0.5873485814458222, -0.5811005612995892, -2.1565767117991586, 2.565402127943213},
    wfWall = {0.33541566866173933, 0.0, 0.019527594571823896, 0.06120466808290463, 0.06017157744295552, 0.03248339394577563, 0.03257713868928559, 0.20991337253549686, 0.0191755990469902, 0.20924117225284788},
    wfWin = {0.0, 0.0, 0.03030849102339129, 0.09499486105968954, 0.09339141634087988, 0.050416995815520366, 0.05056249564688523, 0.325803444135499, 0.029762163969874453, 0.3247601320082601},
    wfGro = 0.02028981477018058,
    nrPeople = 0.0,
    ratioConvectiveHeatPeople = 0.5,
    nrPeopleMachines = 0.0,
    ratioConvectiveHeatMachines = 0.75,
    lightingPower = 11.1,
    ratioConvectiveHeatLighting = 0.9,
    useConstantACHrate = false,
    baseACH = 0.2,
    maxUserACH = 1.0,
    maxOverheatingACH = {3.0, 2.0},
    maxSummerACH = {1.0, 283.15, 290.15},
    winterReduction = {0.2, 273.15, 283.15},
    withAHU = false,
    minAHU = 0.0,
    maxAHU = 8.0,
    hHeat = 2303.018339603748,
    lHeat = 0,
    KRHeat = 10000,
    TNHeat = 1,
    HeaterOn = true,
    hCool = 0,
    lCool = 0.0,
    KRCool = 10000,
    TNCool = 1,
    CoolerOn = false);
end Inffeldgasse23_1_Restroom;
