 
within Inffeldgasse.Inffeldgasse23_1.Inffeldgasse23_1_DataBase;
record Inffeldgasse23_1_Floor "Inffeldgasse23_1_Floor"
  extends AixLib.DataBase.ThermalZones.ZoneBaseRecord(
    T_start = 293.15,
    withAirCap = true,
    VAir = 4899.471226825661,
    AZone = 1148.7967186523438,
    alphaRad = 5.000000000000002,
    lat = 0.88645272708792,
    nOrientations = 10,
    AWin = {0.0, 0.0, 1.6648338907093245, 5.218031607490395, 5.129954998605678, 2.769386415069262, 2.7773786654970976, 17.896259338281947, 1.6348243533356484, 17.83895059972829},
    ATransparent = {0.0, 0.0, 1.6648338907093245, 5.218031607490395, 5.129954998605678, 2.769386415069262, 2.7773786654970976, 17.896259338281947, 1.6348243533356484, 17.83895059972829},
    alphaWin = 2.7,
    RWin = 0.006521234919884823,
    gWin = 0.6700000000000002,
    UWin= 1.8936557576825386,
    ratioWinConRad = 0.03,
    AExt = {382.9322395507812, 18.953433935546876, 20.832921389146414, 65.2959090342717, 64.19376119876834, 34.654754329109956, 34.75476546284206, 223.94508307093355, 20.457396637686628, 223.22794939659997},
    alphaExt = 2.3310430732694045,
    nExt = 1,
    RExt = {2.447112452317311e-05},
    RExtRem = 0.0016917797054497859 ,
    CExt = {430397356.44515574},
    AInt = 41036.93672358554,
    alphaInt = 2.4760463016252223,
    nInt = 1,
    RInt = {1.910946302758942e-06},
    CInt = {3982457314.1424184},
    AFloor = 0.0,
    alphaFloor = 0.0,
    nFloor = 1,
    RFloor = {0.00001},
    RFloorRem =  0.00001,
    CFloor = {0.00001},
    ARoof = 0.0,
    alphaRoof = 0.0,
    nRoof = 1,
    RRoof = {0.00001},
    RRoofRem = 0.00001,
    CRoof = {0.00001},
    nOrientationsRoof = 1,
    tiltRoof = {0.0},
    aziRoof = {0.0},
    wfRoof = {0.0},
    aRoof = 0.0,
    aExt = 0.5,
    TSoil = 286.15,
    alphaWallOut = 20.0,
    alphaRadWall = 5.0,
    alphaWinOut = 20.0,
    alphaRoofOut = 0.0,
    alphaRadRoof = 0.0,
    tiltExtWalls = {0.0, 0.0, 1.5707963267948966, 1.5707963267948966, 1.5707963267948966, 1.5707963267948966, 1.5707963267948966, 1.5707963267948966, 1.5707963267948966, 1.5707963267948966},
    aziExtWalls = {0.0, 0.0, 0.9898858028061639, 1.0036820496141665, -2.148884241053474, 2.5650687192603154, -0.5873485814458222, -0.5811005612995892, -2.1565767117991586, 2.565402127943213},
    wfWall = {0.3354156686617393, 0.0, 0.019527594571823886, 0.06120466808290462, 0.0601715774429555, 0.03248339394577562, 0.032577138689285585, 0.20991337253549686, 0.019175599046990194, 0.20924117225284783},
    wfWin = {0.0, 0.0, 0.030308491023391292, 0.09499486105968954, 0.09339141634087987, 0.050416995815520366, 0.05056249564688525, 0.32580344413549905, 0.029762163969874453, 0.3247601320082601},
    wfGro = 0.020289814770180575,
    nrPeople = 0.0,
    ratioConvectiveHeatPeople = 0.5,
    nrPeopleMachines = 0.0,
    ratioConvectiveHeatMachines = 0.75,
    lightingPower = 7.0,
    ratioConvectiveHeatLighting = 0.9,
    useConstantACHrate = false,
    baseACH = 0.2,
    maxUserACH = 1.0,
    maxOverheatingACH = {3.0, 2.0},
    maxSummerACH = {1.0, 283.15, 290.15},
    winterReduction = {0.2, 273.15, 283.15},
    withAHU = false,
    minAHU = 0.0,
    maxAHU = 2.0,
    hHeat = 31010.141942764472,
    lHeat = 0,
    KRHeat = 10000,
    TNHeat = 1,
    HeaterOn = true,
    hCool = 0,
    lCool = 0.0,
    KRCool = 10000,
    TNCool = 1,
    CoolerOn = false);
end Inffeldgasse23_1_Floor;
