 
within Inffeldgasse.Inffeldgasse23_1.Inffeldgasse23_1_DataBase;
record Inffeldgasse23_1_Restroom "Inffeldgasse23_1_Restroom"
  extends AixLib.DataBase.ThermalZones.ZoneBaseRecord(
    T_start = 293.15,
    withAirCap = true,
    VAir = 534.8847161852002,
    AZone = 125.41635175781249,
    alphaRad = 5.0,
    lat = 0.88645272708792,
    nOrientations = 10,
    AWin = {0.0, 0.0, 0.1817531243477688, 0.5696625668778967, 0.5600470737430632, 0.30233925214644003, 0.3032117815284614, 1.9537691219661686, 0.1784769253177425, 1.9475126165317922},
    ATransparent = {0.0, 0.0, 0.1817531243477688, 0.5696625668778967, 0.5600470737430632, 0.30233925214644003, 0.3032117815284614, 1.9537691219661686, 0.1784769253177425, 1.9475126165317922},
    alphaWin = 2.7,
    RWin = 0.05973362462329873,
    gWin = 0.6700000000000002,
    UWin= 1.8936557576825384,
    ratioWinConRad = 0.030000000000000006,
    AExt = {41.80545058593749, 2.06918291015625, 2.274370177649107, 7.128480228769357, 7.008156625487521, 3.783326317400047, 3.794244725612909, 24.448516310009083, 2.233373416813913, 24.370225444708648},
    alphaExt = 2.3310430732694045,
    nExt = 1,
    RExt = {0.00022415217122756897},
    RExtRem = 0.015496471927810455 ,
    CExt = {46987308.87295795},
    AInt = 1838.8771974942501,
    alphaInt = 2.4271892828325647,
    nInt = 1,
    RInt = {3.947471188658416e-05},
    CInt = {194220645.0290187},
    AFloor = 0.0,
    alphaFloor = 0.0,
    nFloor = 1,
    RFloor = {0.00001},
    RFloorRem =  0.00001,
    CFloor = {0.00001},
    ARoof = 0.0,
    alphaRoof = 0.0,
    nRoof = 1,
    RRoof = {0.00001},
    RRoofRem = 0.00001,
    CRoof = {0.00001},
    nOrientationsRoof = 1,
    tiltRoof = {0.0},
    aziRoof = {0.0},
    wfRoof = {0.0},
    aRoof = 0.0,
    aExt = 0.5,
    TSoil = 286.15,
    alphaWallOut = 20.0,
    alphaRadWall = 5.0,
    alphaWinOut = 20.000000000000004,
    alphaRoofOut = 0.0,
    alphaRadRoof = 0.0,
    tiltExtWalls = {0.0, 0.0, 1.5707963267948966, 1.5707963267948966, 1.5707963267948966, 1.5707963267948966, 1.5707963267948966, 1.5707963267948966, 1.5707963267948966, 1.5707963267948966},
    aziExtWalls = {0.0, 0.0, 0.9898858028061639, 1.0036820496141665, -2.148884241053474, 2.5650687192603154, -0.5873485814458222, -0.5811005612995892, -2.1565767117991586, 2.565402127943213},
    wfWall = {0.3354156686617392, 0.0, 0.01952759457182389, 0.06120466808290461, 0.06017157744295552, 0.03248339394577561, 0.032577138689285585, 0.20991337253549686, 0.019175599046990194, 0.20924117225284788},
    wfWin = {0.0, 0.0, 0.030308491023391296, 0.09499486105968954, 0.09339141634087988, 0.05041699581552038, 0.05056249564688525, 0.3258034441354991, 0.029762163969874463, 0.3247601320082602},
    wfGro = 0.020289814770180582,
    nrPeople = 0.0,
    ratioConvectiveHeatPeople = 0.5,
    nrPeopleMachines = 0.0,
    ratioConvectiveHeatMachines = 0.75,
    lightingPower = 11.1,
    ratioConvectiveHeatLighting = 0.9,
    useConstantACHrate = false,
    baseACH = 0.2,
    maxUserACH = 1.0,
    maxOverheatingACH = {3.0, 2.0},
    maxSummerACH = {1.0, 283.15, 290.15},
    winterReduction = {0.2, 273.15, 283.15},
    withAHU = false,
    minAHU = 0.0,
    maxAHU = 8.0,
    hHeat = 3385.43695921751,
    lHeat = 0,
    KRHeat = 10000,
    TNHeat = 1,
    HeaterOn = true,
    hCool = 0,
    lCool = 0.0,
    KRCool = 10000,
    TNCool = 1,
    CoolerOn = false);
end Inffeldgasse23_1_Restroom;
