 
within Inffeldgasse.Inffeldgasse23_1.Inffeldgasse23_1_DataBase;
record Inffeldgasse23_1_ICT "Inffeldgasse23_1_ICT"
  extends AixLib.DataBase.ThermalZones.ZoneBaseRecord(
    T_start = 293.15,
    withAirCap = true,
    VAir = 667.6962273468316,
    AZone = 156.55714658203127,
    alphaRad = 5.0,
    lat = 0.88645272708792,
    nOrientations = 10,
    AWin = {0.0, 0.0, 0.22688230148173866, 0.711109394708123, 0.699106381169062, 0.3774098827814405, 0.3784990606154604, 2.438888665855728, 0.22279262446126363, 2.431078674378122},
    ATransparent = {0.0, 0.0, 0.22688230148173866, 0.711109394708123, 0.699106381169062, 0.3774098827814405, 0.3784990606154604, 2.438888665855728, 0.22279262446126363, 2.431078674378122},
    alphaWin = 2.6999999999999997,
    RWin = 0.04785200446662077,
    gWin = 0.6699999999999998,
    UWin= 1.8936557576825384,
    ratioWinConRad = 0.029999999999999995,
    AExt = {52.18571552734375, 2.5829596191406257, 2.839094745568784, 8.898477020266512, 8.748277148142586, 4.722723668319107, 4.736353109863734, 30.519066278140592, 2.787918516907164, 30.421335844245153},
    alphaExt = 2.3310430732694054,
    nExt = 1,
    RExt = {0.0001795660445256274},
    RExtRem = 0.012414067429908101 ,
    CExt = {58654225.70195772},
    AInt = 1085.1819515655816,
    alphaInt = 2.315285046331219,
    nInt = 1,
    RInt = {5.714271213905336e-05},
    CInt = {135926216.50378168},
    AFloor = 0.0,
    alphaFloor = 0.0,
    nFloor = 1,
    RFloor = {0.00001},
    RFloorRem =  0.00001,
    CFloor = {0.00001},
    ARoof = 0.0,
    alphaRoof = 0.0,
    nRoof = 1,
    RRoof = {0.00001},
    RRoofRem = 0.00001,
    CRoof = {0.00001},
    nOrientationsRoof = 1,
    tiltRoof = {0.0},
    aziRoof = {0.0},
    wfRoof = {0.0},
    aRoof = 0.0,
    aExt = 0.5,
    TSoil = 286.15,
    alphaWallOut = 20.000000000000004,
    alphaRadWall = 5.0,
    alphaWinOut = 19.999999999999996,
    alphaRoofOut = 0.0,
    alphaRadRoof = 0.0,
    tiltExtWalls = {0.0, 0.0, 1.5707963267948966, 1.5707963267948966, 1.5707963267948966, 1.5707963267948966, 1.5707963267948966, 1.5707963267948966, 1.5707963267948966, 1.5707963267948966},
    aziExtWalls = {0.0, 0.0, 0.9898858028061639, 1.0036820496141665, -2.148884241053474, 2.5650687192603154, -0.5873485814458222, -0.5811005612995892, -2.1565767117991586, 2.565402127943213},
    wfWall = {0.3354156686617393, 0.0, 0.01952759457182389, 0.06120466808290461, 0.0601715774429555, 0.03248339394577562, 0.032577138689285585, 0.2099133725354968, 0.019175599046990198, 0.20924117225284786},
    wfWin = {0.0, 0.0, 0.030308491023391292, 0.09499486105968954, 0.09339141634087988, 0.05041699581552037, 0.050562495646885246, 0.3258034441354991, 0.029762163969874456, 0.3247601320082601},
    wfGro = 0.020289814770180575,
    nrPeople = 4.696714397460938,
    ratioConvectiveHeatPeople = 0.5,
    nrPeopleMachines = 234.83571987304688,
    ratioConvectiveHeatMachines = 0.75,
    lightingPower = 7.1,
    ratioConvectiveHeatLighting = 0.9,
    useConstantACHrate = false,
    baseACH = 0.2,
    maxUserACH = 1.0,
    maxOverheatingACH = {3.0, 2.0},
    maxSummerACH = {1.0, 283.15, 290.15},
    winterReduction = {0.2, 273.15, 283.15},
    withAHU = false,
    minAHU = 0.0,
    maxAHU = 130.0,
    hHeat = 4226.038653172878,
    lHeat = 0,
    KRHeat = 10000,
    TNHeat = 1,
    HeaterOn = true,
    hCool = 0,
    lCool = 0.0,
    KRCool = 10000,
    TNCool = 1,
    CoolerOn = false);
end Inffeldgasse23_1_ICT;
