 
within Inffeldgasse.Inffeldgasse23_1.Inffeldgasse23_1_DataBase;
record Inffeldgasse23_1_Office "Inffeldgasse23_1_Office"
  extends AixLib.DataBase.ThermalZones.ZoneBaseRecord(
    T_start = 293.15,
    withAirCap = true,
    VAir = 5967.4213234267245,
    AZone = 1399.2028359375001,
    alphaRad = 4.999999999999997,
    lat = 0.88645272708792,
    nOrientations = 10,
    AWin = {0.0, 0.0, 2.0277219314989177, 6.3554191134676925, 6.248144224072271, 3.373036554558923, 3.382770895963788, 21.79715210901032, 1.9911711395993046, 21.727351640218636},
    ATransparent = {0.0, 0.0, 2.0277219314989177, 6.3554191134676925, 6.248144224072271, 3.373036554558923, 3.382770895963788, 21.79715210901032, 1.9911711395993046, 21.727351640218636},
    alphaWin = 2.6999999999999997,
    RWin = 0.005354172450990799,
    gWin = 0.6700000000000002,
    UWin= 1.8936557576825384,
    ratioWinConRad = 0.03,
    AExt = {466.4009453125, 23.084761718750006, 25.37392579145943, 79.52862296042005, 78.18623718230977, 42.208538507048154, 42.33034931976307, 272.7589574722102, 24.916546963094, 271.885508362736},
    alphaExt = 2.331043073269405,
    nExt = 1,
    RExt = {2.009168851856866e-05},
    RExtRem = 0.0013890130325537417 ,
    CExt = {524212153.412592},
    AInt = 33945.201100743536,
    alphaInt = 2.3152850463312187,
    nInt = 1,
    RInt = {1.8267748567101553e-06},
    CInt = {4251860941.3172045},
    AFloor = 0.0,
    alphaFloor = 0.0,
    nFloor = 1,
    RFloor = {0.00001},
    RFloorRem =  0.00001,
    CFloor = {0.00001},
    ARoof = 0.0,
    alphaRoof = 0.0,
    nRoof = 1,
    RRoof = {0.00001},
    RRoofRem = 0.00001,
    CRoof = {0.00001},
    nOrientationsRoof = 1,
    tiltRoof = {0.0},
    aziRoof = {0.0},
    wfRoof = {0.0},
    aRoof = 0.0,
    aExt = 0.5,
    TSoil = 286.15,
    alphaWallOut = 20.0,
    alphaRadWall = 4.999999999999998,
    alphaWinOut = 20.000000000000004,
    alphaRoofOut = 0.0,
    alphaRadRoof = 0.0,
    tiltExtWalls = {0.0, 0.0, 1.5707963267948966, 1.5707963267948966, 1.5707963267948966, 1.5707963267948966, 1.5707963267948966, 1.5707963267948966, 1.5707963267948966, 1.5707963267948966},
    aziExtWalls = {0.0, 0.0, 0.9898858028061639, 1.0036820496141665, -2.148884241053474, 2.5650687192603154, -0.5873485814458222, -0.5811005612995892, -2.1565767117991586, 2.565402127943213},
    wfWall = {0.33541566866173916, 0.0, 0.019527594571823886, 0.06120466808290461, 0.06017157744295549, 0.03248339394577561, 0.03257713868928558, 0.20991337253549683, 0.019175599046990184, 0.20924117225284783},
    wfWin = {0.0, 0.0, 0.030308491023391292, 0.09499486105968956, 0.09339141634087993, 0.05041699581552037, 0.050562495646885273, 0.325803444135499, 0.029762163969874463, 0.3247601320082601},
    wfGro = 0.020289814770180575,
    nrPeople = 69.960141796875,
    ratioConvectiveHeatPeople = 0.5,
    nrPeopleMachines = 97.94419851562502,
    ratioConvectiveHeatMachines = 0.75,
    lightingPower = 12.5,
    ratioConvectiveHeatLighting = 0.9,
    useConstantACHrate = false,
    baseACH = 0.2,
    maxUserACH = 1.0,
    maxOverheatingACH = {3.0, 2.0},
    maxSummerACH = {1.0, 283.15, 290.15},
    winterReduction = {0.2, 273.15, 283.15},
    withAHU = false,
    minAHU = 0.0,
    maxAHU = 2.6,
    hHeat = 37769.50076950148,
    lHeat = 0,
    KRHeat = 10000,
    TNHeat = 1,
    HeaterOn = true,
    hCool = 0,
    lCool = 0.0,
    KRCool = 10000,
    TNCool = 1,
    CoolerOn = false);
end Inffeldgasse23_1_Office;
