 
within Inffeldgasse.Inffeldgasse23_1.Inffeldgasse23_1_DataBase;
record Inffeldgasse23_1_Storage "Inffeldgasse23_1_Storage"
  extends AixLib.DataBase.ThermalZones.ZoneBaseRecord(
    T_start = 293.15,
    withAirCap = true,
    VAir = 414.80855540893083,
    AZone = 97.261660546875,
    alphaRad = 5.000000000000001,
    lat = 0.88645272708792,
    nOrientations = 10,
    AWin = {0.0, 0.0, 0.14095140255541255, 0.4417791334971445, 0.4343222204538042, 0.23446717513397392, 0.23514383057309257, 1.5151678905043757, 0.13841067677702482, 1.5103159066981247},
    ATransparent = {0.0, 0.0, 0.14095140255541255, 0.4417791334971445, 0.4343222204538042, 0.23446717513397392, 0.23514383057309257, 1.5151678905043757, 0.13841067677702482, 1.5103159066981247},
    alphaWin = 2.7,
    RWin = 0.07702493701425361,
    gWin = 0.6700000000000002,
    UWin= 1.8936557576825381,
    ratioWinConRad = 0.03,
    AExt = {32.420553515625, 1.6046724609375003, 1.7637972806258384, 5.528209157004808, 5.434896974867874, 2.9340081645143226, 2.942475501495726, 18.96007387306827, 1.7320038742638513, 18.899358508141404},
    alphaExt = 2.331043073269405,
    nExt = 1,
    RExt = {0.00028903832605660184},
    RExtRem = 0.019982292749018738 ,
    CExt = {36439137.493314326},
    AInt = 1685.4324588348268,
    alphaInt = 2.3152850463312196,
    nInt = 1,
    RInt = {3.679188658777644e-05},
    CInt = {211111562.4173177},
    AFloor = 0.0,
    alphaFloor = 0.0,
    nFloor = 1,
    RFloor = {0.00001},
    RFloorRem =  0.00001,
    CFloor = {0.00001},
    ARoof = 0.0,
    alphaRoof = 0.0,
    nRoof = 1,
    RRoof = {0.00001},
    RRoofRem = 0.00001,
    CRoof = {0.00001},
    nOrientationsRoof = 1,
    tiltRoof = {0.0},
    aziRoof = {0.0},
    wfRoof = {0.0},
    aRoof = 0.0,
    aExt = 0.5,
    TSoil = 286.15,
    alphaWallOut = 20.0,
    alphaRadWall = 5.0,
    alphaWinOut = 19.999999999999996,
    alphaRoofOut = 0.0,
    alphaRadRoof = 0.0,
    tiltExtWalls = {0.0, 0.0, 1.5707963267948966, 1.5707963267948966, 1.5707963267948966, 1.5707963267948966, 1.5707963267948966, 1.5707963267948966, 1.5707963267948966, 1.5707963267948966},
    aziExtWalls = {0.0, 0.0, 0.9898858028061639, 1.0036820496141665, -2.148884241053474, 2.5650687192603154, -0.5873485814458222, -0.5811005612995892, -2.1565767117991586, 2.565402127943213},
    wfWall = {0.3354156686617393, 0.0, 0.01952759457182389, 0.06120466808290461, 0.060171577442955516, 0.032483393945775624, 0.03257713868928559, 0.2099133725354969, 0.019175599046990198, 0.20924117225284794},
    wfWin = {0.0, 0.0, 0.03030849102339129, 0.09499486105968956, 0.09339141634087991, 0.05041699581552037, 0.05056249564688527, 0.32580344413549905, 0.02976216396987446, 0.3247601320082601},
    wfGro = 0.02028981477018058,
    nrPeople = 0.0,
    ratioConvectiveHeatPeople = 0.5,
    nrPeopleMachines = 0.0,
    ratioConvectiveHeatMachines = 0.75,
    lightingPower = 11.3,
    ratioConvectiveHeatLighting = 0.9,
    useConstantACHrate = false,
    baseACH = 0.2,
    maxUserACH = 1.0,
    maxOverheatingACH = {3.0, 2.0},
    maxSummerACH = {1.0, 283.15, 290.15},
    winterReduction = {0.2, 273.15, 283.15},
    withAHU = false,
    minAHU = 0.0,
    maxAHU = 0.5,
    hHeat = 2625.4409071482733,
    lHeat = 0,
    KRHeat = 10000,
    TNHeat = 1,
    HeaterOn = true,
    hCool = 0,
    lCool = 0.0,
    KRCool = 10000,
    TNCool = 1,
    CoolerOn = false);
end Inffeldgasse23_1_Storage;
