 
within Inffeldgasse.Inffeldgasse23_1.Inffeldgasse23_1_DataBase;
record Inffeldgasse23_1_Storage "Inffeldgasse23_1_Storage"
  extends AixLib.DataBase.ThermalZones.ZoneBaseRecord(
    T_start = 293.15,
    withAirCap = true,
    VAir = 16374.021924036742,
    AZone = 3839.27607421875,
    alphaRad = 5.000000000000001,
    lat = 0.88645272708792,
    nOrientations = 10,
    AWin = {0.0, 0.0, 5.563871153503126, 17.438650006466226, 17.144298175808057, 9.255283228972653, 9.281993312095755, 59.809258835699026, 5.463579346461504, 59.617733159136485},
    ATransparent = {0.0, 0.0, 5.563871153503126, 17.438650006466226, 17.144298175808057, 9.255283228972653, 9.281993312095755, 59.809258835699026, 5.463579346461504, 59.617733159136485},
    alphaWin = 2.7,
    RWin = 0.0019512984043610915,
    gWin = 0.67,
    UWin= 1.8936557576825386,
    ratioWinConRad = 0.03,
    AExt = {1279.7586914062497, 63.34233398437498, 69.6235768668094, 218.21878251334766, 214.53540690267917, 115.81611175714428, 116.15034874325231, 748.4239686737473, 68.36857398409937, 746.0273095318972},
    alphaExt = 2.3310430732694045,
    nExt = 1,
    RExt = {7.322304260100581e-06},
    RExtRem = 0.0005062180829751416 ,
    CExt = {1438387006.3150392},
    AInt = 53224.18291057348,
    alphaInt = 2.3152850463312196,
    nInt = 1,
    RInt = {1.1650764086129211e-06},
    CInt = {6666680918.441609},
    AFloor = 0.0,
    alphaFloor = 0.0,
    nFloor = 1,
    RFloor = {0.00001},
    RFloorRem =  0.00001,
    CFloor = {0.00001},
    ARoof = 0.0,
    alphaRoof = 0.0,
    nRoof = 1,
    RRoof = {0.00001},
    RRoofRem = 0.00001,
    CRoof = {0.00001},
    nOrientationsRoof = 1,
    tiltRoof = {0.0},
    aziRoof = {0.0},
    wfRoof = {0.0},
    aRoof = 0.0,
    aExt = 0.5,
    TSoil = 286.15,
    alphaWallOut = 19.999999999999996,
    alphaRadWall = 5.0,
    alphaWinOut = 20.0,
    alphaRoofOut = 0.0,
    alphaRadRoof = 0.0,
    tiltExtWalls = {0.0, 0.0, 1.5707963267948966, 1.5707963267948966, 1.5707963267948966, 1.5707963267948966, 1.5707963267948966, 1.5707963267948966, 1.5707963267948966, 1.5707963267948966},
    aziExtWalls = {0.0, 0.0, 0.9898858028061639, 1.0036820496141665, -2.148884241053474, 2.5650687192603154, -0.5873485814458222, -0.5811005612995892, -2.1565767117991586, 2.565402127943213},
    wfWall = {0.33541566866173933, 0.0, 0.0195275945718239, 0.06120466808290465, 0.06017157744295553, 0.03248339394577563, 0.0325771386892856, 0.20991337253549686, 0.019175599046990205, 0.2092411722528479},
    wfWin = {0.0, 0.0, 0.030308491023391296, 0.09499486105968956, 0.0933914163408799, 0.05041699581552038, 0.050562495646885246, 0.325803444135499, 0.029762163969874446, 0.32476013200826015},
    wfGro = 0.020289814770180586,
    nrPeople = 0.0,
    ratioConvectiveHeatPeople = 0.5,
    nrPeopleMachines = 0.0,
    ratioConvectiveHeatMachines = 0.75,
    lightingPower = 11.3,
    ratioConvectiveHeatLighting = 0.9,
    useConstantACHrate = false,
    baseACH = 0.2,
    maxUserACH = 1.0,
    maxOverheatingACH = {3.0, 2.0},
    maxSummerACH = {1.0, 283.15, 290.15},
    winterReduction = {0.2, 273.15, 283.15},
    withAHU = false,
    minAHU = 0.0,
    maxAHU = 0.5,
    hHeat = 103635.82528216863,
    lHeat = 0,
    KRHeat = 10000,
    TNHeat = 1,
    HeaterOn = true,
    hCool = 0,
    lCool = 0.0,
    KRCool = 10000,
    TNCool = 1,
    CoolerOn = false);
end Inffeldgasse23_1_Storage;
