 
within Inffeldgasse.Inffeldgasse23_1.Inffeldgasse23_1_DataBase;
record Inffeldgasse23_1_Meeting "Inffeldgasse23_1_Meeting"
  extends AixLib.DataBase.ThermalZones.ZoneBaseRecord(
    T_start = 293.15,
    withAirCap = true,
    VAir = 1020.6473665982902,
    AZone = 239.31487529296874,
    alphaRad = 5.000000000000001,
    lat = 0.88645272708792,
    nOrientations = 10,
    AWin = {0.0, 0.0, 0.34681463523502826, 1.0870091837363949, 1.0686612529587023, 0.5769126546059621, 0.5785775831206356, 3.72811046742524, 0.3405631125961005, 3.716172033586175},
    ATransparent = {0.0, 0.0, 0.34681463523502826, 1.0870091837363949, 1.0686612529587023, 0.5769126546059621, 0.5785775831206356, 3.72811046742524, 0.3405631125961005, 3.716172033586175},
    alphaWin = 2.6999999999999997,
    RWin = 0.031304252476381154,
    gWin = 0.67,
    UWin= 1.8936557576825384,
    ratioWinConRad = 0.030000000000000002,
    AExt = {79.77162509765624, 3.948338818359375, 4.339869624697786, 13.602304109998672, 13.372707030267003, 7.219204299528661, 7.240038404996061, 46.65176071399692, 4.261641111675528, 46.502368960821606},
    alphaExt = 2.3310430732694045,
    nExt = 1,
    RExt = {0.0001174701218197955},
    RExtRem = 0.00812114571617874 ,
    CExt = {89659456.72697076},
    AInt = 3317.64073475908,
    alphaInt = 2.3152850463312196,
    nInt = 1,
    RInt = {1.8691065378816928e-05},
    CInt = {415556443.91619337},
    AFloor = 0.0,
    alphaFloor = 0.0,
    nFloor = 1,
    RFloor = {0.00001},
    RFloorRem =  0.00001,
    CFloor = {0.00001},
    ARoof = 0.0,
    alphaRoof = 0.0,
    nRoof = 1,
    RRoof = {0.00001},
    RRoofRem = 0.00001,
    CRoof = {0.00001},
    nOrientationsRoof = 1,
    tiltRoof = {0.0},
    aziRoof = {0.0},
    wfRoof = {0.0},
    aRoof = 0.0,
    aExt = 0.5,
    TSoil = 286.15,
    alphaWallOut = 19.999999999999996,
    alphaRadWall = 4.999999999999999,
    alphaWinOut = 20.000000000000004,
    alphaRoofOut = 0.0,
    alphaRadRoof = 0.0,
    tiltExtWalls = {0.0, 0.0, 1.5707963267948966, 1.5707963267948966, 1.5707963267948966, 1.5707963267948966, 1.5707963267948966, 1.5707963267948966, 1.5707963267948966, 1.5707963267948966},
    aziExtWalls = {0.0, 0.0, 0.9898858028061639, 1.0036820496141665, -2.148884241053474, 2.5650687192603154, -0.5873485814458222, -0.5811005612995892, -2.1565767117991586, 2.565402127943213},
    wfWall = {0.3354156686617393, 0.0, 0.019527594571823893, 0.061204668082904624, 0.06017157744295552, 0.032483393945775624, 0.0325771386892856, 0.20991337253549686, 0.0191755990469902, 0.2092411722528479},
    wfWin = {0.0, 0.0, 0.0303084910233913, 0.09499486105968957, 0.0933914163408799, 0.05041699581552038, 0.05056249564688527, 0.3258034441354991, 0.02976216396987446, 0.32476013200826015},
    wfGro = 0.020289814770180582,
    nrPeople = 57.4355700703125,
    ratioConvectiveHeatPeople = 0.5,
    nrPeopleMachines = 4.786297505859375,
    ratioConvectiveHeatMachines = 0.75,
    lightingPower = 15.9,
    ratioConvectiveHeatLighting = 0.9,
    useConstantACHrate = false,
    baseACH = 0.2,
    maxUserACH = 1.0,
    maxOverheatingACH = {3.0, 2.0},
    maxSummerACH = {1.0, 283.15, 290.15},
    winterReduction = {0.2, 273.15, 283.15},
    withAHU = false,
    minAHU = 0.0,
    maxAHU = 12.0,
    hHeat = 6459.966442588513,
    lHeat = 0,
    KRHeat = 10000,
    TNHeat = 1,
    HeaterOn = true,
    hCool = 0,
    lCool = 0.0,
    KRCool = 10000,
    TNCool = 1,
    CoolerOn = false);
end Inffeldgasse23_1_Meeting;
