 
within Inffeldgasse.Inffeldgasse12_3.Inffeldgasse12_3_DataBase;
record Inffeldgasse12_3_Storage "Inffeldgasse12_3_Storage"
  extends AixLib.DataBase.ThermalZones.ZoneBaseRecord(
    T_start = 293.15,
    withAirCap = true,
    VAir = 1703.81954016164,
    AZone = 269.580322265625,
    alphaRad = 5.0,
    lat = 0.88645272708792,
    nOrientations = 9,
    AWin = {0.40934697907321327, 0.0, 0.0, 4.455054237471947, 0.2626672681009335, 4.231711646563562, 1.3216880746380093, 10.379449548790497, 11.41937426437583},
    ATransparent = {0.40934697907321327, 0.0, 0.0, 4.455054237471947, 0.2626672681009335, 4.231711646563562, 1.3216880746380093, 10.379449548790497, 11.41937426437583},
    alphaWin = 2.7,
    RWin = 0.005026750768670401,
    gWin = 0.7800000000000001,
    UWin= 3.0017821341055915,
    ratioWinConRad = 0.030000000000000002,
    AExt = {5.122368954348588, 269.58032226562494, 269.58032226562494, 55.748381404040856, 3.2868904089387088, 52.95358087456566, 16.53896158263239, 129.88338219162162, 142.8964941731354},
    alphaExt = 2.1298160481254858,
    nExt = 1,
    RExt = {3.233319873335151e-05},
    RExtRem = 0.0008217885726729884 ,
    CExt = {294160726.3000315},
    AInt = 3407.6390803232803,
    alphaInt = 2.6999999999999997,
    nInt = 1,
    RInt = {6.056765129129605e-06},
    CInt = {379418799.3326893},
    AFloor = 0.0,
    alphaFloor = 0.0,
    nFloor = 1,
    RFloor = {0.00001},
    RFloorRem =  0.00001,
    CFloor = {0.00001},
    ARoof = 0.0,
    alphaRoof = 0.0,
    nRoof = 1,
    RRoof = {0.00001},
    RRoofRem = 0.00001,
    CRoof = {0.00001},
    nOrientationsRoof = 1,
    tiltRoof = {0.0},
    aziRoof = {0.0},
    wfRoof = {0.0},
    aRoof = 0.0,
    aExt = 0.5,
    TSoil = 286.15,
    alphaWallOut = 20.0,
    alphaRadWall = 5.000000000000001,
    alphaWinOut = 19.999999999999996,
    alphaRoofOut = 0.0,
    alphaRadRoof = 0.0,
    tiltExtWalls = {1.5707963267948966, 0.0, 0.0, 1.5707963267948966, 1.5707963267948966, 1.5707963267948966, 1.5707963267948966, 1.5707963267948966, 1.5707963267948966},
    aziExtWalls = {2.619675409393053, 0.0, 0.0, -0.5173724418741691, 1.0891167473719858, 2.619675409096582, -2.0912881430200954, -2.0886862078303605, 1.0354864428801571},
    wfWall = {0.0050319072533861475, 0.22849873358434605, 0.0, 0.054763857748549166, 0.0032288434974569995, 0.052018413759377935, 0.016246881373211463, 0.1275896247945028, 0.14037292352844427},
    wfWin = {0.012603322105468735, 0.0, 0.0, 0.13716598979016767, 0.008087222712464395, 0.13028952860444856, 0.04069325383891583, 0.31957129923626937, 0.35158938371226545},
    wfGro = 0.3722488144607251,
    nrPeople = 0.0,
    ratioConvectiveHeatPeople = 0.5,
    nrPeopleMachines = 0.0,
    ratioConvectiveHeatMachines = 0.75,
    lightingPower = 11.3,
    ratioConvectiveHeatLighting = 0.9,
    useConstantACHrate = false,
    baseACH = 0.2,
    maxUserACH = 1.0,
    maxOverheatingACH = {3.0, 2.0},
    maxSummerACH = {1.0, 283.15, 290.15},
    winterReduction = {0.2, 273.15, 283.15},
    withAHU = false,
    minAHU = 0.0,
    maxAHU = 0.5,
    hHeat = 28848.457244021974,
    lHeat = 0,
    KRHeat = 10000,
    TNHeat = 1,
    HeaterOn = true,
    hCool = 0,
    lCool = 0.0,
    KRCool = 10000,
    TNCool = 1,
    CoolerOn = false);
end Inffeldgasse12_3_Storage;
