 
within Inffeldgasse.Inffeldgasse12_3.Inffeldgasse12_3_DataBase;
record Inffeldgasse12_3_Floor "Inffeldgasse12_3_Floor"
  extends AixLib.DataBase.ThermalZones.ZoneBaseRecord(
    T_start = 293.15,
    withAirCap = true,
    VAir = 509.82066907281063,
    AZone = 80.66442309570311,
    alphaRad = 4.999999999999999,
    lat = 0.88645272708792,
    nOrientations = 9,
    AWin = {0.12248571273824038, 0.0, 0.0, 1.3330512290568837, 0.07859588366620156, 1.266222162688408, 0.3954784427777955, 3.1057619594325345, 3.41693054377379},
    ATransparent = {0.12248571273824038, 0.0, 0.0, 1.3330512290568837, 0.07859588366620156, 1.266222162688408, 0.3954784427777955, 3.1057619594325345, 3.41693054377379},
    alphaWin = 2.7,
    RWin = 0.01679938986930323,
    gWin = 0.7800000000000001,
    UWin= 3.0017821341055915,
    ratioWinConRad = 0.03,
    AExt = {1.5327266215623057, 80.66442309570311, 80.66442309570311, 16.681154569009113, 0.9835106523635493, 15.844888143911701, 4.948824838003225, 38.86399424911523, 42.757806534250406},
    alphaExt = 2.129816048125486,
    nExt = 1,
    RExt = {0.0001080574781285418},
    RExtRem = 0.002746415578929408 ,
    CExt = {88019426.21399842},
    AInt = 3313.8343489732697,
    alphaInt = 2.7,
    nInt = 1,
    RInt = {6.2282140206422835e-06},
    CInt = {368974242.93994784},
    AFloor = 0.0,
    alphaFloor = 0.0,
    nFloor = 1,
    RFloor = {0.00001},
    RFloorRem =  0.00001,
    CFloor = {0.00001},
    ARoof = 0.0,
    alphaRoof = 0.0,
    nRoof = 1,
    RRoof = {0.00001},
    RRoofRem = 0.00001,
    CRoof = {0.00001},
    nOrientationsRoof = 1,
    tiltRoof = {0.0},
    aziRoof = {0.0},
    wfRoof = {0.0},
    aRoof = 0.0,
    aExt = 0.5,
    TSoil = 286.15,
    alphaWallOut = 20.000000000000004,
    alphaRadWall = 4.999999999999999,
    alphaWinOut = 20.0,
    alphaRoofOut = 0.0,
    alphaRadRoof = 0.0,
    tiltExtWalls = {1.5707963267948966, 0.0, 0.0, 1.5707963267948966, 1.5707963267948966, 1.5707963267948966, 1.5707963267948966, 1.5707963267948966, 1.5707963267948966},
    aziExtWalls = {2.619675409393053, 0.0, 0.0, -0.5173724418741691, 1.0891167473719858, 2.619675409096582, -2.0912881430200954, -2.0886862078303605, 1.0354864428801571},
    wfWall = {0.005031907253386148, 0.22849873358434603, 0.0, 0.05476385774854915, 0.003228843497457, 0.05201841375937793, 0.016246881373211463, 0.1275896247945028, 0.14037292352844427},
    wfWin = {0.012603322105468735, 0.0, 0.0, 0.13716598979016767, 0.008087222712464395, 0.13028952860444856, 0.04069325383891583, 0.3195712992362695, 0.3515893837122654},
    wfGro = 0.37224881446072516,
    nrPeople = 0.0,
    ratioConvectiveHeatPeople = 0.5,
    nrPeopleMachines = 0.0,
    ratioConvectiveHeatMachines = 0.75,
    lightingPower = 7.0,
    ratioConvectiveHeatLighting = 0.9,
    useConstantACHrate = false,
    baseACH = 0.2,
    maxUserACH = 1.0,
    maxOverheatingACH = {3.0, 2.0},
    maxSummerACH = {1.0, 283.15, 290.15},
    winterReduction = {0.2, 273.15, 283.15},
    withAHU = false,
    minAHU = 0.0,
    maxAHU = 2.0,
    hHeat = 8632.09948423902,
    lHeat = 0,
    KRHeat = 10000,
    TNHeat = 1,
    HeaterOn = true,
    hCool = 0,
    lCool = 0.0,
    KRCool = 10000,
    TNCool = 1,
    CoolerOn = false);
end Inffeldgasse12_3_Floor;
