 
within Inffeldgasse.Inffeldgasse12_3.Inffeldgasse12_3_DataBase;
record Inffeldgasse12_3_ICT "Inffeldgasse12_3_ICT"
  extends AixLib.DataBase.ThermalZones.ZoneBaseRecord(
    T_start = 293.15,
    withAirCap = true,
    VAir = 69.47797458214689,
    AZone = 10.992886474609376,
    alphaRad = 5.0,
    lat = 0.88645272708792,
    nOrientations = 9,
    AWin = {0.016692260146652146, 0.0, 0.0, 0.18166721168357833, 0.010710987488115848, 0.17255979714320305, 0.05389550259912773, 0.4232508871562348, 0.46565670611399224},
    ATransparent = {0.016692260146652146, 0.0, 0.0, 0.18166721168357833, 0.010710987488115848, 0.17255979714320305, 0.05389550259912773, 0.4232508871562348, 0.46565670611399224},
    alphaWin = 2.7,
    RWin = 0.12327181721535041,
    gWin = 0.7799999999999999,
    UWin= 3.001782134105591,
    ratioWinConRad = 0.03,
    AExt = {0.20887882291621473, 10.992886474609376, 10.992886474609376, 2.2732951083647777, 0.13403208667561184, 2.1593293534406226, 0.6744221000917876, 5.2963556960361275, 5.827001484615634},
    alphaExt = 2.1298160481254858,
    nExt = 1,
    RExt = {0.0007929122305181568},
    RExtRem = 0.02015285328080898 ,
    CExt = {11995220.728012398},
    AInt = 69.47797458214689,
    alphaInt = 2.7,
    nInt = 1,
    RInt = {0.0002970620499300623},
    CInt = {7735927.741949832},
    AFloor = 0.0,
    alphaFloor = 0.0,
    nFloor = 1,
    RFloor = {0.00001},
    RFloorRem =  0.00001,
    CFloor = {0.00001},
    ARoof = 0.0,
    alphaRoof = 0.0,
    nRoof = 1,
    RRoof = {0.00001},
    RRoofRem = 0.00001,
    CRoof = {0.00001},
    nOrientationsRoof = 1,
    tiltRoof = {0.0},
    aziRoof = {0.0},
    wfRoof = {0.0},
    aRoof = 0.0,
    aExt = 0.5,
    TSoil = 286.15,
    alphaWallOut = 20.0,
    alphaRadWall = 4.999999999999999,
    alphaWinOut = 20.0,
    alphaRoofOut = 0.0,
    alphaRadRoof = 0.0,
    tiltExtWalls = {1.5707963267948966, 0.0, 0.0, 1.5707963267948966, 1.5707963267948966, 1.5707963267948966, 1.5707963267948966, 1.5707963267948966, 1.5707963267948966},
    aziExtWalls = {2.619675409393053, 0.0, 0.0, -0.5173724418741691, 1.0891167473719858, 2.619675409096582, -2.0912881430200954, -2.0886862078303605, 1.0354864428801571},
    wfWall = {0.005031907253386148, 0.22849873358434603, 0.0, 0.054763857748549166, 0.003228843497457, 0.05201841375937792, 0.016246881373211463, 0.1275896247945028, 0.1403729235284443},
    wfWin = {0.012603322105468736, 0.0, 0.0, 0.13716598979016767, 0.008087222712464396, 0.1302895286044486, 0.04069325383891583, 0.3195712992362695, 0.3515893837122654},
    wfGro = 0.3722488144607251,
    nrPeople = 0.32978659423828127,
    ratioConvectiveHeatPeople = 0.5,
    nrPeopleMachines = 16.489329711914063,
    ratioConvectiveHeatMachines = 0.75,
    lightingPower = 7.1,
    ratioConvectiveHeatLighting = 0.9,
    useConstantACHrate = false,
    baseACH = 0.2,
    maxUserACH = 1.0,
    maxOverheatingACH = {3.0, 2.0},
    maxSummerACH = {1.0, 283.15, 290.15},
    winterReduction = {0.2, 273.15, 283.15},
    withAHU = false,
    minAHU = 0.0,
    maxAHU = 130.0,
    hHeat = 1176.3759787284519,
    lHeat = 0,
    KRHeat = 10000,
    TNHeat = 1,
    HeaterOn = true,
    hCool = 0,
    lCool = 0.0,
    KRCool = 10000,
    TNCool = 1,
    CoolerOn = false);
end Inffeldgasse12_3_ICT;
