 
within Inffeldgasse.Inffeldgasse12_3.Inffeldgasse12_3_DataBase;
record Inffeldgasse12_3_ICT "Inffeldgasse12_3_ICT"
  extends AixLib.DataBase.ThermalZones.ZoneBaseRecord(
    T_start = 293.15,
    withAirCap = true,
    VAir = 37.86265644803644,
    AZone = 5.990673828125,
    alphaRad = 5.0,
    lat = 0.88645272708792,
    nOrientations = 9,
    AWin = {0.009096599534960295, 0.0, 0.0, 0.09900120527715436, 0.005837050402242967, 0.09403803659030137, 0.029370846103066874, 0.23065443441756658, 0.2537638725416851},
    ATransparent = {0.009096599534960295, 0.0, 0.0, 0.09900120527715436, 0.005837050402242967, 0.09403803659030137, 0.029370846103066874, 0.23065443441756658, 0.2537638725416851},
    alphaWin = 2.7000000000000006,
    RWin = 0.22620378459016802,
    gWin = 0.78,
    UWin= 3.0017821341055915,
    ratioWinConRad = 0.030000000000000006,
    AExt = {0.11383042120774642, 5.990673828124999, 5.990673828124999, 1.2388529200897969, 0.07304200908752687, 1.1767462416570147, 0.36753247961405305, 2.886297382036036, 3.175477648291898},
    alphaExt = 2.129816048125486,
    nExt = 1,
    RExt = {0.0014549939430008178},
    RExtRem = 0.036980485770284476 ,
    CExt = {6536905.028889589},
    AInt = 18.931328224018223,
    alphaInt = 2.7000000000000006,
    nInt = 1,
    RInt = {0.0010902177232433288},
    CInt = {2811234.738836722},
    AFloor = 0.0,
    alphaFloor = 0.0,
    nFloor = 1,
    RFloor = {0.00001},
    RFloorRem =  0.00001,
    CFloor = {0.00001},
    ARoof = 0.0,
    alphaRoof = 0.0,
    nRoof = 1,
    RRoof = {0.00001},
    RRoofRem = 0.00001,
    CRoof = {0.00001},
    nOrientationsRoof = 1,
    tiltRoof = {0.0},
    aziRoof = {0.0},
    wfRoof = {0.0},
    aRoof = 0.0,
    aExt = 0.5,
    TSoil = 286.15,
    alphaWallOut = 20.0,
    alphaRadWall = 5.0,
    alphaWinOut = 20.000000000000004,
    alphaRoofOut = 0.0,
    alphaRadRoof = 0.0,
    tiltExtWalls = {1.5707963267948966, 0.0, 0.0, 1.5707963267948966, 1.5707963267948966, 1.5707963267948966, 1.5707963267948966, 1.5707963267948966, 1.5707963267948966},
    aziExtWalls = {2.619675409393053, 0.0, 0.0, -0.5173724418741691, 1.0891167473719858, 2.619675409096582, -2.0912881430200954, -2.0886862078303605, 1.0354864428801571},
    wfWall = {0.005031907253386149, 0.22849873358434608, 0.0, 0.05476385774854917, 0.0032288434974569995, 0.052018413759377935, 0.01624688137321146, 0.12758962479450278, 0.14037292352844424},
    wfWin = {0.012603322105468735, 0.0, 0.0, 0.13716598979016764, 0.008087222712464398, 0.1302895286044486, 0.04069325383891583, 0.31957129923626937, 0.35158938371226545},
    wfGro = 0.37224881446072516,
    nrPeople = 0.17972021484375,
    ratioConvectiveHeatPeople = 0.5,
    nrPeopleMachines = 8.9860107421875,
    ratioConvectiveHeatMachines = 0.75,
    lightingPower = 7.1,
    ratioConvectiveHeatLighting = 0.9,
    useConstantACHrate = false,
    baseACH = 0.2,
    maxUserACH = 1.0,
    maxOverheatingACH = {3.0, 2.0},
    maxSummerACH = {1.0, 283.15, 290.15},
    winterReduction = {0.2, 273.15, 283.15},
    withAHU = false,
    minAHU = 0.0,
    maxAHU = 130.0,
    hHeat = 641.0768276449327,
    lHeat = 0,
    KRHeat = 10000,
    TNHeat = 1,
    HeaterOn = true,
    hCool = 0,
    lCool = 0.0,
    KRCool = 10000,
    TNCool = 1,
    CoolerOn = false);
end Inffeldgasse12_3_ICT;
