 
within Inffeldgasse.Inffeldgasse12_3.Inffeldgasse12_3_DataBase;
record Inffeldgasse12_3_Office "Inffeldgasse12_3_Office"
  extends AixLib.DataBase.ThermalZones.ZoneBaseRecord(
    T_start = 293.15,
    withAirCap = true,
    VAir = 620.9475657477977,
    AZone = 98.24705078125001,
    alphaRad = 4.999999999999999,
    lat = 0.88645272708792,
    nOrientations = 9,
    AWin = {0.14918423237334888, 0.0, 0.0, 1.6236197665453322, 0.09572762659678469, 1.542223800080943, 0.4816818760902969, 3.7827327244480933, 4.161727509683637},
    ATransparent = {0.14918423237334888, 0.0, 0.0, 1.6236197665453322, 0.09572762659678469, 1.542223800080943, 0.4816818760902969, 3.7827327244480933, 4.161727509683637},
    alphaWin = 2.7,
    RWin = 0.013792913694522438,
    gWin = 0.7800000000000001,
    UWin= 3.0017821341055915,
    ratioWinConRad = 0.030000000000000002,
    AExt = {1.8668189078070418, 98.24705078125001, 98.24705078125001, 20.317187889472674, 1.197888949035441, 19.298638363175044, 6.027532665670472, 47.335277065391004, 52.07783343198714},
    alphaExt = 2.1298160481254858,
    nExt = 1,
    RExt = {8.871914286590349e-05},
    RExtRem = 0.0022549076689197846 ,
    CExt = {107205242.4737893},
    AInt = 2173.3164801172925,
    alphaInt = 2.7,
    nInt = 1,
    RInt = {9.496670063095204e-06},
    CInt = {241984878.68551525},
    AFloor = 0.0,
    alphaFloor = 0.0,
    nFloor = 1,
    RFloor = {0.00001},
    RFloorRem =  0.00001,
    CFloor = {0.00001},
    ARoof = 0.0,
    alphaRoof = 0.0,
    nRoof = 1,
    RRoof = {0.00001},
    RRoofRem = 0.00001,
    CRoof = {0.00001},
    nOrientationsRoof = 1,
    tiltRoof = {0.0},
    aziRoof = {0.0},
    wfRoof = {0.0},
    aRoof = 0.0,
    aExt = 0.5,
    TSoil = 286.15,
    alphaWallOut = 20.0,
    alphaRadWall = 4.999999999999999,
    alphaWinOut = 20.0,
    alphaRoofOut = 0.0,
    alphaRadRoof = 0.0,
    tiltExtWalls = {1.5707963267948966, 0.0, 0.0, 1.5707963267948966, 1.5707963267948966, 1.5707963267948966, 1.5707963267948966, 1.5707963267948966, 1.5707963267948966},
    aziExtWalls = {2.619675409393053, 0.0, 0.0, -0.5173724418741691, 1.0891167473719858, 2.619675409096582, -2.0912881430200954, -2.0886862078303605, 1.0354864428801571},
    wfWall = {0.005031907253386148, 0.22849873358434605, 0.0, 0.05476385774854917, 0.0032288434974570004, 0.05201841375937792, 0.016246881373211463, 0.12758962479450278, 0.14037292352844427},
    wfWin = {0.012603322105468733, 0.0, 0.0, 0.13716598979016764, 0.008087222712464395, 0.13028952860444856, 0.040693253838915824, 0.3195712992362695, 0.3515893837122654},
    wfGro = 0.37224881446072516,
    nrPeople = 4.912352539062501,
    ratioConvectiveHeatPeople = 0.5,
    nrPeopleMachines = 6.877293554687501,
    ratioConvectiveHeatMachines = 0.75,
    lightingPower = 12.5,
    ratioConvectiveHeatLighting = 0.9,
    useConstantACHrate = false,
    baseACH = 0.2,
    maxUserACH = 1.0,
    maxOverheatingACH = {3.0, 2.0},
    maxSummerACH = {1.0, 283.15, 290.15},
    winterReduction = {0.2, 273.15, 283.15},
    withAHU = false,
    minAHU = 0.0,
    maxAHU = 2.6,
    hHeat = 10513.659973376898,
    lHeat = 0,
    KRHeat = 10000,
    TNHeat = 1,
    HeaterOn = true,
    hCool = 0,
    lCool = 0.0,
    KRCool = 10000,
    TNCool = 1,
    CoolerOn = false);
end Inffeldgasse12_3_Office;
