 
within Inffeldgasse.Inffeldgasse12_3.Inffeldgasse12_3_DataBase;
record Inffeldgasse12_3_Restroom "Inffeldgasse12_3_Restroom"
  extends AixLib.DataBase.ThermalZones.ZoneBaseRecord(
    T_start = 293.15,
    withAirCap = true,
    VAir = 55.65810497861357,
    AZone = 8.80629052734375,
    alphaRad = 5.0,
    lat = 0.88645272708792,
    nOrientations = 9,
    AWin = {0.013372001316391635, 0.0, 0.0, 0.14553177175741694, 0.008580464091297164, 0.13823591378774303, 0.043175143771508315, 0.33906201859382296, 0.3730328926362771},
    ATransparent = {0.013372001316391635, 0.0, 0.0, 0.14553177175741694, 0.008580464091297164, 0.13823591378774303, 0.043175143771508315, 0.33906201859382296, 0.3730328926362771},
    alphaWin = 2.7,
    RWin = 0.15388012557154285,
    gWin = 0.78,
    UWin= 3.001782134105591,
    ratioWinConRad = 0.030000000000000002,
    AExt = {0.16733071917538725, 8.80629052734375, 8.80629052734375, 1.8211137925320016, 0.1073717533586645, 1.7298169752358117, 0.5402727450326581, 4.242857151592974, 4.6679521429890904},
    alphaExt = 2.129816048125486,
    nExt = 1,
    RExt = {0.0009897917979597383},
    RExtRem = 0.02515679304100985 ,
    CExt = {9609250.39246771},
    AInt = 139.14526244653393,
    alphaInt = 2.7,
    nInt = 1,
    RInt = {0.00014832894193786785},
    CInt = {15492934.306084812},
    AFloor = 0.0,
    alphaFloor = 0.0,
    nFloor = 1,
    RFloor = {0.00001},
    RFloorRem =  0.00001,
    CFloor = {0.00001},
    ARoof = 0.0,
    alphaRoof = 0.0,
    nRoof = 1,
    RRoof = {0.00001},
    RRoofRem = 0.00001,
    CRoof = {0.00001},
    nOrientationsRoof = 1,
    tiltRoof = {0.0},
    aziRoof = {0.0},
    wfRoof = {0.0},
    aRoof = 0.0,
    aExt = 0.5,
    TSoil = 286.15,
    alphaWallOut = 20.0,
    alphaRadWall = 5.0,
    alphaWinOut = 20.0,
    alphaRoofOut = 0.0,
    alphaRadRoof = 0.0,
    tiltExtWalls = {1.5707963267948966, 0.0, 0.0, 1.5707963267948966, 1.5707963267948966, 1.5707963267948966, 1.5707963267948966, 1.5707963267948966, 1.5707963267948966},
    aziExtWalls = {2.619675409393053, 0.0, 0.0, -0.5173724418741691, 1.0891167473719858, 2.619675409096582, -2.0912881430200954, -2.0886862078303605, 1.0354864428801571},
    wfWall = {0.0050319072533861475, 0.22849873358434605, 0.0, 0.05476385774854916, 0.003228843497456999, 0.05201841375937792, 0.016246881373211463, 0.1275896247945028, 0.1403729235284443},
    wfWin = {0.012603322105468733, 0.0, 0.0, 0.13716598979016767, 0.008087222712464398, 0.1302895286044486, 0.04069325383891584, 0.3195712992362695, 0.35158938371226545},
    wfGro = 0.3722488144607251,
    nrPeople = 0.0,
    ratioConvectiveHeatPeople = 0.5,
    nrPeopleMachines = 0.0,
    ratioConvectiveHeatMachines = 0.75,
    lightingPower = 11.1,
    ratioConvectiveHeatLighting = 0.9,
    useConstantACHrate = false,
    baseACH = 0.2,
    maxUserACH = 1.0,
    maxOverheatingACH = {3.0, 2.0},
    maxSummerACH = {1.0, 283.15, 290.15},
    winterReduction = {0.2, 273.15, 283.15},
    withAHU = false,
    minAHU = 0.0,
    maxAHU = 8.0,
    hHeat = 942.3829366380512,
    lHeat = 0,
    KRHeat = 10000,
    TNHeat = 1,
    HeaterOn = true,
    hCool = 0,
    lCool = 0.0,
    KRCool = 10000,
    TNCool = 1,
    CoolerOn = false);
end Inffeldgasse12_3_Restroom;
