 
within Inffeldgasse.Inffeldgasse12_3.Inffeldgasse12_3_DataBase;
record Inffeldgasse12_3_Laboratory "Inffeldgasse12_3_Laboratory"
  extends AixLib.DataBase.ThermalZones.ZoneBaseRecord(
    T_start = 293.15,
    withAirCap = true,
    VAir = 487.8603283329495,
    AZone = 77.18983227539061,
    alphaRad = 5.0,
    lat = 0.88645272708792,
    nOrientations = 9,
    AWin = {0.1172096850079634, 0.0, 0.0, 1.2756305299961341, 0.07521039443290063, 1.2116801014660332, 0.3784433520380167, 2.9719823874703457, 3.2697474976996124},
    ATransparent = {0.1172096850079634, 0.0, 0.0, 1.2756305299961341, 0.07521039443290063, 1.2116801014660332, 0.3784433520380167, 2.9719823874703457, 3.2697474976996124},
    alphaWin = 2.700000000000001,
    RWin = 0.01755559057742864,
    gWin = 0.7800000000000001,
    UWin= 3.0017821341055915,
    ratioWinConRad = 0.030000000000000002,
    AExt = {1.4667049772618126, 77.18983227539061, 77.18983227539061, 15.962619875357031, 0.9411462870927837, 15.162375323750634, 4.735655999827074, 37.18994176753433, 40.9160294982411},
    alphaExt = 2.1298160481254866,
    nExt = 1,
    RExt = {0.00011292153224686207},
    RExtRem = 0.002870041580930111 ,
    CExt = {84228021.29724233},
    AInt = 243.93016416647475,
    alphaInt = 2.6999999999999997,
    nInt = 1,
    RInt = {8.461138713568718e-05},
    CInt = {36222759.60990579},
    AFloor = 0.0,
    alphaFloor = 0.0,
    nFloor = 1,
    RFloor = {0.00001},
    RFloorRem =  0.00001,
    CFloor = {0.00001},
    ARoof = 0.0,
    alphaRoof = 0.0,
    nRoof = 1,
    RRoof = {0.00001},
    RRoofRem = 0.00001,
    CRoof = {0.00001},
    nOrientationsRoof = 1,
    tiltRoof = {0.0},
    aziRoof = {0.0},
    wfRoof = {0.0},
    aRoof = 0.0,
    aExt = 0.5,
    TSoil = 286.15,
    alphaWallOut = 20.0,
    alphaRadWall = 5.0,
    alphaWinOut = 20.0,
    alphaRoofOut = 0.0,
    alphaRadRoof = 0.0,
    tiltExtWalls = {1.5707963267948966, 0.0, 0.0, 1.5707963267948966, 1.5707963267948966, 1.5707963267948966, 1.5707963267948966, 1.5707963267948966, 1.5707963267948966},
    aziExtWalls = {2.619675409393053, 0.0, 0.0, -0.5173724418741691, 1.0891167473719858, 2.619675409096582, -2.0912881430200954, -2.0886862078303605, 1.0354864428801571},
    wfWall = {0.005031907253386148, 0.22849873358434605, 0.0, 0.05476385774854916, 0.0032288434974570004, 0.05201841375937793, 0.01624688137321146, 0.1275896247945028, 0.14037292352844424},
    wfWin = {0.012603322105468735, 0.0, 0.0, 0.1371659897901677, 0.008087222712464396, 0.13028952860444856, 0.04069325383891583, 0.3195712992362694, 0.3515893837122654},
    wfGro = 0.37224881446072516,
    nrPeople = 4.631389936523437,
    ratioConvectiveHeatPeople = 0.5,
    nrPeopleMachines = 13.894169809570311,
    ratioConvectiveHeatMachines = 0.75,
    lightingPower = 14.0,
    ratioConvectiveHeatLighting = 0.9,
    useConstantACHrate = false,
    baseACH = 0.2,
    maxUserACH = 1.0,
    maxOverheatingACH = {3.0, 2.0},
    maxSummerACH = {1.0, 283.15, 290.15},
    winterReduction = {0.2, 273.15, 283.15},
    withAHU = false,
    minAHU = 24.0,
    maxAHU = 48.0,
    hHeat = 8260.274924204958,
    lHeat = 0,
    KRHeat = 10000,
    TNHeat = 1,
    HeaterOn = true,
    hCool = 0,
    lCool = 0.0,
    KRCool = 10000,
    TNCool = 1,
    CoolerOn = false);
end Inffeldgasse12_3_Laboratory;
