 
within Inffeldgasse.Inffeldgasse25A_3.Inffeldgasse25A_3_DataBase;
record Inffeldgasse25A_3_Office "Inffeldgasse25A_3_Office"
  extends AixLib.DataBase.ThermalZones.ZoneBaseRecord(
    T_start = 293.15,
    withAirCap = true,
    VAir = 118.55504258215427,
    AZone = 13.583732421875,
    alphaRad = 5.0,
    lat = 0.88645272708792,
    nOrientations = 9,
    AWin = {2.8074840876227087, 1.8432934782980581, 0.0, 0.0, 0.6290570309168176, 0.13382834916454117, 0.6765150909596792, 0.3173723406367984, 0.5637758566596844},
    ATransparent = {2.8074840876227087, 1.8432934782980581, 0.0, 0.0, 0.6290570309168176, 0.13382834916454117, 0.6765150909596792, 0.3173723406367984, 0.5637758566596844},
    alphaWin = 2.7,
    RWin = 0.023419547534604734,
    gWin = 0.7799999999999999,
    UWin= 3.0017821341055906,
    ratioWinConRad = 0.03,
    AExt = {35.13149006944093, 23.066077850054082, 13.583732421875, 13.583732421875, 7.871713657148286, 1.674662855761691, 8.46558073281977, 3.9714430733739907, 7.05481680090362},
    alphaExt = 2.462528906552269,
    nExt = 1,
    RExt = {0.00024796218389789584},
    RExtRem = 0.007183239433445795 ,
    CExt = {42785952.13555711},
    AInt = 414.94264903754004,
    alphaInt = 2.6999999999999993,
    nInt = 1,
    RInt = {4.9740053480243917e-05},
    CInt = {46201207.92687146},
    AFloor = 0.0,
    alphaFloor = 0.0,
    nFloor = 1,
    RFloor = {0.00001},
    RFloorRem =  0.00001,
    CFloor = {0.00001},
    ARoof = 0.0,
    alphaRoof = 0.0,
    nRoof = 1,
    RRoof = {0.00001},
    RRoofRem = 0.00001,
    CRoof = {0.00001},
    nOrientationsRoof = 1,
    tiltRoof = {0.0},
    aziRoof = {0.0},
    wfRoof = {0.0},
    aRoof = 0.0,
    aExt = 0.5,
    TSoil = 286.15,
    alphaWallOut = 20.000000000000004,
    alphaRadWall = 5.0,
    alphaWinOut = 20.0,
    alphaRoofOut = 0.0,
    alphaRadRoof = 0.0,
    tiltExtWalls = {1.5707963267948966, 1.5707963267948966, 0.0, 0.0, 1.5707963267948966, 1.5707963267948966, 1.5707963267948966, 1.5707963267948966, 1.5707963267948966},
    aziExtWalls = {2.6120137524010536, -0.5286564422591098, 0.0, 0.0, -0.5160585842891734, -2.1437624695986868, 1.014917739945307, -0.4950391221503272, -2.0896910837578244},
    wfWall = {0.2975965920661581, 0.1953912614278711, 0.0992851598692772, 0.0, 0.06668077993440041, 0.014185961305636995, 0.07171138972381721, 0.03364183875732934, 0.05976089922317958},
    wfWin = {0.40271879313669945, 0.2644107328157732, 0.0, 0.0, 0.0902349151048941, 0.019196971231511997, 0.09704252364997187, 0.045525389283487636, 0.08087067477766191},
    wfGro = 0.16174611769233002,
    nrPeople = 0.67918662109375,
    ratioConvectiveHeatPeople = 0.5,
    nrPeopleMachines = 0.9508612695312499,
    ratioConvectiveHeatMachines = 0.75,
    lightingPower = 12.5,
    ratioConvectiveHeatLighting = 0.9,
    useConstantACHrate = false,
    baseACH = 0.2,
    maxUserACH = 1.0,
    maxOverheatingACH = {3.0, 2.0},
    maxSummerACH = {1.0, 283.15, 290.15},
    winterReduction = {0.2, 273.15, 283.15},
    withAHU = false,
    minAHU = 0.0,
    maxAHU = 2.6,
    hHeat = 4067.1784005701493,
    lHeat = 0,
    KRHeat = 10000,
    TNHeat = 1,
    HeaterOn = true,
    hCool = 0,
    lCool = 0.0,
    KRCool = 10000,
    TNCool = 1,
    CoolerOn = false);
end Inffeldgasse25A_3_Office;
