 
within Inffeldgasse.Inffeldgasse25A_3.Inffeldgasse25A_3_DataBase;
record Inffeldgasse25A_3_Laboratory "Inffeldgasse25A_3_Laboratory"
  extends AixLib.DataBase.ThermalZones.ZoneBaseRecord(
    T_start = 293.15,
    withAirCap = true,
    VAir = 93.14522705311329,
    AZone = 10.672340991210937,
    alphaRad = 5.0,
    lat = 0.88645272708792,
    nOrientations = 9,
    AWin = {2.205758077379183, 1.4482217358457607, 0.0, 0.0, 0.49423169776604853, 0.10514501701128738, 0.5315181065253334, 0.2493501590917773, 0.44294218982073374},
    ATransparent = {2.205758077379183, 1.4482217358457607, 0.0, 0.0, 0.49423169776604853, 0.10514501701128738, 0.5315181065253334, 0.2493501590917773, 0.44294218982073374},
    alphaWin = 2.7,
    RWin = 0.02980834920974138,
    gWin = 0.78,
    UWin= 3.001782134105591,
    ratioWinConRad = 0.029999999999999995,
    AExt = {27.601783508825996, 18.12234226206993, 10.672340991210937, 10.672340991210937, 6.184575028802175, 1.3157335912493529, 6.651159008681875, 3.1202465853916994, 5.54276307802702},
    alphaExt = 2.462528906552269,
    nExt = 1,
    RExt = {0.00031560572882619275},
    RExtRem = 0.009142811541211566 ,
    CExt = {33615670.3211374},
    AInt = 46.572613526556644,
    alphaInt = 2.7000000000000006,
    nInt = 1,
    RInt = {0.00044316322386744287},
    CInt = {6915867.0472030705},
    AFloor = 0.0,
    alphaFloor = 0.0,
    nFloor = 1,
    RFloor = {0.00001},
    RFloorRem =  0.00001,
    CFloor = {0.00001},
    ARoof = 0.0,
    alphaRoof = 0.0,
    nRoof = 1,
    RRoof = {0.00001},
    RRoofRem = 0.00001,
    CRoof = {0.00001},
    nOrientationsRoof = 1,
    tiltRoof = {0.0},
    aziRoof = {0.0},
    wfRoof = {0.0},
    aRoof = 0.0,
    aExt = 0.5,
    TSoil = 286.15,
    alphaWallOut = 20.000000000000004,
    alphaRadWall = 5.0,
    alphaWinOut = 19.999999999999996,
    alphaRoofOut = 0.0,
    alphaRadRoof = 0.0,
    tiltExtWalls = {1.5707963267948966, 1.5707963267948966, 0.0, 0.0, 1.5707963267948966, 1.5707963267948966, 1.5707963267948966, 1.5707963267948966, 1.5707963267948966},
    aziExtWalls = {2.6120137524010536, -0.5286564422591098, 0.0, 0.0, -0.5160585842891734, -2.1437624695986868, 1.014917739945307, -0.4950391221503272, -2.0896910837578244},
    wfWall = {0.2975965920661581, 0.19539126142787114, 0.09928515986927718, 0.0, 0.06668077993440043, 0.014185961305636995, 0.07171138972381724, 0.033641838757329345, 0.05976089922317958},
    wfWin = {0.40271879313669934, 0.26441073281577315, 0.0, 0.0, 0.09023491510489412, 0.01919697123151199, 0.09704252364997187, 0.045525389283487636, 0.0808706747776619},
    wfGro = 0.16174611769233,
    nrPeople = 0.6403404594726563,
    ratioConvectiveHeatPeople = 0.5,
    nrPeopleMachines = 1.9210213784179688,
    ratioConvectiveHeatMachines = 0.75,
    lightingPower = 14.0,
    ratioConvectiveHeatLighting = 0.9,
    useConstantACHrate = false,
    baseACH = 0.2,
    maxUserACH = 1.0,
    maxOverheatingACH = {3.0, 2.0},
    maxSummerACH = {1.0, 283.15, 290.15},
    winterReduction = {0.2, 273.15, 283.15},
    withAHU = false,
    minAHU = 24.0,
    maxAHU = 48.0,
    hHeat = 3195.4630299601445,
    lHeat = 0,
    KRHeat = 10000,
    TNHeat = 1,
    HeaterOn = true,
    hCool = 0,
    lCool = 0.0,
    KRCool = 10000,
    TNCool = 1,
    CoolerOn = false);
end Inffeldgasse25A_3_Laboratory;
