 
within Inffeldgasse.Inffeldgasse25A_3.Inffeldgasse25A_3_DataBase;
record Inffeldgasse25A_3_Storage "Inffeldgasse25A_3_Storage"
  extends AixLib.DataBase.ThermalZones.ZoneBaseRecord(
    T_start = 293.15,
    withAirCap = true,
    VAir = 325.30347049981356,
    AZone = 37.2724365234375,
    alphaRad = 5.0,
    lat = 0.88645272708792,
    nOrientations = 9,
    AWin = {7.703462435550116, 5.057817470939794, 0.0, 0.0, 1.7260711214180975, 0.36721193368319227, 1.8562914081210715, 0.8708387395521908, 1.5469459481515733},
    ATransparent = {7.703462435550116, 5.057817470939794, 0.0, 0.0, 1.7260711214180975, 0.36721193368319227, 1.8562914081210715, 0.8708387395521908, 1.5469459481515733},
    alphaWin = 2.7,
    RWin = 0.00853512399038928,
    gWin = 0.7800000000000002,
    UWin= 3.0017821341055915,
    ratioWinConRad = 0.03,
    AExt = {96.39738128810012, 63.291067271489865, 37.272436523437506, 37.272436523437506, 21.599214303150788, 4.595111494468055, 23.228727620542056, 10.897252335477415, 19.35772902686969},
    alphaExt = 2.462528906552268,
    nExt = 1,
    RExt = {9.036844035389983e-05},
    RExtRem = 0.0026178917046335783 ,
    CExt = {117400478.42073596},
    AInt = 650.6069409996271,
    alphaInt = 2.7,
    nInt = 1,
    RInt = {3.172310077517778e-05},
    CInt = {72440918.3522375},
    AFloor = 0.0,
    alphaFloor = 0.0,
    nFloor = 1,
    RFloor = {0.00001},
    RFloorRem =  0.00001,
    CFloor = {0.00001},
    ARoof = 0.0,
    alphaRoof = 0.0,
    nRoof = 1,
    RRoof = {0.00001},
    RRoofRem = 0.00001,
    CRoof = {0.00001},
    nOrientationsRoof = 1,
    tiltRoof = {0.0},
    aziRoof = {0.0},
    wfRoof = {0.0},
    aRoof = 0.0,
    aExt = 0.5,
    TSoil = 286.15,
    alphaWallOut = 19.999999999999993,
    alphaRadWall = 4.999999999999998,
    alphaWinOut = 20.0,
    alphaRoofOut = 0.0,
    alphaRadRoof = 0.0,
    tiltExtWalls = {1.5707963267948966, 1.5707963267948966, 0.0, 0.0, 1.5707963267948966, 1.5707963267948966, 1.5707963267948966, 1.5707963267948966, 1.5707963267948966},
    aziExtWalls = {2.6120137524010536, -0.5286564422591098, 0.0, 0.0, -0.5160585842891734, -2.1437624695986868, 1.014917739945307, -0.4950391221503272, -2.0896910837578244},
    wfWall = {0.2975965920661581, 0.1953912614278711, 0.0992851598692772, 0.0, 0.06668077993440041, 0.014185961305636994, 0.07171138972381723, 0.03364183875732934, 0.05976089922317958},
    wfWin = {0.40271879313669934, 0.2644107328157732, 0.0, 0.0, 0.0902349151048941, 0.019196971231511994, 0.09704252364997189, 0.04552538928348763, 0.0808706747776619},
    wfGro = 0.16174611769233,
    nrPeople = 0.0,
    ratioConvectiveHeatPeople = 0.5,
    nrPeopleMachines = 0.0,
    ratioConvectiveHeatMachines = 0.75,
    lightingPower = 11.3,
    ratioConvectiveHeatLighting = 0.9,
    useConstantACHrate = false,
    baseACH = 0.2,
    maxUserACH = 1.0,
    maxOverheatingACH = {3.0, 2.0},
    maxSummerACH = {1.0, 283.15, 290.15},
    winterReduction = {0.2, 273.15, 283.15},
    withAHU = false,
    minAHU = 0.0,
    maxAHU = 0.5,
    hHeat = 11159.940733271755,
    lHeat = 0,
    KRHeat = 10000,
    TNHeat = 1,
    HeaterOn = true,
    hCool = 0,
    lCool = 0.0,
    KRCool = 10000,
    TNCool = 1,
    CoolerOn = false);
end Inffeldgasse25A_3_Storage;
