 
within Inffeldgasse.Inffeldgasse25A_3.Inffeldgasse25A_3_DataBase;
record Inffeldgasse25A_3_Meeting "Inffeldgasse25A_3_Meeting"
  extends AixLib.DataBase.ThermalZones.ZoneBaseRecord(
    T_start = 293.15,
    withAirCap = true,
    VAir = 20.277249661155047,
    AZone = 2.3233152099609375,
    alphaRad = 5.0,
    lat = 0.88645272708792,
    nOrientations = 9,
    AWin = {0.4801824918159572, 0.3152706223552471, 0.0, 0.0, 0.10759176656839473, 0.022889543866252315, 0.11570883110621344, 0.05428228143208656, 0.09642629743478139},
    ATransparent = {0.4801824918159572, 0.3152706223552471, 0.0, 0.0, 0.10759176656839473, 0.022889543866252315, 0.11570883110621344, 0.05428228143208656, 0.09642629743478139},
    alphaWin = 2.7,
    RWin = 0.13692712284046973,
    gWin = 0.7800000000000001,
    UWin= 3.0017821341055915,
    ratioWinConRad = 0.030000000000000002,
    AExt = {6.008770100291573, 3.9451431932562016, 2.3233152099609375, 2.3233152099609375, 1.346351024896399, 0.28642861648850876, 1.4479240216804548, 0.6792620622447588, 1.2066317760082106},
    alphaExt = 2.462528906552268,
    nExt = 1,
    RExt = {0.0014497610751962537},
    RExtRem = 0.04199826264118041 ,
    CExt = {7317963.154892542},
    AInt = 40.554499322310086,
    alphaInt = 2.7000000000000006,
    nInt = 1,
    RInt = {0.0005089267504039218},
    CInt = {4515483.910622803},
    AFloor = 0.0,
    alphaFloor = 0.0,
    nFloor = 1,
    RFloor = {0.00001},
    RFloorRem =  0.00001,
    CFloor = {0.00001},
    ARoof = 0.0,
    alphaRoof = 0.0,
    nRoof = 1,
    RRoof = {0.00001},
    RRoofRem = 0.00001,
    CRoof = {0.00001},
    nOrientationsRoof = 1,
    tiltRoof = {0.0},
    aziRoof = {0.0},
    wfRoof = {0.0},
    aRoof = 0.0,
    aExt = 0.5,
    TSoil = 286.15,
    alphaWallOut = 20.0,
    alphaRadWall = 5.0,
    alphaWinOut = 20.0,
    alphaRoofOut = 0.0,
    alphaRadRoof = 0.0,
    tiltExtWalls = {1.5707963267948966, 1.5707963267948966, 0.0, 0.0, 1.5707963267948966, 1.5707963267948966, 1.5707963267948966, 1.5707963267948966, 1.5707963267948966},
    aziExtWalls = {2.6120137524010536, -0.5286564422591098, 0.0, 0.0, -0.5160585842891734, -2.1437624695986868, 1.014917739945307, -0.4950391221503272, -2.0896910837578244},
    wfWall = {0.29759659206615807, 0.1953912614278711, 0.09928515986927715, 0.0, 0.0666807799344004, 0.014185961305636992, 0.07171138972381721, 0.03364183875732934, 0.05976089922317956},
    wfWin = {0.4027187931366994, 0.26441073281577315, 0.0, 0.0, 0.0902349151048941, 0.01919697123151199, 0.09704252364997189, 0.04552538928348763, 0.08087067477766191},
    wfGro = 0.16174611769233,
    nrPeople = 0.557595650390625,
    ratioConvectiveHeatPeople = 0.5,
    nrPeopleMachines = 0.04646630419921875,
    ratioConvectiveHeatMachines = 0.75,
    lightingPower = 15.9,
    ratioConvectiveHeatLighting = 0.9,
    useConstantACHrate = false,
    baseACH = 0.2,
    maxUserACH = 1.0,
    maxOverheatingACH = {3.0, 2.0},
    maxSummerACH = {1.0, 283.15, 290.15},
    winterReduction = {0.2, 273.15, 283.15},
    withAHU = false,
    minAHU = 0.0,
    maxAHU = 12.0,
    hHeat = 695.6363057072725,
    lHeat = 0,
    KRHeat = 10000,
    TNHeat = 1,
    HeaterOn = true,
    hCool = 0,
    lCool = 0.0,
    KRCool = 10000,
    TNCool = 1,
    CoolerOn = false);
end Inffeldgasse25A_3_Meeting;
