 
within Inffeldgasse.Inffeldgasse25A_3.Inffeldgasse25A_3_DataBase;
record Inffeldgasse25A_3_ICT "Inffeldgasse25A_3_ICT"
  extends AixLib.DataBase.ThermalZones.ZoneBaseRecord(
    T_start = 293.15,
    withAirCap = true,
    VAir = 13.265152630381287,
    AZone = 1.5198871337890627,
    alphaRad = 4.999999999999999,
    lat = 0.88645272708792,
    nOrientations = 9,
    AWin = {0.3141300793163214, 0.20624655687054494, 0.0, 0.0, 0.07038534461782686, 0.014974086629081285, 0.07569543853115925, 0.03551086860173934, 0.06308101810795859},
    ATransparent = {0.3141300793163214, 0.20624655687054494, 0.0, 0.0, 0.07038534461782686, 0.014974086629081285, 0.07569543853115925, 0.03551086860173934, 0.06308101810795859},
    alphaWin = 2.7,
    RWin = 0.20930821774796604,
    gWin = 0.78,
    UWin= 3.0017821341055915,
    ratioWinConRad = 0.030000000000000006,
    AExt = {3.9308709925258603, 2.580869076515198, 1.5198871337890627, 1.5198871337890627, 0.8807679610284821, 0.1873784353855307, 0.9472158929709927, 0.44436573412446795, 0.7893651725401307},
    alphaExt = 2.462528906552269,
    nExt = 1,
    RExt = {0.0022161197906950926},
    RExtRem = 0.06419897913270355 ,
    CExt = {4787330.620045565},
    AInt = 13.265152630381289,
    alphaInt = 2.7000000000000006,
    nInt = 1,
    RInt = {0.0015559014004174387},
    CInt = {1476989.835292842},
    AFloor = 0.0,
    alphaFloor = 0.0,
    nFloor = 1,
    RFloor = {0.00001},
    RFloorRem =  0.00001,
    CFloor = {0.00001},
    ARoof = 0.0,
    alphaRoof = 0.0,
    nRoof = 1,
    RRoof = {0.00001},
    RRoofRem = 0.00001,
    CRoof = {0.00001},
    nOrientationsRoof = 1,
    tiltRoof = {0.0},
    aziRoof = {0.0},
    wfRoof = {0.0},
    aRoof = 0.0,
    aExt = 0.5,
    TSoil = 286.15,
    alphaWallOut = 20.0,
    alphaRadWall = 5.000000000000001,
    alphaWinOut = 20.0,
    alphaRoofOut = 0.0,
    alphaRadRoof = 0.0,
    tiltExtWalls = {1.5707963267948966, 1.5707963267948966, 0.0, 0.0, 1.5707963267948966, 1.5707963267948966, 1.5707963267948966, 1.5707963267948966, 1.5707963267948966},
    aziExtWalls = {2.6120137524010536, -0.5286564422591098, 0.0, 0.0, -0.5160585842891734, -2.1437624695986868, 1.014917739945307, -0.4950391221503272, -2.0896910837578244},
    wfWall = {0.2975965920661581, 0.19539126142787114, 0.09928515986927718, 0.0, 0.06668077993440041, 0.014185961305636995, 0.07171138972381723, 0.03364183875732935, 0.05976089922317958},
    wfWin = {0.40271879313669934, 0.26441073281577315, 0.0, 0.0, 0.09023491510489408, 0.019196971231511997, 0.09704252364997187, 0.04552538928348762, 0.08087067477766188},
    wfGro = 0.16174611769233,
    nrPeople = 0.045596614013671884,
    ratioConvectiveHeatPeople = 0.5,
    nrPeopleMachines = 2.2798307006835943,
    ratioConvectiveHeatMachines = 0.75,
    lightingPower = 7.1,
    ratioConvectiveHeatLighting = 0.9,
    useConstantACHrate = false,
    baseACH = 0.2,
    maxUserACH = 1.0,
    maxOverheatingACH = {3.0, 2.0},
    maxSummerACH = {1.0, 283.15, 290.15},
    winterReduction = {0.2, 273.15, 283.15},
    withAHU = false,
    minAHU = 0.0,
    maxAHU = 130.0,
    hHeat = 455.07758323452595,
    lHeat = 0,
    KRHeat = 10000,
    TNHeat = 1,
    HeaterOn = true,
    hCool = 0,
    lCool = 0.0,
    KRCool = 10000,
    TNCool = 1,
    CoolerOn = false);
end Inffeldgasse25A_3_ICT;
