 
within Inffeldgasse.Inffeldgasse25A_3.Inffeldgasse25A_3_DataBase;
record Inffeldgasse25A_3_Floor "Inffeldgasse25A_3_Floor"
  extends AixLib.DataBase.ThermalZones.ZoneBaseRecord(
    T_start = 293.15,
    withAirCap = true,
    VAir = 97.33802733955531,
    AZone = 11.152741284179687,
    alphaRad = 4.999999999999998,
    lat = 0.88645272708792,
    nOrientations = 9,
    AWin = {2.3050471487707176, 1.5134113832489848, 0.0, 0.0, 0.5164788366643261, 0.10987797082320407, 0.5554436402300049, 0.2605743028460055, 0.4628806042635762},
    ATransparent = {2.3050471487707176, 1.5134113832489848, 0.0, 0.0, 0.5164788366643261, 0.10987797082320407, 0.5554436402300049, 0.2605743028460055, 0.4628806042635762},
    alphaWin = 2.7,
    RWin = 0.028524365359637406,
    gWin = 0.7799999999999999,
    UWin= 3.001782134105592,
    ratioWinConRad = 0.03,
    AExt = {28.844238645428174, 18.938093795791353, 11.152741284179687, 11.152741284179687, 6.462964902042784, 1.3749594727336076, 6.950551498013305, 3.2607000599378524, 5.792262696595563},
    alphaExt = 2.4625289065522686,
    nExt = 1,
    RExt = {0.0003020111263219827},
    RExtRem = 0.008748988244226593 ,
    CExt = {35128832.04300464},
    AInt = 632.6971777071095,
    alphaInt = 2.6999999999999997,
    nInt = 1,
    RInt = {3.262108680357624e-05},
    CInt = {70446780.84981893},
    AFloor = 0.0,
    alphaFloor = 0.0,
    nFloor = 1,
    RFloor = {0.00001},
    RFloorRem =  0.00001,
    CFloor = {0.00001},
    ARoof = 0.0,
    alphaRoof = 0.0,
    nRoof = 1,
    RRoof = {0.00001},
    RRoofRem = 0.00001,
    CRoof = {0.00001},
    nOrientationsRoof = 1,
    tiltRoof = {0.0},
    aziRoof = {0.0},
    wfRoof = {0.0},
    aRoof = 0.0,
    aExt = 0.5,
    TSoil = 286.15,
    alphaWallOut = 19.999999999999996,
    alphaRadWall = 4.999999999999998,
    alphaWinOut = 20.0,
    alphaRoofOut = 0.0,
    alphaRadRoof = 0.0,
    tiltExtWalls = {1.5707963267948966, 1.5707963267948966, 0.0, 0.0, 1.5707963267948966, 1.5707963267948966, 1.5707963267948966, 1.5707963267948966, 1.5707963267948966},
    aziExtWalls = {2.6120137524010536, -0.5286564422591098, 0.0, 0.0, -0.5160585842891734, -2.1437624695986868, 1.014917739945307, -0.4950391221503272, -2.0896910837578244},
    wfWall = {0.29759659206615807, 0.1953912614278711, 0.09928515986927716, 0.0, 0.06668077993440041, 0.014185961305636994, 0.07171138972381724, 0.033641838757329345, 0.05976089922317957},
    wfWin = {0.40271879313669934, 0.26441073281577315, 0.0, 0.0, 0.09023491510489408, 0.019196971231511987, 0.09704252364997187, 0.04552538928348762, 0.08087067477766188},
    wfGro = 0.16174611769233,
    nrPeople = 0.0,
    ratioConvectiveHeatPeople = 0.5,
    nrPeopleMachines = 0.0,
    ratioConvectiveHeatMachines = 0.75,
    lightingPower = 7.0,
    ratioConvectiveHeatLighting = 0.9,
    useConstantACHrate = false,
    baseACH = 0.2,
    maxUserACH = 1.0,
    maxOverheatingACH = {3.0, 2.0},
    maxSummerACH = {1.0, 283.15, 290.15},
    winterReduction = {0.2, 273.15, 283.15},
    withAHU = false,
    minAHU = 0.0,
    maxAHU = 2.0,
    hHeat = 3339.3022660778693,
    lHeat = 0,
    KRHeat = 10000,
    TNHeat = 1,
    HeaterOn = true,
    hCool = 0,
    lCool = 0.0,
    KRCool = 10000,
    TNCool = 1,
    CoolerOn = false);
end Inffeldgasse25A_3_Floor;
