 
within Inffeldgasse.Inffeldgasse25A_3.Inffeldgasse25A_3_DataBase;
record Inffeldgasse25A_3_Storage "Inffeldgasse25A_3_Storage"
  extends AixLib.DataBase.ThermalZones.ZoneBaseRecord(
    T_start = 293.15,
    withAirCap = true,
    VAir = 8.241021252661943,
    AZone = 0.94423505859375,
    alphaRad = 5.0,
    lat = 0.88645272708792,
    nOrientations = 9,
    AWin = {0.19515438170060292, 0.12813137593047477, 0.0, 0.0, 0.04372713507592513, 0.009302702319974203, 0.0470260490057338, 0.0220612480686555, 0.03918929735317318},
    ATransparent = {0.19515438170060292, 0.12813137593047477, 0.0, 0.0, 0.04372713507592513, 0.009302702319974203, 0.0470260490057338, 0.0220612480686555, 0.03918929735317318},
    alphaWin = 2.7,
    RWin = 0.33691278909431366,
    gWin = 0.7800000000000001,
    UWin= 3.001782134105591,
    ratioWinConRad = 0.029999999999999995,
    AExt = {2.442066992631869, 1.6033737042110765, 0.94423505859375, 0.94423505859375, 0.5471800956798198, 0.11640949119319072, 0.5884610997203987, 0.2760637258320945, 0.4903958020140321},
    alphaExt = 2.4625289065522686,
    nExt = 1,
    RExt = {0.003567175277127624},
    RExtRem = 0.10333783044606233 ,
    CExt = {2974145.4533253117},
    AInt = 20.60255313165486,
    alphaInt = 2.6999999999999997,
    nInt = 1,
    RInt = {0.0010017821297424565},
    CInt = {2293962.4144875207},
    AFloor = 0.0,
    alphaFloor = 0.0,
    nFloor = 1,
    RFloor = {0.00001},
    RFloorRem =  0.00001,
    CFloor = {0.00001},
    ARoof = 0.0,
    alphaRoof = 0.0,
    nRoof = 1,
    RRoof = {0.00001},
    RRoofRem = 0.00001,
    CRoof = {0.00001},
    nOrientationsRoof = 1,
    tiltRoof = {0.0},
    aziRoof = {0.0},
    wfRoof = {0.0},
    aRoof = 0.0,
    aExt = 0.5,
    TSoil = 286.15,
    alphaWallOut = 20.0,
    alphaRadWall = 5.0,
    alphaWinOut = 20.0,
    alphaRoofOut = 0.0,
    alphaRadRoof = 0.0,
    tiltExtWalls = {1.5707963267948966, 1.5707963267948966, 0.0, 0.0, 1.5707963267948966, 1.5707963267948966, 1.5707963267948966, 1.5707963267948966, 1.5707963267948966},
    aziExtWalls = {2.6120137524010536, -0.5286564422591098, 0.0, 0.0, -0.5160585842891734, -2.1437624695986868, 1.014917739945307, -0.4950391221503272, -2.0896910837578244},
    wfWall = {0.2975965920661581, 0.19539126142787114, 0.09928515986927716, 0.0, 0.06668077993440041, 0.014185961305636995, 0.07171138972381723, 0.033641838757329345, 0.059760899223179564},
    wfWin = {0.40271879313669934, 0.26441073281577315, 0.0, 0.0, 0.0902349151048941, 0.01919697123151199, 0.09704252364997189, 0.045525389283487636, 0.0808706747776619},
    wfGro = 0.16174611769233,
    nrPeople = 0.0,
    ratioConvectiveHeatPeople = 0.5,
    nrPeopleMachines = 0.0,
    ratioConvectiveHeatMachines = 0.75,
    lightingPower = 11.3,
    ratioConvectiveHeatLighting = 0.9,
    useConstantACHrate = false,
    baseACH = 0.2,
    maxUserACH = 1.0,
    maxOverheatingACH = {3.0, 2.0},
    maxSummerACH = {1.0, 283.15, 290.15},
    winterReduction = {0.2, 273.15, 283.15},
    withAHU = false,
    minAHU = 0.0,
    maxAHU = 0.5,
    hHeat = 282.7184985762177,
    lHeat = 0,
    KRHeat = 10000,
    TNHeat = 1,
    HeaterOn = true,
    hCool = 0,
    lCool = 0.0,
    KRCool = 10000,
    TNCool = 1,
    CoolerOn = false);
end Inffeldgasse25A_3_Storage;
