 
within Inffeldgasse.Inffeldgasse25A_3.Inffeldgasse25A_3_DataBase;
record Inffeldgasse25A_3_ICT "Inffeldgasse25A_3_ICT"
  extends AixLib.DataBase.ThermalZones.ZoneBaseRecord(
    T_start = 293.15,
    withAirCap = true,
    VAir = 7.228966011106968,
    AZone = 0.8282763671875,
    alphaRad = 4.999999999999999,
    lat = 0.88645272708792,
    nOrientations = 9,
    AWin = {0.1711880541233359, 0.11239594379866209, 0.0, 0.0, 0.03835713603151328, 0.008160265192959829, 0.041250920180468255, 0.019351971990048688, 0.034376576625590516},
    ATransparent = {0.1711880541233359, 0.11239594379866209, 0.0, 0.0, 0.03835713603151328, 0.008160265192959829, 0.041250920180468255, 0.019351971990048688, 0.034376576625590516},
    alphaWin = 2.7,
    RWin = 0.3840805795675176,
    gWin = 0.7799999999999999,
    UWin= 3.001782134105591,
    ratioWinConRad = 0.03,
    AExt = {2.142164028624447, 1.4064681615886638, 0.8282763671875002, 0.8282763671875002, 0.4799825400700175, 0.10211358876595679, 0.5161939471231568, 0.24216116301060922, 0.4301717561526598},
    alphaExt = 2.462528906552268,
    nExt = 1,
    RExt = {0.004066579815925493},
    RExtRem = 0.11780512670851101 ,
    CExt = {2608899.520460799},
    AInt = 3.614483005553484,
    alphaInt = 2.7000000000000006,
    nInt = 1,
    RInt = {0.005710158139532002},
    CInt = {536737.8383548347},
    AFloor = 0.0,
    alphaFloor = 0.0,
    nFloor = 1,
    RFloor = {0.00001},
    RFloorRem =  0.00001,
    CFloor = {0.00001},
    ARoof = 0.0,
    alphaRoof = 0.0,
    nRoof = 1,
    RRoof = {0.00001},
    RRoofRem = 0.00001,
    CRoof = {0.00001},
    nOrientationsRoof = 1,
    tiltRoof = {0.0},
    aziRoof = {0.0},
    wfRoof = {0.0},
    aRoof = 0.0,
    aExt = 0.5,
    TSoil = 286.15,
    alphaWallOut = 20.0,
    alphaRadWall = 5.0,
    alphaWinOut = 20.0,
    alphaRoofOut = 0.0,
    alphaRadRoof = 0.0,
    tiltExtWalls = {1.5707963267948966, 1.5707963267948966, 0.0, 0.0, 1.5707963267948966, 1.5707963267948966, 1.5707963267948966, 1.5707963267948966, 1.5707963267948966},
    aziExtWalls = {2.6120137524010536, -0.5286564422591098, 0.0, 0.0, -0.5160585842891734, -2.1437624695986868, 1.014917739945307, -0.4950391221503272, -2.0896910837578244},
    wfWall = {0.29759659206615807, 0.19539126142787114, 0.09928515986927719, 0.0, 0.06668077993440043, 0.014185961305636999, 0.07171138972381724, 0.03364183875732936, 0.059760899223179564},
    wfWin = {0.40271879313669934, 0.26441073281577315, 0.0, 0.0, 0.0902349151048941, 0.019196971231511994, 0.09704252364997187, 0.045525389283487636, 0.0808706747776619},
    wfGro = 0.16174611769233002,
    nrPeople = 0.024848291015625003,
    ratioConvectiveHeatPeople = 0.5,
    nrPeopleMachines = 1.24241455078125,
    ratioConvectiveHeatMachines = 0.75,
    lightingPower = 7.1,
    ratioConvectiveHeatLighting = 0.9,
    useConstantACHrate = false,
    baseACH = 0.2,
    maxUserACH = 1.0,
    maxOverheatingACH = {3.0, 2.0},
    maxSummerACH = {1.0, 283.15, 290.15},
    winterReduction = {0.2, 273.15, 283.15},
    withAHU = false,
    minAHU = 0.0,
    maxAHU = 130.0,
    hHeat = 247.99868296159448,
    lHeat = 0,
    KRHeat = 10000,
    TNHeat = 1,
    HeaterOn = true,
    hCool = 0,
    lCool = 0.0,
    KRCool = 10000,
    TNCool = 1,
    CoolerOn = false);
end Inffeldgasse25A_3_ICT;
