 
within Inffeldgasse.Inffeldgasse25A_3.Inffeldgasse25A_3_DataBase;
record Inffeldgasse25A_3_Restroom "Inffeldgasse25A_3_Restroom"
  extends AixLib.DataBase.ThermalZones.ZoneBaseRecord(
    T_start = 293.15,
    withAirCap = true,
    VAir = 10.626580036327242,
    AZone = 1.217566259765625,
    alphaRad = 4.999999999999999,
    lat = 0.88645272708792,
    nOrientations = 9,
    AWin = {0.2516464395613037, 0.16522203738403324, 0.0, 0.0, 0.05638498996632451, 0.011995589833650946, 0.06063885266528832, 0.028447398825371565, 0.05053356763961805},
    ATransparent = {0.2516464395613037, 0.16522203738403324, 0.0, 0.0, 0.05638498996632451, 0.011995589833650946, 0.06063885266528832, 0.028447398825371565, 0.05053356763961805},
    alphaWin = 2.7000000000000006,
    RWin = 0.2612793058282433,
    gWin = 0.7800000000000001,
    UWin= 3.001782134105592,
    ratioWinConRad = 0.030000000000000002,
    AExt = {3.1489811220779367, 2.0675081975353353, 1.217566259765625, 1.217566259765625, 0.7055743339029256, 0.15010697548595645, 0.7588051022710404, 0.3559769096255955, 0.6323524815444097},
    alphaExt = 2.4625289065522686,
    nExt = 1,
    RExt = {0.002766380827160199},
    RExtRem = 0.08013954197857892 ,
    CExt = {3835082.2950773737},
    AInt = 26.56645009081811,
    alphaInt = 2.6999999999999997,
    nInt = 1,
    RInt = {0.0007768922638819051},
    CInt = {2958004.166049697},
    AFloor = 0.0,
    alphaFloor = 0.0,
    nFloor = 1,
    RFloor = {0.00001},
    RFloorRem =  0.00001,
    CFloor = {0.00001},
    ARoof = 0.0,
    alphaRoof = 0.0,
    nRoof = 1,
    RRoof = {0.00001},
    RRoofRem = 0.00001,
    CRoof = {0.00001},
    nOrientationsRoof = 1,
    tiltRoof = {0.0},
    aziRoof = {0.0},
    wfRoof = {0.0},
    aRoof = 0.0,
    aExt = 0.5,
    TSoil = 286.15,
    alphaWallOut = 19.999999999999996,
    alphaRadWall = 4.999999999999998,
    alphaWinOut = 20.0,
    alphaRoofOut = 0.0,
    alphaRadRoof = 0.0,
    tiltExtWalls = {1.5707963267948966, 1.5707963267948966, 0.0, 0.0, 1.5707963267948966, 1.5707963267948966, 1.5707963267948966, 1.5707963267948966, 1.5707963267948966},
    aziExtWalls = {2.6120137524010536, -0.5286564422591098, 0.0, 0.0, -0.5160585842891734, -2.1437624695986868, 1.014917739945307, -0.4950391221503272, -2.0896910837578244},
    wfWall = {0.2975965920661581, 0.19539126142787114, 0.0992851598692772, 0.0, 0.06668077993440041, 0.014185961305636995, 0.07171138972381723, 0.033641838757329345, 0.05976089922317957},
    wfWin = {0.40271879313669934, 0.26441073281577315, 0.0, 0.0, 0.0902349151048941, 0.019196971231511994, 0.09704252364997187, 0.045525389283487636, 0.08087067477766188},
    wfGro = 0.16174611769233,
    nrPeople = 0.0,
    ratioConvectiveHeatPeople = 0.5,
    nrPeopleMachines = 0.0,
    ratioConvectiveHeatMachines = 0.75,
    lightingPower = 11.1,
    ratioConvectiveHeatLighting = 0.9,
    useConstantACHrate = false,
    baseACH = 0.2,
    maxUserACH = 1.0,
    maxOverheatingACH = {3.0, 2.0},
    maxSummerACH = {1.0, 283.15, 290.15},
    winterReduction = {0.2, 273.15, 283.15},
    withAHU = false,
    minAHU = 0.0,
    maxAHU = 8.0,
    hHeat = 364.55806395354386,
    lHeat = 0,
    KRHeat = 10000,
    TNHeat = 1,
    HeaterOn = true,
    hCool = 0,
    lCool = 0.0,
    KRCool = 10000,
    TNCool = 1,
    CoolerOn = false);
end Inffeldgasse25A_3_Restroom;
