 
within Inffeldgasse.Inffeldgasse25F_3.Inffeldgasse25F_3_DataBase;
record Inffeldgasse25F_3_Floor "Inffeldgasse25F_3_Floor"
  extends AixLib.DataBase.ThermalZones.ZoneBaseRecord(
    T_start = 293.15,
    withAirCap = true,
    VAir = 621.088669968602,
    AZone = 147.2998678222656,
    alphaRad = 4.999999999999999,
    lat = 0.88645272708792,
    nOrientations = 10,
    AWin = {0.47895250187782173, 2.361064019179881, 0.5613798379747985, 2.075526439318488, 2.7470945461885297, 0.12716498118831354, 0.0826469409226929, 0.0, 0.0, 2.739945795638482},
    ATransparent = {0.47895250187782173, 2.361064019179881, 0.5613798379747985, 2.075526439318488, 2.7470945461885297, 0.12716498118831354, 0.0826469409226929, 0.0, 0.0, 2.739945795638482},
    alphaWin = 2.7000000000000006,
    RWin = 0.014611472417541507,
    gWin = 0.7800000000000001,
    UWin= 3.0017821341055924,
    ratioWinConRad = 0.030000000000000006,
    AExt = {5.99337860457923, 29.54520651027798, 7.024834188711669, 25.97212814606648, 34.37580472662944, 1.5912807105456535, 1.0342036120866707, 73.6499339111328, 73.6499339111328, 34.28634874001668},
    alphaExt = 2.186980002992379,
    nExt = 1,
    RExt = {0.00010527588119690957},
    RExtRem = 0.0027319999485890924 ,
    CExt = {92419698.72244811},
    AInt = 4920.875561729506,
    alphaInt = 2.52039797677327,
    nInt = 1,
    RInt = {1.3118459304236365e-05},
    CInt = {822746245.4563195},
    AFloor = 0.0,
    alphaFloor = 0.0,
    nFloor = 1,
    RFloor = {0.00001},
    RFloorRem =  0.00001,
    CFloor = {0.00001},
    ARoof = 0.0,
    alphaRoof = 0.0,
    nRoof = 1,
    RRoof = {0.00001},
    RRoofRem = 0.00001,
    CRoof = {0.00001},
    nOrientationsRoof = 1,
    tiltRoof = {0.0},
    aziRoof = {0.0},
    wfRoof = {0.0},
    aRoof = 0.0,
    aExt = 0.5,
    TSoil = 286.15,
    alphaWallOut = 20.000000000000004,
    alphaRadWall = 5.0,
    alphaWinOut = 20.0,
    alphaRoofOut = 0.0,
    alphaRadRoof = 0.0,
    tiltExtWalls = {1.5707963267948966, 1.5707963267948966, 1.5707963267948966, 1.5707963267948966, 1.5707963267948966, 1.5707963267948966, 1.5707963267948966, 0.0, 0.0, 1.5707963267948966},
    aziExtWalls = {2.6126429318500666, 2.6126429317082045, -2.1014864813585783, -2.099033618538367, -0.5364622247293448, -0.5253064151284259, -2.0991770074017873, 0.0, 0.0, 1.0545162807873834},
    wfWall = {0.019528810562927632, 0.09627003048680291, 0.022889702980304034, 0.08462752045950914, 0.1120100402036372, 0.005185025275216807, 0.0033698465851139097, 0.20706670804348393, 0.0, 0.11171855703003199},
    wfWin = {0.04286398278181427, 0.21130405847781622, 0.05024083936228772, 0.18574979608487885, 0.24585196416382596, 0.011380664142550147, 0.007396510173327421, 0.0, 0.0, 0.2452121848134993},
    wfGro = 0.33733375837297236,
    nrPeople = 0.0,
    ratioConvectiveHeatPeople = 0.5,
    nrPeopleMachines = 0.0,
    ratioConvectiveHeatMachines = 0.75,
    lightingPower = 7.0,
    ratioConvectiveHeatLighting = 0.9,
    useConstantACHrate = false,
    baseACH = 0.2,
    maxUserACH = 1.0,
    maxOverheatingACH = {3.0, 2.0},
    maxSummerACH = {1.0, 283.15, 290.15},
    winterReduction = {0.2, 273.15, 283.15},
    withAHU = false,
    minAHU = 0.0,
    maxAHU = 2.0,
    hHeat = 9323.507256881268,
    lHeat = 0,
    KRHeat = 10000,
    TNHeat = 1,
    HeaterOn = true,
    hCool = 0,
    lCool = 0.0,
    KRCool = 10000,
    TNCool = 1,
    CoolerOn = false);
end Inffeldgasse25F_3_Floor;
