 
within Inffeldgasse.Inffeldgasse25F_3.Inffeldgasse25F_3_DataBase;
record Inffeldgasse25F_3_ICT "Inffeldgasse25F_3_ICT"
  extends AixLib.DataBase.ThermalZones.ZoneBaseRecord(
    T_start = 293.15,
    withAirCap = true,
    VAir = 46.12615447223187,
    AZone = 10.939462890625,
    alphaRad = 4.999999999999999,
    lat = 0.88645272708792,
    nOrientations = 10,
    AWin = {0.03557018209267151, 0.17534823759226745, 0.0416917815057407, 0.15414232746516807, 0.20401741895198885, 0.009444112973510103, 0.00613790872058618, 0.0, 0.0, 0.20348650543174765},
    ATransparent = {0.03557018209267151, 0.17534823759226745, 0.0416917815057407, 0.15414232746516807, 0.20401741895198885, 0.009444112973510103, 0.00613790872058618, 0.0, 0.0, 0.20348650543174765},
    alphaWin = 2.7,
    RWin = 0.19674347610219642,
    gWin = 0.78,
    UWin= 3.0017821341055915,
    ratioWinConRad = 0.030000000000000002,
    AExt = {0.44510795429478134, 2.1942225406816176, 0.5217106712745391, 1.9288620977398059, 2.5529747290478606, 0.11817903531716699, 0.07680680371976761, 5.4697314453125, 5.4697314453125, 2.546331135537815},
    alphaExt = 2.1869800029923776,
    nExt = 1,
    RExt = {0.0014175397403163887},
    RExtRem = 0.03678637930775213 ,
    CExt = {6863698.382654885},
    AInt = 34.00254012674093,
    alphaInt = 2.378275127391975,
    nInt = 1,
    RInt = {0.0019926331435386082},
    CInt = {7253216.768475516},
    AFloor = 0.0,
    alphaFloor = 0.0,
    nFloor = 1,
    RFloor = {0.00001},
    RFloorRem =  0.00001,
    CFloor = {0.00001},
    ARoof = 0.0,
    alphaRoof = 0.0,
    nRoof = 1,
    RRoof = {0.00001},
    RRoofRem = 0.00001,
    CRoof = {0.00001},
    nOrientationsRoof = 1,
    tiltRoof = {0.0},
    aziRoof = {0.0},
    wfRoof = {0.0},
    aRoof = 0.0,
    aExt = 0.5,
    TSoil = 286.15,
    alphaWallOut = 20.0,
    alphaRadWall = 5.0,
    alphaWinOut = 19.999999999999996,
    alphaRoofOut = 0.0,
    alphaRadRoof = 0.0,
    tiltExtWalls = {1.5707963267948966, 1.5707963267948966, 1.5707963267948966, 1.5707963267948966, 1.5707963267948966, 1.5707963267948966, 1.5707963267948966, 0.0, 0.0, 1.5707963267948966},
    aziExtWalls = {2.6126429318500666, 2.6126429317082045, -2.1014864813585783, -2.099033618538367, -0.5364622247293448, -0.5253064151284259, -2.0991770074017873, 0.0, 0.0, 1.0545162807873834},
    wfWall = {0.019528810562927632, 0.09627003048680294, 0.022889702980304034, 0.08462752045950916, 0.11201004020363725, 0.005185025275216808, 0.003369846585113911, 0.20706670804348393, 0.0, 0.11171855703003203},
    wfWin = {0.04286398278181428, 0.21130405847781616, 0.05024083936228772, 0.18574979608487885, 0.245851964163826, 0.011380664142550146, 0.007396510173327423, 0.0, 0.0, 0.24521218481349927},
    wfGro = 0.3373337583729724,
    nrPeople = 0.32818388671875,
    ratioConvectiveHeatPeople = 0.5,
    nrPeopleMachines = 16.4091943359375,
    ratioConvectiveHeatMachines = 0.75,
    lightingPower = 7.1,
    ratioConvectiveHeatLighting = 0.9,
    useConstantACHrate = false,
    baseACH = 0.2,
    maxUserACH = 1.0,
    maxOverheatingACH = {3.0, 2.0},
    maxSummerACH = {1.0, 283.15, 290.15},
    winterReduction = {0.2, 273.15, 283.15},
    withAHU = false,
    minAHU = 0.0,
    maxAHU = 130.0,
    hHeat = 692.4253439941529,
    lHeat = 0,
    KRHeat = 10000,
    TNHeat = 1,
    HeaterOn = true,
    hCool = 0,
    lCool = 0.0,
    KRCool = 10000,
    TNCool = 1,
    CoolerOn = false);
end Inffeldgasse25F_3_ICT;
