 
within Inffeldgasse.Inffeldgasse25F_3.Inffeldgasse25F_3_DataBase;
record Inffeldgasse25F_3_Storage "Inffeldgasse25F_3_Storage"
  extends AixLib.DataBase.ThermalZones.ZoneBaseRecord(
    T_start = 293.15,
    withAirCap = true,
    VAir = 52.58381609834433,
    AZone = 12.4709876953125,
    alphaRad = 4.999999999999999,
    lat = 0.88645272708792,
    nOrientations = 10,
    AWin = {0.04055000758564552, 0.1998969908551849, 0.0475286309165444, 0.1757222533102916, 0.23257985760526728, 0.010766288789801518, 0.006997215941468245, 0.0, 0.0, 0.2319746161921923},
    ATransparent = {0.04055000758564552, 0.1998969908551849, 0.0475286309165444, 0.1757222533102916, 0.23257985760526728, 0.010766288789801518, 0.006997215941468245, 0.0, 0.0, 0.2319746161921923},
    alphaWin = 2.6999999999999997,
    RWin = 0.17258199658087403,
    gWin = 0.7800000000000001,
    UWin= 3.0017821341055915,
    ratioWinConRad = 0.03,
    AExt = {0.5074230678960507, 2.5014136963770444, 0.5947501652529746, 2.1989027914233787, 2.910391191114561, 0.13472410026157036, 0.08755975624053507, 6.23549384765625, 6.23549384765625, 2.9028174945131093},
    alphaExt = 2.1869800029923776,
    nExt = 1,
    RExt = {0.001243455912558236},
    RExtRem = 0.032268753778729946 ,
    CExt = {7824616.156226569},
    AInt = 193.8144787224233,
    alphaInt = 2.378275127391975,
    nInt = 1,
    RInt = {0.0003495847620243174},
    CInt = {41343335.58031041},
    AFloor = 0.0,
    alphaFloor = 0.0,
    nFloor = 1,
    RFloor = {0.00001},
    RFloorRem =  0.00001,
    CFloor = {0.00001},
    ARoof = 0.0,
    alphaRoof = 0.0,
    nRoof = 1,
    RRoof = {0.00001},
    RRoofRem = 0.00001,
    CRoof = {0.00001},
    nOrientationsRoof = 1,
    tiltRoof = {0.0},
    aziRoof = {0.0},
    wfRoof = {0.0},
    aRoof = 0.0,
    aExt = 0.5,
    TSoil = 286.15,
    alphaWallOut = 20.0,
    alphaRadWall = 5.0,
    alphaWinOut = 19.999999999999996,
    alphaRoofOut = 0.0,
    alphaRadRoof = 0.0,
    tiltExtWalls = {1.5707963267948966, 1.5707963267948966, 1.5707963267948966, 1.5707963267948966, 1.5707963267948966, 1.5707963267948966, 1.5707963267948966, 0.0, 0.0, 1.5707963267948966},
    aziExtWalls = {2.6126429318500666, 2.6126429317082045, -2.1014864813585783, -2.099033618538367, -0.5364622247293448, -0.5253064151284259, -2.0991770074017873, 0.0, 0.0, 1.0545162807873834},
    wfWall = {0.019528810562927636, 0.09627003048680295, 0.02288970298030403, 0.08462752045950916, 0.11201004020363722, 0.005185025275216807, 0.00336984658511391, 0.2070667080434839, 0.0, 0.11171855703003201},
    wfWin = {0.04286398278181428, 0.2113040584778162, 0.05024083936228771, 0.18574979608487885, 0.24585196416382596, 0.011380664142550146, 0.007396510173327423, 0.0, 0.0, 0.24521218481349927},
    wfGro = 0.3373337583729724,
    nrPeople = 0.0,
    ratioConvectiveHeatPeople = 0.5,
    nrPeopleMachines = 0.0,
    ratioConvectiveHeatMachines = 0.75,
    lightingPower = 11.3,
    ratioConvectiveHeatLighting = 0.9,
    useConstantACHrate = false,
    baseACH = 0.2,
    maxUserACH = 1.0,
    maxOverheatingACH = {3.0, 2.0},
    maxSummerACH = {1.0, 283.15, 290.15},
    winterReduction = {0.2, 273.15, 283.15},
    withAHU = false,
    minAHU = 0.0,
    maxAHU = 0.5,
    hHeat = 789.3648921533343,
    lHeat = 0,
    KRHeat = 10000,
    TNHeat = 1,
    HeaterOn = true,
    hCool = 0,
    lCool = 0.0,
    KRCool = 10000,
    TNCool = 1,
    CoolerOn = false);
end Inffeldgasse25F_3_Storage;
