 
within Inffeldgasse.Inffeldgasse25F_3.Inffeldgasse25F_3_DataBase;
record Inffeldgasse25F_3_Storage "Inffeldgasse25F_3_Storage"
  extends AixLib.DataBase.ThermalZones.ZoneBaseRecord(
    T_start = 293.15,
    withAirCap = true,
    VAir = 2075.676951250434,
    AZone = 492.275830078125,
    alphaRad = 5.0,
    lat = 0.88645272708792,
    nOrientations = 10,
    AWin = {1.6006581941702178, 7.890670691652035, 1.8761301677583317, 6.9364047359325625, 9.180783852839498, 0.4249850838079547, 0.2762058924263781, 0.0, 0.0, 9.156892744428644},
    ATransparent = {1.6006581941702178, 7.890670691652035, 1.8761301677583317, 6.9364047359325625, 9.180783852839498, 0.4249850838079547, 0.2762058924263781, 0.0, 0.0, 9.156892744428644},
    alphaWin = 2.700000000000001,
    RWin = 0.0043720772467154756,
    gWin = 0.7800000000000001,
    UWin= 3.001782134105592,
    ratioWinConRad = 0.03,
    AExt = {20.02985794326516, 98.74001433067279, 23.47698020735426, 86.79879439829126, 114.88386280715372, 5.318056589272515, 3.4563061673895423, 246.1379150390625, 246.1379150390625, 114.58490109920169},
    alphaExt = 2.1869800029923785,
    nExt = 1,
    RExt = {3.1500883118141955e-05},
    RExtRem = 0.0008174750957278251 ,
    CExt = {308866427.21947},
    AInt = 6120.457222813368,
    alphaInt = 2.3782751273919747,
    nInt = 1,
    RInt = {1.107018413077004e-05},
    CInt = {1305579018.325593},
    AFloor = 0.0,
    alphaFloor = 0.0,
    nFloor = 1,
    RFloor = {0.00001},
    RFloorRem =  0.00001,
    CFloor = {0.00001},
    ARoof = 0.0,
    alphaRoof = 0.0,
    nRoof = 1,
    RRoof = {0.00001},
    RRoofRem = 0.00001,
    CRoof = {0.00001},
    nOrientationsRoof = 1,
    tiltRoof = {0.0},
    aziRoof = {0.0},
    wfRoof = {0.0},
    aRoof = 0.0,
    aExt = 0.5,
    TSoil = 286.15,
    alphaWallOut = 20.0,
    alphaRadWall = 4.999999999999999,
    alphaWinOut = 20.000000000000004,
    alphaRoofOut = 0.0,
    alphaRadRoof = 0.0,
    tiltExtWalls = {1.5707963267948966, 1.5707963267948966, 1.5707963267948966, 1.5707963267948966, 1.5707963267948966, 1.5707963267948966, 1.5707963267948966, 0.0, 0.0, 1.5707963267948966},
    aziExtWalls = {2.6126429318500666, 2.6126429317082045, -2.1014864813585783, -2.099033618538367, -0.5364622247293448, -0.5253064151284259, -2.0991770074017873, 0.0, 0.0, 1.0545162807873834},
    wfWall = {0.019528810562927636, 0.09627003048680292, 0.02288970298030403, 0.08462752045950916, 0.1120100402036372, 0.005185025275216807, 0.00336984658511391, 0.2070667080434839, 0.0, 0.11171855703003199},
    wfWin = {0.04286398278181428, 0.21130405847781622, 0.050240839362287716, 0.18574979608487882, 0.245851964163826, 0.01138066414255015, 0.007396510173327422, 0.0, 0.0, 0.24521218481349932},
    wfGro = 0.3373337583729724,
    nrPeople = 0.0,
    ratioConvectiveHeatPeople = 0.5,
    nrPeopleMachines = 0.0,
    ratioConvectiveHeatMachines = 0.75,
    lightingPower = 11.3,
    ratioConvectiveHeatLighting = 0.9,
    useConstantACHrate = false,
    baseACH = 0.2,
    maxUserACH = 1.0,
    maxOverheatingACH = {3.0, 2.0},
    maxSummerACH = {1.0, 283.15, 290.15},
    winterReduction = {0.2, 273.15, 283.15},
    withAHU = false,
    minAHU = 0.0,
    maxAHU = 0.5,
    hHeat = 31159.14047973688,
    lHeat = 0,
    KRHeat = 10000,
    TNHeat = 1,
    HeaterOn = true,
    hCool = 0,
    lCool = 0.0,
    KRCool = 10000,
    TNCool = 1,
    CoolerOn = false);
end Inffeldgasse25F_3_Storage;
