 
within Inffeldgasse.Inffeldgasse25F_3.Inffeldgasse25F_3_DataBase;
record Inffeldgasse25F_3_ICT "Inffeldgasse25F_3_ICT"
  extends AixLib.DataBase.ThermalZones.ZoneBaseRecord(
    T_start = 293.15,
    withAirCap = true,
    VAir = 84.64149345654548,
    AZone = 20.073914404296875,
    alphaRad = 4.999999999999999,
    lat = 0.88645272708792,
    nOrientations = 10,
    AWin = {0.06527128414005222, 0.32176401598181076, 0.07650441906303419, 0.2828511708985834, 0.3743719637768995, 0.01732994730639104, 0.01126306250227564, 0.0, 0.0, 0.3733977374672569},
    ATransparent = {0.06527128414005222, 0.32176401598181076, 0.07650441906303419, 0.2828511708985834, 0.3743719637768995, 0.01732994730639104, 0.01126306250227564, 0.0, 0.0, 0.3733977374672569},
    alphaWin = 2.7000000000000006,
    RWin = 0.10721715318920787,
    gWin = 0.78,
    UWin= 3.0017821341055915,
    ratioWinConRad = 0.030000000000000002,
    AExt = {0.8167730961309237, 4.026398362150768, 0.9573390817887792, 3.539461949352544, 4.6847086278028245, 0.21685852980700143, 0.14094048482577357, 10.036957202148438, 10.036957202148438, 4.672517633711891},
    alphaExt = 2.186980002992378,
    nExt = 1,
    RExt = {0.0007725012208808658},
    RExtRem = 0.02004707319223549 ,
    CExt = {12594886.532171713},
    AInt = 124.78932226513922,
    alphaInt = 2.378275127391975,
    nInt = 1,
    RInt = {0.0005429518102285038},
    CInt = {26619305.54030514},
    AFloor = 0.0,
    alphaFloor = 0.0,
    nFloor = 1,
    RFloor = {0.00001},
    RFloorRem =  0.00001,
    CFloor = {0.00001},
    ARoof = 0.0,
    alphaRoof = 0.0,
    nRoof = 1,
    RRoof = {0.00001},
    RRoofRem = 0.00001,
    CRoof = {0.00001},
    nOrientationsRoof = 1,
    tiltRoof = {0.0},
    aziRoof = {0.0},
    wfRoof = {0.0},
    aRoof = 0.0,
    aExt = 0.5,
    TSoil = 286.15,
    alphaWallOut = 20.000000000000007,
    alphaRadWall = 5.0,
    alphaWinOut = 19.999999999999996,
    alphaRoofOut = 0.0,
    alphaRadRoof = 0.0,
    tiltExtWalls = {1.5707963267948966, 1.5707963267948966, 1.5707963267948966, 1.5707963267948966, 1.5707963267948966, 1.5707963267948966, 1.5707963267948966, 0.0, 0.0, 1.5707963267948966},
    aziExtWalls = {2.6126429318500666, 2.6126429317082045, -2.1014864813585783, -2.099033618538367, -0.5364622247293448, -0.5253064151284259, -2.0991770074017873, 0.0, 0.0, 1.0545162807873834},
    wfWall = {0.019528810562927636, 0.09627003048680291, 0.022889702980304027, 0.08462752045950914, 0.11201004020363721, 0.005185025275216808, 0.00336984658511391, 0.20706670804348387, 0.0, 0.11171855703003199},
    wfWin = {0.042863982781814275, 0.2113040584778162, 0.050240839362287716, 0.18574979608487888, 0.245851964163826, 0.011380664142550147, 0.007396510173327424, 0.0, 0.0, 0.24521218481349927},
    wfGro = 0.3373337583729724,
    nrPeople = 0.6022174321289062,
    ratioConvectiveHeatPeople = 0.5,
    nrPeopleMachines = 30.11087160644531,
    ratioConvectiveHeatMachines = 0.75,
    lightingPower = 7.1,
    ratioConvectiveHeatLighting = 0.9,
    useConstantACHrate = false,
    baseACH = 0.2,
    maxUserACH = 1.0,
    maxOverheatingACH = {3.0, 2.0},
    maxSummerACH = {1.0, 283.15, 290.15},
    winterReduction = {0.2, 273.15, 283.15},
    withAHU = false,
    minAHU = 0.0,
    maxAHU = 130.0,
    hHeat = 1270.6005062292706,
    lHeat = 0,
    KRHeat = 10000,
    TNHeat = 1,
    HeaterOn = true,
    hCool = 0,
    lCool = 0.0,
    KRCool = 10000,
    TNCool = 1,
    CoolerOn = false);
end Inffeldgasse25F_3_ICT;
