 
within Inffeldgasse.Inffeldgasse25F_3.Inffeldgasse25F_3_DataBase;
record Inffeldgasse25F_3_Meeting "Inffeldgasse25F_3_Meeting"
  extends AixLib.DataBase.ThermalZones.ZoneBaseRecord(
    T_start = 293.15,
    withAirCap = true,
    VAir = 129.38386329461036,
    AZone = 30.685193408203123,
    alphaRad = 4.999999999999999,
    lat = 0.88645272708792,
    nOrientations = 10,
    AWin = {0.09977436076994356, 0.49185180644631016, 0.11694544712360266, 0.43236922853979637, 0.5722688601603286, 0.02649073689069584, 0.017216833961244234, 0.0, 0.0, 0.570779647736052},
    ATransparent = {0.09977436076994356, 0.49185180644631016, 0.11694544712360266, 0.43236922853979637, 0.5722688601603286, 0.02649073689069584, 0.017216833961244234, 0.0, 0.0, 0.570779647736052},
    alphaWin = 2.7,
    RWin = 0.07014027668527503,
    gWin = 0.7800000000000001,
    UWin= 3.001782134105592,
    ratioWinConRad = 0.029999999999999992,
    AExt = {1.2485278117968615, 6.154794226611937, 1.4633984329250822, 5.410458184160155, 7.161094114979249, 0.3314921940646534, 0.2154430844339481, 15.342596704101561, 15.342596704101561, 7.142458835183572},
    alphaExt = 2.186980002992378,
    nExt = 1,
    RExt = {0.0005053617612536144},
    RExtRem = 0.013114573728253882 ,
    CExt = {19252673.96334696},
    AInt = 381.50850022203326,
    alphaInt = 2.3782751273919747,
    nInt = 1,
    RInt = {0.0001775965368572735},
    CInt = {81381092.14229529},
    AFloor = 0.0,
    alphaFloor = 0.0,
    nFloor = 1,
    RFloor = {0.00001},
    RFloorRem =  0.00001,
    CFloor = {0.00001},
    ARoof = 0.0,
    alphaRoof = 0.0,
    nRoof = 1,
    RRoof = {0.00001},
    RRoofRem = 0.00001,
    CRoof = {0.00001},
    nOrientationsRoof = 1,
    tiltRoof = {0.0},
    aziRoof = {0.0},
    wfRoof = {0.0},
    aRoof = 0.0,
    aExt = 0.5,
    TSoil = 286.15,
    alphaWallOut = 20.0,
    alphaRadWall = 5.0,
    alphaWinOut = 20.000000000000004,
    alphaRoofOut = 0.0,
    alphaRadRoof = 0.0,
    tiltExtWalls = {1.5707963267948966, 1.5707963267948966, 1.5707963267948966, 1.5707963267948966, 1.5707963267948966, 1.5707963267948966, 1.5707963267948966, 0.0, 0.0, 1.5707963267948966},
    aziExtWalls = {2.6126429318500666, 2.6126429317082045, -2.1014864813585783, -2.099033618538367, -0.5364622247293448, -0.5253064151284259, -2.0991770074017873, 0.0, 0.0, 1.0545162807873834},
    wfWall = {0.01952881056292764, 0.09627003048680292, 0.02288970298030403, 0.08462752045950918, 0.11201004020363721, 0.005185025275216808, 0.00336984658511391, 0.20706670804348393, 0.0, 0.11171855703003199},
    wfWin = {0.04286398278181427, 0.21130405847781622, 0.050240839362287716, 0.18574979608487885, 0.24585196416382596, 0.011380664142550146, 0.007396510173327425, 0.0, 0.0, 0.2452121848134993},
    wfGro = 0.33733375837297247,
    nrPeople = 7.3644464179687485,
    ratioConvectiveHeatPeople = 0.5,
    nrPeopleMachines = 0.6137038681640624,
    ratioConvectiveHeatMachines = 0.75,
    lightingPower = 15.9,
    ratioConvectiveHeatLighting = 0.9,
    useConstantACHrate = false,
    baseACH = 0.2,
    maxUserACH = 1.0,
    maxOverheatingACH = {3.0, 2.0},
    maxSummerACH = {1.0, 283.15, 290.15},
    winterReduction = {0.2, 273.15, 283.15},
    withAHU = false,
    minAHU = 0.0,
    maxAHU = 12.0,
    hHeat = 1942.2530899035985,
    lHeat = 0,
    KRHeat = 10000,
    TNHeat = 1,
    HeaterOn = true,
    hCool = 0,
    lCool = 0.0,
    KRCool = 10000,
    TNCool = 1,
    CoolerOn = false);
end Inffeldgasse25F_3_Meeting;
