 
within Inffeldgasse.Inffeldgasse25F_3.Inffeldgasse25F_3_DataBase;
record Inffeldgasse25F_3_Office "Inffeldgasse25F_3_Office"
  extends AixLib.DataBase.ThermalZones.ZoneBaseRecord(
    T_start = 293.15,
    withAirCap = true,
    VAir = 756.4689333446026,
    AZone = 179.40719140625,
    alphaRad = 4.999999999999999,
    lat = 0.88645272708792,
    nOrientations = 10,
    AWin = {0.5833509863198127, 2.8757110965131862, 0.6837452166941476, 2.527934170428756, 3.345885670812617, 0.1548834527655657, 0.10066170301761335, 0.0, 0.0, 3.337178689080661},
    ATransparent = {0.5833509863198127, 2.8757110965131862, 0.6837452166941476, 2.527934170428756, 3.345885670812617, 0.1548834527655657, 0.10066170301761335, 0.0, 0.0, 3.337178689080661},
    alphaWin = 2.7000000000000006,
    RWin = 0.011996553420865636,
    gWin = 0.7800000000000002,
    UWin= 3.0017821341055915,
    ratioWinConRad = 0.03000000000000001,
    AExt = {7.299770450434414, 35.98524966717853, 8.556055008902442, 31.633338402932818, 41.868785556384914, 1.9381361792015388, 1.2596315810041887, 89.703595703125, 89.703595703125, 41.75983062282017},
    alphaExt = 2.186980002992378,
    nExt = 1,
    RExt = {8.643535001929187e-05},
    RExtRem = 0.002243071909009276 ,
    CExt = {112564653.47554024},
    AInt = 3903.491606549859,
    alphaInt = 2.3782751273919747,
    nInt = 1,
    RInt = {1.735743156392516e-05},
    CInt = {832669285.0209894},
    AFloor = 0.0,
    alphaFloor = 0.0,
    nFloor = 1,
    RFloor = {0.00001},
    RFloorRem =  0.00001,
    CFloor = {0.00001},
    ARoof = 0.0,
    alphaRoof = 0.0,
    nRoof = 1,
    RRoof = {0.00001},
    RRoofRem = 0.00001,
    CRoof = {0.00001},
    nOrientationsRoof = 1,
    tiltRoof = {0.0},
    aziRoof = {0.0},
    wfRoof = {0.0},
    aRoof = 0.0,
    aExt = 0.5,
    TSoil = 286.15,
    alphaWallOut = 20.000000000000004,
    alphaRadWall = 5.0,
    alphaWinOut = 20.0,
    alphaRoofOut = 0.0,
    alphaRadRoof = 0.0,
    tiltExtWalls = {1.5707963267948966, 1.5707963267948966, 1.5707963267948966, 1.5707963267948966, 1.5707963267948966, 1.5707963267948966, 1.5707963267948966, 0.0, 0.0, 1.5707963267948966},
    aziExtWalls = {2.6126429318500666, 2.6126429317082045, -2.1014864813585783, -2.099033618538367, -0.5364622247293448, -0.5253064151284259, -2.0991770074017873, 0.0, 0.0, 1.0545162807873834},
    wfWall = {0.01952881056292764, 0.09627003048680295, 0.022889702980304034, 0.08462752045950916, 0.11201004020363724, 0.005185025275216809, 0.00336984658511391, 0.20706670804348395, 0.0, 0.111718557030032},
    wfWin = {0.04286398278181429, 0.2113040584778163, 0.05024083936228773, 0.18574979608487885, 0.245851964163826, 0.011380664142550147, 0.007396510173327424, 0.0, 0.0, 0.2452121848134993},
    wfGro = 0.33733375837297247,
    nrPeople = 8.9703595703125,
    ratioConvectiveHeatPeople = 0.5,
    nrPeopleMachines = 12.558503398437502,
    ratioConvectiveHeatMachines = 0.75,
    lightingPower = 12.5,
    ratioConvectiveHeatLighting = 0.9,
    useConstantACHrate = false,
    baseACH = 0.2,
    maxUserACH = 1.0,
    maxOverheatingACH = {3.0, 2.0},
    maxSummerACH = {1.0, 283.15, 290.15},
    winterReduction = {0.2, 273.15, 283.15},
    withAHU = false,
    minAHU = 0.0,
    maxAHU = 2.6,
    hHeat = 11355.775641504104,
    lHeat = 0,
    KRHeat = 10000,
    TNHeat = 1,
    HeaterOn = true,
    hCool = 0,
    lCool = 0.0,
    KRCool = 10000,
    TNCool = 1,
    CoolerOn = false);
end Inffeldgasse25F_3_Office;
