 
within Inffeldgasse.Inffeldgasse25F_3.Inffeldgasse25F_3_DataBase;
record Inffeldgasse25F_3_Restroom "Inffeldgasse25F_3_Restroom"
  extends AixLib.DataBase.ThermalZones.ZoneBaseRecord(
    T_start = 293.15,
    withAirCap = true,
    VAir = 67.80544707418083,
    AZone = 16.08101044921875,
    alphaRad = 5.0,
    lat = 0.88645272708792,
    nOrientations = 10,
    AWin = {0.052288167676227106, 0.25776190926063314, 0.061286918813438826, 0.22658922137379703, 0.29990560585942355, 0.013882846071059851, 0.009022725819261683, 0.0, 0.0, 0.299125162984669},
    ATransparent = {0.052288167676227106, 0.25776190926063314, 0.061286918813438826, 0.22658922137379703, 0.29990560585942355, 0.013882846071059851, 0.009022725819261683, 0.0, 0.0, 0.299125162984669},
    alphaWin = 2.7,
    RWin = 0.1338390993892493,
    gWin = 0.78,
    UWin= 3.0017821341055915,
    ratioWinConRad = 0.029999999999999995,
    AExt = {0.6543086928133285, 3.225507134801978, 0.7669146867735724, 2.8354272836775145, 3.7528728517003547, 0.17372318191623545, 0.11290600146805838, 8.040505224609374, 8.040505224609374, 3.743106769240588},
    alphaExt = 2.1869800029923776,
    nExt = 1,
    RExt = {0.0009643127485145489},
    RExtRem = 0.025024747828402815 ,
    CExt = {10089636.622502685},
    AInt = 217.75664903310835,
    alphaInt = 2.4784543821652893,
    nInt = 1,
    RInt = {0.00030629351393868834},
    CInt = {39347257.60894763},
    AFloor = 0.0,
    alphaFloor = 0.0,
    nFloor = 1,
    RFloor = {0.00001},
    RFloorRem =  0.00001,
    CFloor = {0.00001},
    ARoof = 0.0,
    alphaRoof = 0.0,
    nRoof = 1,
    RRoof = {0.00001},
    RRoofRem = 0.00001,
    CRoof = {0.00001},
    nOrientationsRoof = 1,
    tiltRoof = {0.0},
    aziRoof = {0.0},
    wfRoof = {0.0},
    aRoof = 0.0,
    aExt = 0.5,
    TSoil = 286.15,
    alphaWallOut = 20.0,
    alphaRadWall = 5.0,
    alphaWinOut = 19.999999999999996,
    alphaRoofOut = 0.0,
    alphaRadRoof = 0.0,
    tiltExtWalls = {1.5707963267948966, 1.5707963267948966, 1.5707963267948966, 1.5707963267948966, 1.5707963267948966, 1.5707963267948966, 1.5707963267948966, 0.0, 0.0, 1.5707963267948966},
    aziExtWalls = {2.6126429318500666, 2.6126429317082045, -2.1014864813585783, -2.099033618538367, -0.5364622247293448, -0.5253064151284259, -2.0991770074017873, 0.0, 0.0, 1.0545162807873834},
    wfWall = {0.019528810562927636, 0.09627003048680294, 0.02288970298030403, 0.08462752045950916, 0.11201004020363724, 0.005185025275216806, 0.0033698465851139097, 0.20706670804348393, 0.0, 0.11171855703003199},
    wfWin = {0.042863982781814275, 0.2113040584778162, 0.05024083936228771, 0.18574979608487885, 0.24585196416382593, 0.011380664142550147, 0.007396510173327421, 0.0, 0.0, 0.2452121848134993},
    wfGro = 0.3373337583729724,
    nrPeople = 0.0,
    ratioConvectiveHeatPeople = 0.5,
    nrPeopleMachines = 0.0,
    ratioConvectiveHeatMachines = 0.75,
    lightingPower = 11.1,
    ratioConvectiveHeatLighting = 0.9,
    useConstantACHrate = false,
    baseACH = 0.2,
    maxUserACH = 1.0,
    maxOverheatingACH = {3.0, 2.0},
    maxSummerACH = {1.0, 283.15, 290.15},
    winterReduction = {0.2, 273.15, 283.15},
    withAHU = false,
    minAHU = 0.0,
    maxAHU = 8.0,
    hHeat = 1017.8652556714047,
    lHeat = 0,
    KRHeat = 10000,
    TNHeat = 1,
    HeaterOn = true,
    hCool = 0,
    lCool = 0.0,
    KRCool = 10000,
    TNCool = 1,
    CoolerOn = false);
end Inffeldgasse25F_3_Restroom;
