 
within Inffeldgasse.Inffeldgasse25F_3.Inffeldgasse25F_3_DataBase;
record Inffeldgasse25F_3_Laboratory "Inffeldgasse25F_3_Laboratory"
  extends AixLib.DataBase.ThermalZones.ZoneBaseRecord(
    T_start = 293.15,
    withAirCap = true,
    VAir = 594.3355003747075,
    AZone = 140.95497934570312,
    alphaRad = 5.0,
    lat = 0.88645272708792,
    nOrientations = 10,
    AWin = {0.4583217962640723, 2.259362041376366, 0.537198604701469, 1.9861238893886903, 2.6287644431963764, 0.12168739566367769, 0.07908695386475292, 0.0, 0.0, 2.6219236224880684},
    ATransparent = {0.4583217962640723, 2.259362041376366, 0.537198604701469, 1.9861238893886903, 2.6287644431963764, 0.12168739566367769, 0.07908695386475292, 0.0, 0.0, 2.6219236224880684},
    alphaWin = 2.7000000000000006,
    RWin = 0.015269187124733906,
    gWin = 0.7800000000000001,
    UWin= 3.0017821341055915,
    ratioWinConRad = 0.030000000000000002,
    AExt = {5.735215991088257, 28.272557436682643, 6.722241999372437, 24.853388129377397, 32.895079383781685, 1.5227368700616966, 0.9896556659292056, 70.47748967285156, 70.47748967285156, 32.809476681404746},
    alphaExt = 2.186980002992378,
    nExt = 1,
    RExt = {0.00011001472567453578},
    RExtRem = 0.002854977051435943 ,
    CExt = {88438753.66050798},
    AInt = 438.1227295330569,
    alphaInt = 2.378275127391974,
    nInt = 1,
    RInt = {0.00015464750822961646},
    CInt = {93457698.06180704},
    AFloor = 0.0,
    alphaFloor = 0.0,
    nFloor = 1,
    RFloor = {0.00001},
    RFloorRem =  0.00001,
    CFloor = {0.00001},
    ARoof = 0.0,
    alphaRoof = 0.0,
    nRoof = 1,
    RRoof = {0.00001},
    RRoofRem = 0.00001,
    CRoof = {0.00001},
    nOrientationsRoof = 1,
    tiltRoof = {0.0},
    aziRoof = {0.0},
    wfRoof = {0.0},
    aRoof = 0.0,
    aExt = 0.5,
    TSoil = 286.15,
    alphaWallOut = 20.0,
    alphaRadWall = 4.999999999999999,
    alphaWinOut = 20.0,
    alphaRoofOut = 0.0,
    alphaRadRoof = 0.0,
    tiltExtWalls = {1.5707963267948966, 1.5707963267948966, 1.5707963267948966, 1.5707963267948966, 1.5707963267948966, 1.5707963267948966, 1.5707963267948966, 0.0, 0.0, 1.5707963267948966},
    aziExtWalls = {2.6126429318500666, 2.6126429317082045, -2.1014864813585783, -2.099033618538367, -0.5364622247293448, -0.5253064151284259, -2.0991770074017873, 0.0, 0.0, 1.0545162807873834},
    wfWall = {0.019528810562927636, 0.09627003048680294, 0.022889702980304034, 0.08462752045950918, 0.11201004020363724, 0.005185025275216809, 0.0033698465851139097, 0.20706670804348393, 0.0, 0.11171855703003199},
    wfWin = {0.042863982781814275, 0.21130405847781628, 0.05024083936228772, 0.18574979608487885, 0.24585196416382601, 0.011380664142550147, 0.007396510173327424, 0.0, 0.0, 0.2452121848134993},
    wfGro = 0.3373337583729724,
    nrPeople = 8.457298760742187,
    ratioConvectiveHeatPeople = 0.5,
    nrPeopleMachines = 25.371896282226565,
    ratioConvectiveHeatMachines = 0.75,
    lightingPower = 14.0,
    ratioConvectiveHeatLighting = 0.9,
    useConstantACHrate = false,
    baseACH = 0.2,
    maxUserACH = 1.0,
    maxOverheatingACH = {3.0, 2.0},
    maxSummerACH = {1.0, 283.15, 290.15},
    winterReduction = {0.2, 273.15, 283.15},
    withAHU = false,
    minAHU = 24.0,
    maxAHU = 48.0,
    hHeat = 8921.90055736466,
    lHeat = 0,
    KRHeat = 10000,
    TNHeat = 1,
    HeaterOn = true,
    hCool = 0,
    lCool = 0.0,
    KRCool = 10000,
    TNCool = 1,
    CoolerOn = false);
end Inffeldgasse25F_3_Laboratory;
